##FastQC	0.10.1
>>Basic Statistics	pass
#Measure	Value	
Filename	Control_2.fastq	
File type	Conventional base calls	
Encoding	Sanger / Illumina 1.9	
Total Sequences	27981682	
Filtered Sequences	0	
Sequence length	39	
%GC	51	
>>END_MODULE
>>Per base sequence quality	pass
#Base	Mean	Median	Lower Quartile	Upper Quartile	10th Percentile	90th Percentile
1	37.48814763887317	39.0	37.0	39.0	34.0	39.0
2	38.86785143938095	41.0	38.0	41.0	35.0	41.0
3	38.83775825198786	40.0	38.0	41.0	34.0	41.0
4	38.80000005003273	40.0	38.0	41.0	34.0	41.0
5	38.79688812130736	40.0	38.0	41.0	34.0	41.0
6	38.800697434843265	40.0	38.0	41.0	34.0	41.0
7	38.843629700316086	40.0	38.0	41.0	34.0	41.0
8	38.79545075238865	40.0	38.0	41.0	34.0	41.0
9	38.78181769058772	40.0	38.0	41.0	34.0	41.0
10	38.74086607802919	40.0	38.0	41.0	34.0	41.0
11	38.7299491860425	40.0	38.0	41.0	34.0	41.0
12	38.73859573559588	40.0	38.0	41.0	34.0	41.0
13	38.713432237561705	40.0	38.0	41.0	34.0	41.0
14	38.646432905641625	40.0	38.0	41.0	34.0	41.0
15	38.59798553210633	40.0	38.0	41.0	34.0	41.0
16	38.5647139081918	40.0	38.0	41.0	34.0	41.0
17	38.51467306361354	40.0	38.0	41.0	34.0	41.0
18	38.48760167455266	40.0	38.0	41.0	34.0	41.0
19	38.43265733632453	40.0	38.0	41.0	34.0	41.0
20	38.38522026660156	40.0	38.0	41.0	34.0	41.0
21	38.335946924134156	40.0	38.0	41.0	33.0	41.0
22	38.28950840053146	40.0	38.0	41.0	33.0	41.0
23	38.21822673133087	40.0	38.0	41.0	33.0	41.0
24	38.097664321966064	40.0	38.0	41.0	33.0	41.0
25	38.07914334813754	40.0	38.0	41.0	33.0	41.0
26	38.02987493746802	40.0	37.0	41.0	33.0	41.0
27	37.9633701076297	40.0	37.0	41.0	33.0	41.0
28	37.88678589800284	40.0	37.0	41.0	33.0	41.0
29	37.816318225616314	40.0	37.0	41.0	33.0	41.0
30	37.71657154133908	40.0	37.0	41.0	32.0	41.0
31	37.673319638183294	40.0	37.0	41.0	32.0	41.0
32	37.587893429708764	40.0	36.0	41.0	32.0	41.0
33	37.519603003136126	40.0	36.0	41.0	32.0	41.0
34	37.445488873756766	40.0	36.0	41.0	32.0	41.0
35	37.34441575027548	40.0	35.0	41.0	32.0	41.0
36	37.25228419077881	39.0	35.0	41.0	31.0	41.0
37	37.1333309770299	39.0	35.0	41.0	31.0	41.0
38	37.020206505098585	39.0	35.0	41.0	31.0	41.0
39	36.89013494614083	39.0	35.0	41.0	31.0	41.0
>>END_MODULE
>>Per sequence quality scores	pass
#Quality	Count
7	2.0
8	37.0
9	142.0
10	500.0
11	1018.0
12	1803.0
13	2636.0
14	3638.0
15	5166.0
16	7297.0
17	10377.0
18	15312.0
19	21420.0
20	30357.0
21	40770.0
22	55268.0
23	72960.0
24	93789.0
25	119521.0
26	150325.0
27	186060.0
28	228115.0
29	278384.0
30	335642.0
31	406743.0
32	493870.0
33	613089.0
34	790383.0
35	1044358.0
36	1425060.0
37	2024091.0
38	2915568.0
39	4611132.0
40	1.1996849E7
>>END_MODULE
>>Per base sequence content	pass
#Base	G	A	T	C
1	24.08440278893885	24.42001878228764	25.264821464270803	26.230756964502707
2	23.194123927217813	24.775737212652192	26.400979040502282	25.629159819627713
3	23.56746102682462	23.986681715559484	25.544543748299336	26.90131350931656
4	24.76032355739015	24.31868105712873	23.92909404088003	26.99190134460109
5	24.028419735454072	25.03431351982343	24.905096841569424	26.03216990315307
6	23.735245794016244	24.638047133835627	24.67642223937789	26.950284832770237
7	24.84443930139725	24.585430568469757	23.5657170287333	27.00441310139969
8	24.287896631803623	24.775018885569494	25.06739945082644	25.86968503180045
9	23.825068843252524	24.126583955889426	24.97559653490451	27.07275066595353
10	24.980228136392945	24.78904949316485	23.335441379113664	26.89528099132854
11	24.176731048548117	25.32274149924225	24.72874575588415	25.771781696325473
12	23.78735488452767	24.544600285286638	24.525941649969436	27.14210318021626
13	25.047958160628088	24.765384010868253	23.241279777248558	26.945378051255105
14	24.304625433167313	25.02913155828159	24.424832645871682	26.241410362679414
15	23.840168007055475	24.21856556014038	24.709275875553157	27.23199055725099
16	24.977015320237005	24.36407146646867	23.548123375857106	27.11078983743722
17	24.344930372663086	24.921110889617	24.578661854566143	26.155296883153774
18	24.004275368435678	24.198652532753393	24.46275745682479	27.33431464198614
19	24.89496521331348	24.55874882717915	23.310028324959163	27.2362576345482
20	24.265728557704286	25.03655427146946	24.661383829606812	26.036333341219446
21	23.806363748969773	24.1937743413709	24.808569406227974	27.191292503431352
22	24.98297278912683	24.686571736466735	23.19107550432458	27.139379970081855
23	24.51116055139216	25.085525594923137	24.363363860685716	26.03994999299899
24	24.14455642802316	24.171777808067436	24.26155439833817	27.422111365571233
25	25.022412877110106	24.475451475719005	22.952901830561864	27.549233816609025
26	24.376661846132052	24.88262857107732	24.256168732101237	26.484540850689392
27	23.874779936388386	24.302720615579865	24.33506677690069	27.487432671131064
28	24.95997917494738	24.772545839095734	22.96058542871011	27.306889557246773
29	24.380267776611856	25.020629567586393	24.27062461791968	26.328478037882068
30	24.068935527178102	24.337868609899864	24.146607770040415	27.446588092881623
31	24.964517858504717	24.768900597183542	22.986909793342658	27.27967175096908
32	24.251948113769572	24.97046103232822	24.39622464439414	26.381366209508062
33	24.041874966629955	24.203741576364138	24.17574468897188	27.57863876803403
34	25.0544695633379	24.452493599205365	22.946301083687533	27.546735753769198
35	24.507797637039832	24.843292122324883	24.112664135058072	26.53624610557721
36	23.785053378849778	24.215395629183405	24.065765596221127	27.933785395745687
37	25.226421342362475	24.362631238536697	22.93437185084156	27.476575568259264
38	24.799817251872135	24.933365335221808	24.040288214268177	26.226529198637884
39	24.35303924903442	24.296001934408377	23.936348787038604	27.4146100295186
>>END_MODULE
>>Per base GC content	pass
#Base	%GC
1	50.31515975344155
2	48.823283746845526
3	50.46877453614118
4	51.75222490199124
5	50.06058963860715
6	50.68553062678648
7	51.84885240279694
8	50.15758166360407
9	50.89781950920605
10	51.875509127721486
11	49.94851274487359
12	50.929458064743926
13	51.99333621188319
14	50.54603579584672
15	51.072158564306456
16	52.087805157674225
17	50.50022725581685
18	51.33859001042181
19	52.13122284786168
20	50.30206189892373
21	50.99765625240112
22	52.12235275920869
23	50.55111054439115
24	51.56666779359439
25	52.57164669371913
26	50.86120269682144
27	51.36221260751945
28	52.26686873219415
29	50.70874581449393
30	51.515523620059724
31	52.2441896094738
32	50.63331432327763
33	51.62051373466399
34	52.6012053171071
35	51.04404374261704
36	51.71883877459547
37	52.70299691062175
38	51.02634645051002
39	51.767649278553016
>>END_MODULE
>>Per sequence GC content	pass
#GC Content	Count
0	1538.0
1	1851.5
2	2165.0
3	2165.0
4	2421.5
5	2678.0
6	3772.5
7	4867.0
8	4867.0
9	6757.0
10	8647.0
11	8647.0
12	12712.5
13	16778.0
14	25888.0
15	34998.0
16	34998.0
17	44534.0
18	54070.0
19	72185.5
20	90301.0
21	90301.0
22	120781.0
23	151261.0
24	201775.0
25	252289.0
26	252289.0
27	306052.5
28	359816.0
29	451191.5
30	542567.0
31	542567.0
32	684840.0
33	827113.0
34	827113.0
35	948965.0
36	1070817.0
37	1251905.0
38	1432993.0
39	1432993.0
40	1590505.0
41	1748017.0
42	1872267.0
43	1996517.0
44	1996517.0
45	2130127.5
46	2263738.0
47	2337342.5
48	2410947.0
49	2410947.0
50	2422517.0
51	2434087.0
52	2434087.0
53	2372751.0
54	2311415.0
55	2171819.0
56	2032223.0
57	2032223.0
58	1896999.0
59	1761775.0
60	1593320.5
61	1424866.0
62	1424866.0
63	1287124.0
64	1149382.0
65	1041809.5
66	934237.0
67	934237.0
68	837228.0
69	740219.0
70	740219.0
71	650749.5
72	561280.0
73	490908.5
74	420537.0
75	420537.0
76	361852.5
77	303168.0
78	258563.0
79	213958.0
80	213958.0
81	180710.0
82	147462.0
83	124890.0
84	102318.0
85	102318.0
86	86301.5
87	70285.0
88	58707.5
89	47130.0
90	47130.0
91	37932.0
92	28734.0
93	28734.0
94	22622.0
95	16510.0
96	11914.0
97	7318.0
98	7318.0
99	4989.5
100	2661.0
>>END_MODULE
>>Per base N content	pass
#Base	N-Count
1	0.0
2	0.0
3	0.0
4	0.0
5	0.0
6	0.0
7	0.0
8	0.0
9	0.0
10	0.0
11	0.0
12	0.0
13	0.0
14	0.0
15	0.0
16	0.0
17	0.0
18	0.0
19	0.0
20	0.0
21	0.0
22	0.0
23	0.0
24	0.0
25	0.0
26	0.0
27	0.0
28	0.0
29	0.0
30	0.0
31	0.0
32	0.0
33	0.0
34	0.0
35	0.0
36	0.0
37	0.0
38	0.0
39	0.0
>>END_MODULE
>>Sequence Length Distribution	pass
#Length	Count
39	2.7981682E7
>>END_MODULE
>>Sequence Duplication Levels	fail
#Total Duplicate Percentage	87.38856195078385
#Duplication Level	Relative count
1	100.0
2	79.76352312604723
3	55.559419556763935
4	37.31782112484588
5	27.675381745755747
6	21.47892889886504
7	17.02127659574468
8	14.567987101261421
9	12.184249628528974
10++	266.7225190477696
>>END_MODULE
>>Overrepresented sequences	pass
>>END_MODULE
>>Kmer Content	warn
#Sequence	Count	Obs/Exp Overall	Obs/Exp Max	Max Obs/Exp Position
AAAAA	4326005	4.9027243	5.7735863	11
TTTTT	2728620	3.372465	4.3355927	1
TTCTT	3001200	3.3388405	3.9212077	11
CAGCA	3351180	3.216898	3.6352544	27
CTTCT	3113065	3.1173475	3.6667373	1
>>END_MODULE
