##FastQC	0.10.1
>>Basic Statistics	pass
#Measure	Value	
Filename	Sample_7_L001_trimmed.fastq	
File type	Conventional base calls	
Encoding	Sanger / Illumina 1.9	
Total Sequences	15909715	
Filtered Sequences	0	
Sequence length	5-51	
%GC	52	
>>END_MODULE
>>Per base sequence quality	pass
#Base	Mean	Median	Lower Quartile	Upper Quartile	10th Percentile	90th Percentile
1	32.43805385577303	33.0	31.0	34.0	31.0	34.0
2	32.6537873871405	34.0	31.0	34.0	31.0	34.0
3	32.732122417026325	34.0	31.0	34.0	31.0	34.0
4	36.154383532326	37.0	35.0	37.0	35.0	37.0
5	36.235141107178855	37.0	35.0	37.0	35.0	37.0
6	36.13811359179839	37.0	35.0	37.0	35.0	37.0
7	36.117756605853515	37.0	35.0	37.0	35.0	37.0
8	36.119694635556	37.0	35.0	37.0	35.0	37.0
9	37.890299717548665	39.0	38.0	39.0	35.0	39.0
10	37.90168858850821	39.0	38.0	39.0	35.0	39.0
11	37.90848898623646	39.0	38.0	39.0	35.0	39.0
12	37.89307101574909	39.0	38.0	39.0	35.0	39.0
13	37.78956778413061	39.0	38.0	39.0	35.0	39.0
14	39.20616608059393	41.0	39.0	41.0	36.0	41.0
15	39.17727338424257	41.0	39.0	41.0	36.0	41.0
16	39.121340873044424	40.0	38.0	41.0	36.0	41.0
17	39.137139928988525	40.0	38.0	41.0	36.0	41.0
18	39.14033012855052	40.0	38.0	41.0	36.0	41.0
19	39.185086394758635	41.0	39.0	41.0	36.0	41.0
20	39.17737758153951	40.0	39.0	41.0	36.0	41.0
21	39.141699947053276	40.0	39.0	41.0	36.0	41.0
22	39.04865399086039	40.0	39.0	41.0	35.0	41.0
23	39.056385982455986	40.0	39.0	41.0	35.0	41.0
24	39.089130171013565	40.0	38.0	41.0	35.0	41.0
25	39.069217593458674	40.0	38.0	41.0	35.0	41.0
26	39.03217109911587	40.0	38.0	41.0	35.0	41.0
27	38.9950054029752	40.0	38.0	41.0	35.0	41.0
28	38.97396537996849	40.0	38.0	41.0	35.0	41.0
29	38.93528194736528	40.0	38.0	41.0	35.0	41.0
30	38.90712649962242	40.0	38.0	41.0	35.0	41.0
31	38.83387161382805	40.0	38.0	41.0	35.0	41.0
32	38.800956633025955	40.0	38.0	41.0	35.0	41.0
33	38.761434445503156	40.0	38.0	41.0	35.0	41.0
34	38.70989268438576	40.0	38.0	41.0	35.0	41.0
35	38.64716688520583	40.0	38.0	41.0	34.0	41.0
36	38.59604112886302	40.0	38.0	41.0	34.0	41.0
37	38.53781946327039	40.0	38.0	41.0	34.0	41.0
38	38.48150792774829	40.0	38.0	41.0	34.0	41.0
39	38.406286984501335	40.0	37.0	41.0	34.0	41.0
40	38.31320020353264	40.0	37.0	41.0	34.0	41.0
41	38.23189963313053	40.0	37.0	41.0	33.0	41.0
42	38.14738988319026	40.0	37.0	41.0	33.0	41.0
43	38.088027785200104	40.0	37.0	41.0	33.0	41.0
44	37.99090501789556	40.0	36.0	41.0	33.0	41.0
45	37.91825050157245	40.0	36.0	41.0	33.0	41.0
46	37.83782320750651	40.0	36.0	41.0	33.0	41.0
47	37.73489080338388	39.0	36.0	41.0	33.0	41.0
48	37.6286921427552	39.0	35.0	41.0	33.0	41.0
49	37.50890663825144	39.0	35.0	41.0	33.0	41.0
50	37.387861548612236	39.0	35.0	41.0	33.0	41.0
51	37.232736682392805	39.0	35.0	41.0	32.0	41.0
>>END_MODULE
>>Per sequence quality scores	pass
#Quality	Count
23	1.0
24	16.0
25	110.0
26	974.0
27	7159.0
28	34532.0
29	99719.0
30	188432.0
31	269617.0
32	353955.0
33	460242.0
34	622735.0
35	940117.0
36	1292188.0
37	1866388.0
38	2884033.0
39	6771806.0
40	117691.0
>>END_MODULE
>>Per base sequence content	fail
#Base	G	A	T	C
1	36.085429563006	10.21569525286908	12.252167936383525	41.446707247741394
2	25.230967368051534	10.93900173573191	31.625129677055813	32.204901219160746
3	23.858937762241496	16.66692960873278	22.0650275633473	37.409105065678425
4	26.854692243072865	22.592390875637935	18.967297654294875	31.58561922699432
5	27.612443089018253	26.713149795580875	21.62076441972719	24.05364269567368
6	24.84014173754595	29.335914200866313	21.834637428043603	23.989306633544132
7	19.980094317968856	23.930099634035756	34.73935554848433	21.350450499511055
8	22.564109816439895	21.77869924523267	28.925505473927625	26.731685464399813
9	21.932046258547373	20.296082086869596	29.960423474674368	27.81144817990866
10	22.507024486080716	31.864434357784745	24.047660902764907	21.58088025336963
11	26.57767532581768	25.542205759004837	20.6071605947705	27.272958320406982
12	24.802583052026534	21.520398803660974	25.113951658554207	28.56306648575828
13	24.32695022830688	24.3280201700782	25.20715780732321	26.137871794291705
14	23.887832320314484	23.914548519197602	25.945910917935873	26.25170824255204
15	24.316138795383523	23.79091220672204	25.031893717419557	26.861055280474876
16	25.1678916546488	23.53586693903684	24.178731455730983	27.117509950583376
17	24.698184218359547	24.389322401905826	24.13500483824455	26.77748854149008
18	24.377984771586945	23.967246033227063	24.442588567388487	27.212180627797505
19	25.049483229361314	23.82009871464238	23.705364070396246	27.425053985600062
20	25.089159638638737	23.758118477487987	24.337292130708875	26.8154297531644
21	24.521118996532767	23.646083755156397	24.47166487101092	27.361132377299917
22	25.318995355579784	24.264712299436027	23.344335642719074	27.071956702265116
23	24.93108606359252	24.551803001056186	23.982323821701147	26.53478711365015
24	24.591215838010715	24.088284052386687	24.073442453274772	27.247057656327822
25	25.303840639284818	24.1312051992325	23.35964922072436	27.205304940758325
26	24.987931124612782	24.253552620262962	23.80174464978002	26.956771605344233
27	24.491707893012904	23.859496524860756	24.269126562655533	27.37966901947081
28	25.198322570674968	24.044068030918996	23.53040588482686	27.227203513579173
29	25.0211781934594	24.151477637482866	23.931253033179793	26.896091135877942
30	24.580590930679943	23.865446580809614	24.150285146092525	27.403677342417915
31	25.159972227277194	23.986783135105956	23.41404958031675	27.439195057300097
32	24.826033735639243	24.3768282528326	24.053119375516125	26.744018636012036
33	24.462470117674144	23.86522389503893	24.412288377091727	27.2600176101952
34	25.195450665348503	24.19139439682477	23.293864504431156	27.319290433395572
35	25.16273064678331	24.263013729074412	23.84254346243812	26.731712161704163
36	24.750172993601673	23.8743711128693	23.829217204997487	27.54623868853153
37	25.209373420298025	24.03760501523224	23.130583477603462	27.622438086866275
38	25.053387151265532	24.14876822129733	23.664739208306447	27.133105419130683
39	24.57486881745753	23.894014592727945	23.928024946647355	27.603091643167165
40	25.13954764582301	24.18597000793766	23.08024389199222	27.594238454247105
41	24.97763901547552	24.252349805270658	23.675404912686542	27.09460626656728
42	24.697731785108235	24.003442729831466	23.78231605645577	27.51650942860453
43	25.16441074245826	24.167583510774975	23.165694146216467	27.5023116005503
44	24.91638316086929	24.113203193844864	23.85082350414879	27.119590141137056
45	24.70399914425759	23.785684862418744	23.783346729334355	27.72696926398931
46	25.366893209697473	23.930668007302256	23.077633629968084	27.624805153032188
47	25.165200383123025	24.069032427125865	23.637684172368495	27.128083017382615
48	24.53595460678764	23.84003028953371	23.696236023407838	27.92777908027081
49	25.569579626813592	23.7298443423127	23.02869881705497	27.671877213818735
50	25.46154478060567	24.117868265579723	23.50176646956015	26.918820484254457
51	25.058613814137388	23.868079223061084	23.511258467689615	27.562048495111913
>>END_MODULE
>>Per base GC content	fail
#Base	%GC
1	77.5321368107474
2	57.43586858721228
3	61.26804282791992
4	58.440311470067186
5	51.66608578469193
6	48.82944837109008
7	41.33054481747991
8	49.295795280839705
9	49.74349443845603
10	44.08790473945035
11	53.85063364622466
12	53.36564953778482
13	50.46482202259859
14	50.13954056286652
15	51.1771940758584
16	52.285401605232174
17	51.47567275984962
18	51.590165399384446
19	52.47453721496137
20	51.904589391803135
21	51.88225137383269
22	52.3909520578449
23	51.46587317724267
24	51.83827349433854
25	52.50914558004314
26	51.944702729957015
27	51.87137691248371
28	52.425526084254145
29	51.917269329337344
30	51.984268273097854
31	52.5991672845773
32	51.57005237165128
33	51.722487727869336
34	52.514741098744075
35	51.894442808487476
36	52.29641168213321
37	52.831811507164296
38	52.18649257039621
39	52.177960460624696
40	52.73378610007013
41	52.07224528204281
42	52.21424121371277
43	52.66672234300855
44	52.03597330200635
45	52.430968408246905
46	52.991698362729664
47	52.29328340050564
48	52.46373368705846
49	53.24145684063233
50	52.38036526486013
51	52.6206623092493
>>END_MODULE
>>Per sequence GC content	pass
#GC Content	Count
0	86943.0
1	84824.0
2	78965.0
3	47366.5
4	13024.0
5	5379.0
6	4578.5
7	5407.5
8	6643.5
9	7505.0
10	8917.0
11	10696.5
12	11316.5
13	12414.0
14	13975.0
15	16124.0
16	17853.0
17	20717.5
18	24000.5
19	29119.5
20	34130.0
21	42141.5
22	50479.0
23	60112.0
24	70079.5
25	84737.0
26	112059.0
27	127896.0
28	153452.0
29	179863.0
30	212579.0
31	247670.0
32	287505.5
33	324838.0
34	374540.5
35	428749.5
36	495979.0
37	560976.0
38	629616.5
39	701808.0
40	770109.5
41	833102.5
42	889458.0
43	946784.0
44	1014745.0
45	1084189.5
46	1122942.5
47	1159033.0
48	1184247.5
49	1208023.0
50	1223794.5
51	1238329.5
52	1233416.5
53	1228157.5
54	1204588.5
55	1179168.5
56	1134375.0
57	1090182.0
58	1038109.0
59	982615.5
60	927616.5
61	870414.5
62	822240.0
63	777000.0
64	731941.5
65	684157.0
66	642204.0
67	605530.0
68	559969.0
69	509824.0
70	467190.5
71	425555.5
72	387266.0
73	349395.5
74	320876.5
75	267047.0
76	234841.5
77	213220.5
78	191951.0
79	170452.0
80	149631.0
81	133666.5
82	117477.5
83	105276.5
84	93728.0
85	84904.0
86	75712.0
87	69537.0
88	62849.5
89	56538.5
90	48063.5
91	40851.0
92	34224.5
93	27121.0
94	21423.5
95	17221.0
96	14486.5
97	12876.5
98	11530.0
99	10877.0
100	10443.0
>>END_MODULE
>>Per base N content	pass
#Base	N-Count
1	0.0
2	0.0
3	0.0
4	0.0
5	0.0
6	0.0
7	0.0
8	0.0
9	0.0
10	0.0
11	0.0
12	0.0
13	0.0
14	0.0
15	0.0
16	0.0
17	0.0
18	0.0
19	0.0
20	0.0
21	0.0
22	0.0
23	0.0
24	0.0
25	0.0
26	0.0
27	0.0
28	0.0
29	0.0
30	0.0
31	0.0
32	0.0
33	0.0
34	0.0
35	0.0
36	0.0
37	0.0
38	0.0
39	0.0
40	0.0
41	0.0
42	0.0
43	0.0
44	0.0
45	0.0
46	0.0
47	0.0
48	0.0
49	0.0
50	0.0
51	0.0
>>END_MODULE
>>Sequence Length Distribution	warn
#Length	Count
5	49415.0
6	49739.0
7	41993.0
8	51170.0
9	45433.0
10	51419.0
11	55393.0
12	50290.0
13	52334.0
14	54322.0
15	64383.0
16	47987.0
17	76917.0
18	49134.0
19	59810.0
20	49554.0
21	49937.0
22	44354.0
23	48601.0
24	46412.0
25	45793.0
26	47356.0
27	50195.0
28	46399.0
29	48525.0
30	48756.0
31	46649.0
32	48111.0
33	45024.0
34	45670.0
35	45508.0
36	46636.0
37	45574.0
38	44663.0
39	44576.0
40	41044.0
41	44143.0
42	41033.0
43	37519.0
44	22427.0
45	41882.0
46	56712.0
47	63006.0
48	39760.0
49	4129.0
50	0.0
51	1.3780028E7
>>END_MODULE
>>Sequence Duplication Levels	fail
#Total Duplicate Percentage	75.88448408909584
#Duplication Level	Relative count
1	100.0
2	63.20642152077232
3	35.374407925660776
4	20.978414144701162
5	14.274867122247532
6	10.449434139639152
7	8.402935965578335
8	7.126586397657013
9	5.893625483602705
10++	95.86542285858914
>>END_MODULE
>>Overrepresented sequences	warn
#Sequence	Count	Percentage	Possible Source
ATATATATATATATATA	26524	0.1667157456937475	No Hit
>>END_MODULE
>>Kmer Content	warn
#Sequence	Count	Obs/Exp Overall	Obs/Exp Max	Max Obs/Exp Position
AAAAA	2533515	5.1339498	8.283339	10
TTCTT	2135250	3.370035	6.054612	6
CAGCA	2376455	3.277699	4.7077703	9
CTTCT	2295455	3.1535144	5.0998654	5
TTTTT	1726120	3.1297975	4.377641	11
TCTTC	2108055	2.8960629	5.3569946	7
ATATA	1281945	2.4847593	7.864633	7
CTCCT	1879490	2.247535	6.6765065	1
TTGAA	1169700	2.1292818	6.0185657	7
TATAT	1117545	2.1184754	7.402796	8
CTCCA	1677465	2.0510511	6.804224	1
GCCAG	1566780	2.0295095	5.976772	1
TCCAG	1479410	1.9955903	5.103378	2
GTCCA	1155840	1.5591236	5.087005	1
>>END_MODULE
