##FastQC	0.10.1
>>Basic Statistics	pass
#Measure	Value	
Filename	Sample_4_L002_shorten.fastq	
File type	Conventional base calls	
Encoding	Sanger / Illumina 1.9	
Total Sequences	16210260	
Filtered Sequences	0	
Sequence length	8-39	
%GC	52	
>>END_MODULE
>>Per base sequence quality	pass
#Base	Mean	Median	Lower Quartile	Upper Quartile	10th Percentile	90th Percentile
1	37.518413276529806	39.0	37.0	39.0	34.0	39.0
2	38.85445298224705	40.0	38.0	41.0	35.0	41.0
3	38.82651462715589	40.0	38.0	41.0	34.0	41.0
4	38.79768535483083	40.0	38.0	41.0	34.0	41.0
5	38.78555100288336	40.0	38.0	41.0	34.0	41.0
6	38.78189331941622	40.0	38.0	41.0	34.0	41.0
7	38.81180567122304	40.0	38.0	41.0	34.0	41.0
8	38.729684286371715	40.0	38.0	41.0	34.0	41.0
9	38.73429997470494	40.0	38.0	41.0	34.0	41.0
10	38.74105499072569	40.0	38.0	41.0	34.0	41.0
11	38.71833534460667	40.0	38.0	41.0	34.0	41.0
12	38.695204841362575	40.0	38.0	41.0	34.0	41.0
13	38.6632215791082	40.0	38.0	41.0	34.0	41.0
14	38.60491521568248	40.0	38.0	41.0	34.0	41.0
15	38.5497256584201	40.0	38.0	41.0	34.0	41.0
16	38.503349893570466	40.0	38.0	41.0	34.0	41.0
17	38.45760515303304	40.0	38.0	41.0	34.0	41.0
18	38.424920408049346	40.0	38.0	41.0	34.0	41.0
19	38.38269580862745	40.0	38.0	41.0	34.0	41.0
20	38.33008468472402	40.0	38.0	41.0	33.0	41.0
21	38.266069227359466	40.0	38.0	41.0	33.0	41.0
22	38.2181869433484	40.0	38.0	41.0	33.0	41.0
23	38.1478449435971	40.0	38.0	41.0	33.0	41.0
24	37.95166245342341	40.0	37.0	41.0	33.0	41.0
25	37.9601868266372	40.0	37.0	41.0	33.0	41.0
26	37.92219783281085	40.0	37.0	41.0	33.0	41.0
27	37.857457958555834	40.0	37.0	41.0	33.0	41.0
28	37.78597991379187	40.0	37.0	41.0	33.0	41.0
29	37.726127879088146	40.0	36.0	41.0	33.0	41.0
30	37.599345800835046	40.0	36.0	41.0	32.0	41.0
31	37.56592152514771	40.0	36.0	41.0	32.0	41.0
32	37.49550610863669	40.0	36.0	41.0	32.0	41.0
33	37.4297788757399	39.0	35.0	41.0	32.0	41.0
34	37.35715322245152	39.0	35.0	41.0	32.0	41.0
35	37.28346751970645	39.0	35.0	41.0	32.0	41.0
36	37.214207033027556	39.0	35.0	41.0	32.0	41.0
37	37.113337331984766	39.0	35.0	41.0	31.0	41.0
38	37.10225762593242	39.0	35.0	41.0	31.0	41.0
39	37.26051889195071	39.0	35.0	41.0	32.0	41.0
>>END_MODULE
>>Per sequence quality scores	pass
#Quality	Count
9	1.0
10	5.0
11	37.0
12	80.0
13	183.0
14	377.0
15	673.0
16	1308.0
17	2095.0
18	3750.0
19	6225.0
20	10332.0
21	16911.0
22	25637.0
23	36786.0
24	51279.0
25	69005.0
26	89368.0
27	112965.0
28	140029.0
29	170234.0
30	206419.0
31	249584.0
32	302976.0
33	376278.0
34	494347.0
35	654468.0
36	888872.0
37	1256365.0
38	1777115.0
39	2723828.0
40	6537707.0
41	5021.0
>>END_MODULE
>>Per base sequence content	pass
#Base	G	A	T	C
1	24.772136555268677	24.2794361619313	24.71578951524334	26.232637767556678
2	24.311251022500567	24.110112977830088	25.111595989206837	26.46704001046251
3	24.96716119959939	23.862865737069367	24.312451785892193	26.85752127743905
4	25.532183045317165	24.03922725725727	23.604891198838956	26.823698498586605
5	25.018104278050618	24.434979655165247	23.83149755121094	26.715418515573198
6	24.955407865809416	24.365559141625013	23.733570434227513	26.94546255833806
7	25.349206326684847	24.217515586888524	23.481962873017636	26.95131521340899
8	25.37467186658615	24.16321622657169	23.97957317255606	26.4825387342861
9	25.109665852384744	24.086810946441556	23.75217901904272	27.051344182130983
10	25.501169842694544	24.76591420528209	23.03362625068749	26.699289701335875
11	25.151062529703307	24.94723458359822	23.491090551108204	26.410612335590272
12	25.113074723066404	24.51778440775491	23.399511343589047	26.96962952558964
13	25.53680746730264	24.62372783230974	23.005284531359678	26.834180169027945
14	25.256236844445763	24.56993690275019	23.358409178500487	26.81541707430356
15	25.09446756939865	24.23296262975274	23.585210606365585	27.087359194483028
16	25.594988307645462	24.435905610136494	23.077450702743167	26.891655379474884
17	25.292498857889857	24.384756142179363	23.51609114533376	26.806653854597016
18	25.116142998949975	24.198541591138063	23.452588976195692	27.232726433716266
19	25.55291218027139	24.345078267095914	23.080370047806447	27.021639504826243
20	25.07019904873934	24.611714121046305	23.706910575089758	26.6111762551246
21	25.069818481229472	24.236562796169384	23.68646035613272	27.00715836646842
22	25.548812468148423	24.570709641446047	23.025818223787645	26.85465966661788
23	25.396910004264218	24.609986533797493	23.463452558008925	26.52965090392937
24	25.431943192263162	24.252488546437696	23.1290120290737	27.186556232225445
25	25.624344869169573	24.40373415746381	22.73939058167627	27.23253039169034
26	25.271919822636107	24.487819864530696	23.263935126028613	26.976325186804583
27	25.148904774902824	24.243656982367252	23.281027606455826	27.3264106362741
28	25.432825049899186	24.57409940666741	22.78818499791212	27.204890545521277
29	25.241512724785263	24.565607207971052	23.34022557114131	26.852654496102375
30	25.24406690193228	24.39418007378983	23.066399229217627	27.29535379506027
31	25.50272300133269	24.609285395380688	22.875654268161455	27.01233733512517
32	25.06639452769248	24.464843808319937	23.481299050955762	26.987462613031816
33	25.141302292746463	24.18602655461791	23.186323731586175	27.486347421049445
34	25.650241945995433	24.31518275825295	22.82536419748082	27.209211098270796
35	25.530512682773026	24.42181134833482	23.133814271825734	26.913861697066416
36	24.830317326993764	24.3429572067595	23.23583705203398	27.59088841421276
37	24.813572533828147	24.461518534788272	22.947932055251147	27.776976876132437
38	25.85129707218338	23.62318880498116	23.24277095918181	27.28274316365365
39	25.408338282355476	24.63554772853319	22.248280105607744	27.70783388350359
>>END_MODULE
>>Per base GC content	pass
#Base	%GC
1	51.004774322825355
2	50.778291032963075
3	51.82468247703844
4	52.35588154390377
5	51.73352279362381
6	51.90087042414747
7	52.30052154009384
8	51.85721060087225
9	52.16101003451572
10	52.20045954403042
11	51.56167486529357
12	52.08270424865604
13	52.37098763633059
14	52.07165391874932
15	52.18182676388168
16	52.486643687120335
17	52.09915271248688
18	52.34886943266625
19	52.57455168509764
20	51.681375303863945
21	52.0769768476979
22	52.403472134766304
23	51.926560908193586
24	52.618499424488604
25	52.856875260859915
26	52.24824500944069
27	52.47531541117693
28	52.63771559542047
29	52.094167220887634
30	52.53942069699254
31	52.51506033645785
32	52.053857140724304
33	52.62764971379591
34	52.85945304426624
35	52.444374379839445
36	52.42120574120652
37	52.59054940996059
38	53.134040235837034
39	53.11617216585907
>>END_MODULE
>>Per sequence GC content	pass
#GC Content	Count
0	19253.0
1	18856.5
2	16852.0
3	13843.5
4	11698.5
5	9786.0
6	7187.0
7	5579.5
8	5261.5
9	5852.5
10	6596.5
11	6600.5
12	8535.5
13	10577.0
14	16116.5
15	21731.0
16	22003.5
17	24894.0
18	28017.0
19	37026.0
20	45760.0
21	46383.0
22	61027.5
23	75237.0
24	100097.0
25	125204.0
26	126726.0
27	155160.5
28	183061.5
29	233629.0
30	285295.0
31	287452.0
32	358456.0
33	431472.0
34	434740.0
35	502759.0
36	572752.5
37	668203.0
38	765147.0
39	772123.0
40	863104.0
41	954541.5
42	1027504.5
43	1100808.0
44	1105555.5
45	1177960.0
46	1252085.5
47	1296918.5
48	1338801.0
49	1339583.5
50	1364029.0
51	1388202.0
52	1388726.5
53	1361687.0
54	1332959.0
55	1269176.0
56	1205047.5
57	1200741.5
58	1135087.0
59	1070407.5
60	985207.0
61	899221.5
62	895783.5
63	818176.5
64	740307.0
65	680556.0
66	622117.5
67	620023.0
68	557854.0
69	496904.0
70	493578.5
71	437690.0
72	382142.0
73	337525.5
74	293545.5
75	290624.5
76	255004.0
77	220050.5
78	191602.5
79	162413.0
80	160264.0
81	138083.0
82	116003.0
83	99614.5
84	83375.0
85	82058.5
86	70262.5
87	58801.5
88	49248.0
89	39804.0
90	39156.0
91	32062.0
92	25239.0
93	24567.0
94	19685.0
95	15109.5
96	11424.0
97	7846.0
98	7531.0
99	5734.5
100	4148.0
>>END_MODULE
>>Per base N content	pass
#Base	N-Count
1	1.8506797546738916E-5
2	0.0
3	9.253398773369459E-5
4	6.168932515579639E-6
5	1.8506797546738916E-5
6	1.2337865031159278E-5
7	6.168932515579639E-6
8	5.552039264021675E-5
9	8.945813051015812E-4
10	4.937084266647972E-5
11	6.66584043163045E-4
12	0.0017224610276214837
13	8.582720538407026E-4
14	1.6676026858779438E-4
15	0.012682209466982118
16	0.00710580676024211
17	0.0021074207351783588
18	0.010416297691729885
19	5.997798004303822E-4
20	0.00156483381743189
21	0.008407580185208041
22	0.0011448643242948874
23	0.011216450001002794
24	0.012984942234964294
25	0.0067204271937100265
26	0.005830574292359741
27	0.015601438233180819
28	0.008582736557180342
29	0.0071415873992863995
30	0.019643363952470884
31	0.008907411220988521
32	0.0029858916618975342
33	0.004141125316243418
34	0.0066289868320134285
35	0.0063994279751275985
36	0.005521411811595641
37	0.019352950246844854
38	0.0
39	0.0
>>END_MODULE
>>Sequence Length Distribution	warn
#Length	Count
8	1560.0
9	4804.0
10	1888.0
11	4254.0
12	2423.0
13	4424.0
14	2876.0
15	4084.0
16	3030.0
17	4344.0
18	3971.0
19	4751.0
20	3866.0
21	4865.0
22	4276.0
23	5369.0
24	4668.0
25	5745.0
26	5934.0
27	7735.0
28	8528.0
29	14735.0
30	14403.0
31	12127.0
32	17163.0
33	22804.0
34	81082.0
35	288268.0
36	361123.0
37	56664.0
38	176495.0
39	1.5072001E7
>>END_MODULE
>>Sequence Duplication Levels	fail
#Total Duplicate Percentage	78.6223067547792
#Duplication Level	Relative count
1	100.0
2	62.375964175100115
3	36.42263912726125
4	22.650963681915922
5	15.643802647412755
6	11.727920143615238
7	9.445463691779606
8	7.873192479927403
9	6.800023672841332
10++	121.60738592649582
>>END_MODULE
>>Overrepresented sequences	pass
>>END_MODULE
>>Kmer Content	warn
#Sequence	Count	Obs/Exp Overall	Obs/Exp Max	Max Obs/Exp Position
AAAAA	2429855	5.0288744	5.48918	29
TTTTT	1421220	3.6026897	4.3825293	1
TTCTT	1635395	3.596228	4.0128965	1
CTTCT	1723385	3.2875001	3.5733466	1
CAGCA	1914650	3.1218479	3.4231331	27
TCTTC	1627355	3.1043148	3.3934288	12
>>END_MODULE
