##FastQC	0.10.1
>>Basic Statistics	pass
#Measure	Value	
Filename	Treat_3_filtered.fastq	
File type	Conventional base calls	
Encoding	Sanger / Illumina 1.9	
Total Sequences	24685435	
Filtered Sequences	0	
Sequence length	39	
%GC	51	
>>END_MODULE
>>Per base sequence quality	pass
#Base	Mean	Median	Lower Quartile	Upper Quartile	10th Percentile	90th Percentile
1	38.22695816379173	39.0	39.0	39.0	37.0	39.0
2	39.74327079915748	41.0	39.0	41.0	37.0	41.0
3	39.725352419351736	41.0	39.0	41.0	37.0	41.0
4	39.69511414321846	41.0	39.0	41.0	37.0	41.0
5	39.69504624893181	41.0	39.0	41.0	37.0	41.0
6	39.69815237203638	41.0	39.0	41.0	37.0	41.0
7	39.73343021907453	41.0	39.0	41.0	37.0	41.0
8	39.71849112644764	41.0	39.0	41.0	37.0	41.0
9	39.696045421115734	41.0	39.0	41.0	37.0	41.0
10	39.68210335365773	41.0	39.0	41.0	37.0	41.0
11	39.664707994815565	41.0	39.0	41.0	37.0	41.0
12	39.66830845800368	41.0	39.0	41.0	37.0	41.0
13	39.647695776882195	41.0	39.0	41.0	37.0	41.0
14	39.623658363727436	41.0	39.0	41.0	37.0	41.0
15	39.595696652702294	41.0	39.0	41.0	37.0	41.0
16	39.573690599335194	41.0	39.0	41.0	37.0	41.0
17	39.539462480608506	41.0	39.0	41.0	37.0	41.0
18	39.515399384292806	41.0	39.0	41.0	36.0	41.0
19	39.47124342755151	41.0	39.0	41.0	36.0	41.0
20	39.43546370562236	41.0	39.0	41.0	36.0	41.0
21	39.39280616282436	40.0	39.0	41.0	36.0	41.0
22	39.35434692562639	40.0	39.0	41.0	36.0	41.0
23	39.30094377514514	40.0	39.0	41.0	35.0	41.0
24	39.244453257558554	40.0	38.0	41.0	35.0	41.0
25	39.197822967267946	40.0	38.0	41.0	35.0	41.0
26	39.148623793747205	40.0	38.0	41.0	35.0	41.0
27	39.075399359986974	40.0	38.0	41.0	35.0	41.0
28	39.000187762540946	40.0	38.0	41.0	35.0	41.0
29	38.93362924331696	40.0	38.0	41.0	35.0	41.0
30	38.85023042940098	40.0	38.0	41.0	35.0	41.0
31	38.79494876229647	40.0	38.0	41.0	35.0	41.0
32	38.71189857500992	40.0	38.0	41.0	35.0	41.0
33	38.63418534046493	40.0	37.0	41.0	35.0	41.0
34	38.55611432409435	40.0	37.0	41.0	35.0	41.0
35	38.46510952713614	40.0	37.0	41.0	35.0	41.0
36	38.371137879482376	40.0	37.0	41.0	34.0	41.0
37	38.25337848006324	40.0	36.0	41.0	34.0	41.0
38	38.145801522233654	39.0	36.0	41.0	34.0	41.0
39	38.01441477535235	39.0	36.0	41.0	34.0	41.0
>>END_MODULE
>>Per sequence quality scores	pass
#Quality	Count
26	2.0
27	31.0
28	391.0
29	2216.0
30	10014.0
31	36209.0
32	106210.0
33	252287.0
34	521842.0
35	890404.0
36	1392664.0
37	2090678.0
38	3031564.0
39	4693307.0
40	1.1657616E7
>>END_MODULE
>>Per base sequence content	pass
#Base	G	A	T	C
1	24.23079034256435	24.150273227917594	25.493895489384734	26.12504094013332
2	23.777182780048236	24.17885688463663	25.779432284665027	26.26452805065011
3	24.220391498063535	23.65530119278838	25.23796724667805	26.886340062470037
4	25.081170333842607	23.772751016945822	24.05339423834338	27.09268441086819
5	24.632796626836836	24.283157254470094	24.34332228700851	26.740723831684555
6	24.212836435736296	24.16948698696215	24.455121005564617	27.162555571736934
7	24.936890923737014	23.87330423790385	23.855710867562188	27.334093970796953
8	24.936230615340584	23.94351973137196	24.433577937759654	26.686671715527797
9	24.36640877505298	23.805118281286113	24.62280287951174	27.205670064149164
10	25.130981082569537	24.41799384940958	23.45690890194967	26.99411616607121
11	24.79057387483753	24.737457533156697	24.10648627419367	26.3654823178121
12	24.414505962726604	24.23212716324424	24.17961846732699	27.17374840670217
13	25.144932629301447	24.295901611618348	23.467579161558223	27.09158659752198
14	24.82956852897265	24.412371100610542	23.895689907834317	26.86237046258249
15	24.327616669505723	24.007857264820327	24.352996007564784	27.311530058109163
16	25.062645239996783	24.210729930422534	23.630752303939552	27.095872525641134
17	24.85006239509249	24.324902518428377	24.052146539042152	26.772888547436978
18	24.427663518994095	24.025896242055282	24.248156858487608	27.298283380463012
19	25.015937535635892	24.14854346297726	23.510709857857478	27.32480914352937
20	24.708586257442903	24.51883874033413	24.121778692577223	26.650796309645745
21	24.300620993715523	24.00383059889364	24.537258508914263	27.158289898476575
22	25.038748557600872	24.333733636859144	23.391716613460527	27.235801192079457
23	25.0006775250264	24.457154593386747	23.9161797229824	26.625988158604457
24	24.57814901783177	24.051980449200105	23.928871417497806	27.440999115470316
25	25.05037079557237	24.189847171014	23.23338033135734	27.52640170205629
26	24.875903543931877	24.31765127898293	23.76243724285191	27.04400793423328
27	24.391541003834853	24.06681915874685	24.03665157207074	27.504988265347563
28	24.969031333658897	24.355576476574143	23.16828121521861	27.507110974548354
29	24.835462692879425	24.39530840756908	23.78361572319872	26.985613176352775
30	24.53456866366746	24.106490325165428	23.910006042024374	27.448934969142734
31	24.998850536763886	24.32115131858118	23.25913640978982	27.420861734865117
32	24.737575011337658	24.281532814795444	23.968574991690446	27.012317182176453
33	24.52861373518433	23.93779570827899	23.896508204129276	27.6370823524074
34	25.209014951529113	24.052251864307838	23.16103807771668	27.57769510644637
35	25.01973329617242	24.177009641515333	23.70077740173507	27.102479660577178
36	24.363115335014353	23.962936039004376	23.78001035833478	27.89393826764649
37	25.416157341363437	23.858425018639533	23.12395953322273	27.601458106774295
38	25.31158555642224	24.244377301838107	23.6181780876051	26.825859054134554
39	24.967496015362904	23.990745960117778	23.599665146674546	27.44209287784477
>>END_MODULE
>>Per base GC content	pass
#Base	%GC
1	50.35583128269767
2	50.04171083069835
3	51.10673156053357
4	52.1738547447108
5	51.37352045852139
6	51.37539200747323
7	52.27098489453397
8	51.62290233086838
9	51.57207883920214
10	52.12509724864075
11	51.156056192649636
12	51.588254369428775
13	52.23651922682343
14	51.69193899155514
15	51.63914672761488
16	52.15851776563791
17	51.622950942529464
18	51.72594689945711
19	52.340746679165264
20	51.35938256708865
21	51.4589108921921
22	52.27454974968033
23	51.626665683630854
24	52.01914813330208
25	52.57677249762867
26	51.91991147816516
27	51.89652926918241
28	52.47614230820725
29	51.8210758692322
30	51.983503632810205
31	52.419712271629
32	51.749892193514114
33	52.165696087591726
34	52.78671005797548
35	52.1222129567496
36	52.25705360266084
37	53.01761544813773
38	52.13744461055679
39	52.40958889320767
>>END_MODULE
>>Per sequence GC content	pass
#GC Content	Count
0	5386.0
1	2951.0
2	516.0
3	516.0
4	766.5
5	1017.0
6	1671.0
7	2325.0
8	2325.0
9	3761.5
10	5198.0
11	5198.0
12	8032.5
13	10867.0
14	18800.0
15	26733.0
16	26733.0
17	33129.5
18	39526.0
19	53268.0
20	67010.0
21	67010.0
22	91672.0
23	116334.0
24	156985.5
25	197637.0
26	197637.0
27	242546.0
28	287455.0
29	363754.5
30	440054.0
31	440054.0
32	555035.0
33	670016.0
34	670016.0
35	786715.5
36	903415.0
37	1058673.5
38	1213932.0
39	1213932.0
40	1351724.0
41	1489516.0
42	1606988.0
43	1724460.0
44	1724460.0
45	1843344.0
46	1962228.0
47	2027883.5
48	2093539.0
49	2093539.0
50	2113282.0
51	2133025.0
52	2133025.0
53	2076658.0
54	2020291.0
55	1910606.5
56	1800922.0
57	1800922.0
58	1686648.5
59	1572375.0
60	1441428.5
61	1310482.0
62	1310482.0
63	1194504.0
64	1078526.0
65	989346.5
66	900167.0
67	900167.0
68	811780.0
69	723393.0
70	723393.0
71	637541.0
72	551689.0
73	484163.5
74	416638.0
75	416638.0
76	360866.5
77	305095.0
78	260510.5
79	215926.0
80	215926.0
81	181180.0
82	146434.0
83	122893.5
84	99353.0
85	99353.0
86	82140.5
87	64928.0
88	53587.0
89	42246.0
90	42246.0
91	33617.5
92	24989.0
93	24989.0
94	19382.0
95	13775.0
96	9806.0
97	5837.0
98	5837.0
99	4008.5
100	2180.0
>>END_MODULE
>>Per base N content	pass
#Base	N-Count
1	0.0
2	0.0
3	0.0
4	0.0
5	0.0
6	0.0
7	0.0
8	0.0
9	0.0
10	0.0
11	0.0
12	0.0
13	0.0
14	0.0
15	0.0
16	0.0
17	0.0
18	0.0
19	0.0
20	0.0
21	0.0
22	0.0
23	0.0
24	0.0
25	0.0
26	0.0
27	0.0
28	0.0
29	0.0
30	0.0
31	0.0
32	0.0
33	0.0
34	0.0
35	0.0
36	0.0
37	0.0
38	0.0
39	0.0
>>END_MODULE
>>Sequence Length Distribution	pass
#Length	Count
39	2.4685435E7
>>END_MODULE
>>Sequence Duplication Levels	fail
#Total Duplicate Percentage	87.55361930294906
#Duplication Level	Relative count
1	100.0
2	92.07054388799138
3	65.90266558966074
4	46.65455035002692
5	32.95638126009693
6	25.333198707592892
7	20.0255788906839
8	16.40078082929456
9	14.236672051696285
10++	259.5483306408185
>>END_MODULE
>>Overrepresented sequences	pass
>>END_MODULE
>>Kmer Content	warn
#Sequence	Count	Obs/Exp Overall	Obs/Exp Max	Max Obs/Exp Position
AAAAA	3127950	4.3981347	4.958667	11
TTCTT	2584750	3.3367324	3.7490232	1
CAGCA	3031610	3.303755	3.6330178	27
CTTCT	2688625	3.0691001	3.5110652	2
TTTTT	2080650	3.037553	3.7137082	1
>>END_MODULE
