##FastQC	0.10.1
>>Basic Statistics	pass
#Measure	Value	
Filename	Sample_3_L001_trimmed.fastq	
File type	Conventional base calls	
Encoding	Sanger / Illumina 1.9	
Total Sequences	15468805	
Filtered Sequences	0	
Sequence length	20-51	
%GC	53	
>>END_MODULE
>>Per base sequence quality	pass
#Base	Mean	Median	Lower Quartile	Upper Quartile	10th Percentile	90th Percentile
1	32.38401983863653	34.0	31.0	34.0	30.0	34.0
2	32.593529946236956	34.0	31.0	34.0	31.0	34.0
3	32.68384881702239	34.0	31.0	34.0	31.0	34.0
4	36.023641322002575	37.0	35.0	37.0	35.0	37.0
5	36.1292672575548	37.0	35.0	37.0	35.0	37.0
6	36.006889931058026	37.0	35.0	37.0	35.0	37.0
7	35.974087397184206	37.0	35.0	37.0	35.0	37.0
8	35.97315203081298	37.0	35.0	37.0	35.0	37.0
9	37.66710505433355	39.0	37.0	39.0	35.0	39.0
10	37.689809781686435	39.0	38.0	39.0	35.0	39.0
11	37.70726833779339	39.0	38.0	39.0	35.0	39.0
12	37.68951331405367	39.0	38.0	39.0	35.0	39.0
13	37.57448671697652	39.0	37.0	39.0	35.0	39.0
14	38.93313387815025	41.0	38.0	41.0	35.0	41.0
15	38.898969829925456	40.0	38.0	41.0	35.0	41.0
16	38.82295839917822	40.0	38.0	41.0	35.0	41.0
17	38.839724852695475	40.0	38.0	41.0	35.0	41.0
18	38.84124158265619	40.0	38.0	41.0	35.0	41.0
19	38.87749221740141	40.0	38.0	41.0	35.0	41.0
20	38.86698351941213	40.0	38.0	41.0	35.0	41.0
21	38.82837381839548	40.0	38.0	41.0	34.0	41.0
22	38.72882232804919	40.0	38.0	41.0	34.0	41.0
23	38.73079289126835	40.0	38.0	41.0	34.0	41.0
24	38.75534374817549	40.0	38.0	41.0	34.0	41.0
25	38.73106772779977	40.0	38.0	41.0	34.0	41.0
26	38.66716553285632	40.0	38.0	41.0	34.0	41.0
27	38.617844240058396	40.0	38.0	41.0	34.0	41.0
28	38.583837986059066	40.0	38.0	41.0	34.0	41.0
29	38.53537472672065	40.0	38.0	41.0	34.0	41.0
30	38.50256569226025	40.0	38.0	41.0	34.0	41.0
31	38.42178468697853	40.0	38.0	41.0	34.0	41.0
32	38.38333948919899	40.0	38.0	41.0	34.0	41.0
33	38.33910746487873	40.0	38.0	41.0	34.0	41.0
34	38.277685271146716	40.0	38.0	41.0	33.0	41.0
35	38.207104140167175	40.0	38.0	41.0	33.0	41.0
36	38.145651507552685	40.0	37.0	41.0	33.0	41.0
37	38.08286535168127	40.0	37.0	41.0	33.0	41.0
38	38.018520045824374	40.0	37.0	41.0	33.0	41.0
39	37.94132355456503	40.0	37.0	41.0	33.0	41.0
40	37.841020490747226	40.0	37.0	41.0	33.0	41.0
41	37.762674988380795	40.0	36.0	41.0	33.0	41.0
42	37.67589873422667	40.0	36.0	41.0	33.0	41.0
43	37.61061335971538	40.0	36.0	41.0	33.0	41.0
44	37.520399252322896	40.0	36.0	41.0	32.0	41.0
45	37.45334157381979	39.0	35.0	41.0	32.0	41.0
46	37.37632773513683	39.0	35.0	41.0	32.0	41.0
47	37.29146284948098	39.0	35.0	41.0	32.0	41.0
48	37.203728745590425	39.0	35.0	41.0	32.0	41.0
49	37.120059759057874	39.0	35.0	41.0	32.0	41.0
50	37.09207541321535	39.0	35.0	41.0	32.0	41.0
51	37.21697853961754	39.0	35.0	41.0	32.0	41.0
>>END_MODULE
>>Per sequence quality scores	pass
#Quality	Count
10	1.0
11	4.0
12	21.0
13	45.0
14	88.0
15	195.0
16	363.0
17	638.0
18	1317.0
19	2450.0
20	4586.0
21	8095.0
22	13724.0
23	22677.0
24	35566.0
25	52084.0
26	73181.0
27	97434.0
28	126836.0
29	160671.0
30	199062.0
31	247655.0
32	309893.0
33	394614.0
34	533160.0
35	741110.0
36	1097338.0
37	1693676.0
38	2663937.0
39	6744174.0
40	244200.0
41	10.0
>>END_MODULE
>>Per base sequence content	fail
#Base	G	A	T	C
1	37.83179908029567	10.078429309948742	11.926610490187878	40.16316111956771
2	25.138032559179603	11.142697612646185	28.69346631987455	35.02580350829967
3	24.968547990617246	16.324350846752544	19.71720504589721	38.989896116733
4	26.784417205105193	22.097170537554163	18.432640299793054	32.68577195754759
5	27.942899676470805	25.54027229307248	21.062981461879268	25.453846568577443
6	26.41300382621769	28.871785214639456	20.604253684561588	24.110957274581267
7	20.602364682151855	24.85387685484629	33.06009088486619	21.483667578135655
8	23.35248262551632	22.127261931351516	27.62643268177471	26.893822761357455
9	22.98926077076045	20.414116129621167	28.7402624159429	27.856360683675486
10	23.155214640044917	31.54275330253371	23.554553826232862	21.74747823118851
11	26.812403171936257	25.588338062750243	20.35536081211291	27.24389795320059
12	25.59829007061934	21.964353974206897	23.838020354510515	28.59933560066325
13	24.915721982064092	24.402493466986943	24.488195323951015	26.193589226997954
14	24.511455442838372	23.83089216205726	24.991389120968886	26.66626327413548
15	25.303777505760788	23.735530960536384	23.89368150933443	27.0670100243684
16	25.710073591843894	23.68614912813094	23.51676060324305	27.087016676782117
17	25.209647752987234	24.204062576524983	23.426749734497896	27.15953993598988
18	25.19632742083065	23.951130798622934	23.545042466766333	27.307499313780088
19	25.497236308280367	24.089118213550087	23.096125996053217	27.317519482116325
20	25.630771253699624	23.642950736776562	23.774105051839506	26.95217295768431
21	25.436974592151874	23.870009449776788	23.307328775165136	27.3856871829062
22	25.823922660450087	24.38506145391104	22.859527550681598	26.931488334957276
23	25.447171860047586	24.697490543021296	23.05450061097077	26.800836985960352
24	25.542271864571163	24.077408026251454	23.11622867855834	27.264091430619043
25	25.81171615047632	24.387429444520222	22.677305287073597	27.123549117929862
26	25.58181754708988	24.049661142522606	23.093410568109682	27.275110742277835
27	25.421490956848704	23.915439192598868	23.194035415980814	27.469034434571622
28	25.832254771118716	24.0028287507213	22.936654689219502	27.228261788940483
29	25.592265784381734	24.036734905284213	23.12672461053386	27.24427469980019
30	25.468540447995437	23.827468579359007	23.097452625844696	27.606538346800868
31	25.814093459406102	24.057673146541138	22.75368103040246	27.374552363650306
32	25.353025255436474	24.19436045995145	23.328637209896602	27.123977074715473
33	25.433448764766837	23.876821647239332	23.2691402159285	27.420589372065336
34	25.808202692566567	24.249797711134683	22.734931175689315	27.20706842060944
35	25.718906399588843	24.21839251696501	23.047418124594035	27.015282958852115
36	25.754044484637777	23.844977450688017	22.77712086856051	27.6238571961137
37	25.917655666764755	24.04795021517197	22.441825794555456	27.59256832350782
38	25.607653851663564	24.050379177563357	22.852646573336653	27.48932039743643
39	25.544787348959137	23.90798888382137	22.831036750419425	27.71618701680007
40	25.69166271439502	24.204149507997464	22.453633544679054	27.650554232928464
41	25.542520047786738	24.128809469895135	22.93982800938036	27.388842472937764
42	25.634981003450246	23.934994939897443	22.669624145741373	27.760399910910937
43	25.731802307409367	24.273821927974858	22.545324298756256	27.449051465859526
44	25.411041284590617	24.01193299914415	23.060833842768062	27.51619187349717
45	25.47046233781966	23.772184803548264	22.750439186075745	28.006913672556333
46	25.939667353094194	23.919419058940996	22.540697641363042	27.600215946601768
47	25.842822295296948	23.959305240055855	22.736212450646814	27.461660014000383
48	25.152481790088654	24.00021160956326	22.80826463592735	28.039041964420736
49	25.131889425283134	24.039923344576867	22.623570183087203	28.2046170470528
50	26.21910099646222	23.200302552564395	22.777558718992992	27.803037731980396
51	25.776977374385567	24.235826305527986	21.828359942931378	28.158836377155072
>>END_MODULE
>>Per base GC content	fail
#Base	%GC
1	77.99496019986339
2	60.163836067479274
3	63.958444107350246
4	59.47018916265279
5	53.396746245048256
6	50.52396110079896
7	42.08603226028752
8	50.24630538687378
9	50.84562145443593
10	44.90269287123343
11	54.056301125136855
12	54.19762567128259
13	51.10931120906205
14	51.17771871697385
15	52.37078753012918
16	52.797090268626015
17	52.369187688977114
18	52.50382673461074
19	52.814755790396696
20	52.58294421138393
21	52.82266177505808
22	52.75541099540736
23	52.248008846007934
24	52.80636329519021
25	52.935265268406184
26	52.85692828936771
27	52.89052539142032
28	53.0605165600592
29	52.836540484181924
30	53.075078794796305
31	53.188645823056405
32	52.47700233015195
33	52.85403813683217
34	53.015271113176
35	52.73418935844095
36	53.37790168075147
37	53.51022399027258
38	53.09697424909999
39	53.2609743657592
40	53.342216947323486
41	52.9313625207245
42	53.395380914361176
43	53.180853773268886
44	52.92723315808778
45	53.47737601037599
46	53.539883299695965
47	53.30448230929733
48	53.1915237545094
49	53.336506472335934
50	54.02213872844261
51	53.93581375154064
>>END_MODULE
>>Per sequence GC content	pass
#GC Content	Count
0	44199.0
1	40216.5
2	21039.0
3	5153.5
4	4298.0
5	3830.0
6	3219.5
7	2381.5
8	1755.5
9	1691.0
10	1730.0
11	2066.0
12	2370.0
13	2832.0
14	3401.5
15	4319.0
16	5271.5
17	6899.5
18	8730.5
19	11464.5
20	14071.0
21	18693.0
22	23381.0
23	29147.0
24	35347.5
25	43620.0
26	62644.5
27	74364.0
28	92859.5
29	111609.5
30	135585.0
31	159634.0
32	190175.0
33	220870.0
34	263534.5
35	307899.0
36	362544.5
37	415821.0
38	468442.5
39	523071.0
40	582430.0
41	641517.0
42	699743.0
43	756859.5
44	814348.5
45	872643.0
46	908118.0
47	941662.5
48	972794.5
49	1004672.0
50	1016185.0
51	1026540.0
52	1030143.0
53	1033296.5
54	1017962.5
55	1001975.5
56	970546.5
57	939191.5
58	894909.0
59	849986.0
60	805099.5
61	759906.0
62	711300.5
63	663096.5
64	619299.0
65	575615.5
66	543573.0
67	512193.5
68	466148.5
69	419255.5
70	385564.0
71	352129.0
72	316835.5
73	281400.0
74	254693.0
75	205648.0
76	180639.0
77	161132.5
78	142000.0
79	124175.5
80	106703.0
81	93129.0
82	79473.0
83	69492.5
84	59867.0
85	51867.5
86	43710.0
87	37378.0
88	31288.5
89	25886.0
90	20527.5
91	16562.5
92	12654.0
93	9740.0
94	6824.0
95	5135.5
96	3522.5
97	2606.5
98	1626.0
99	1064.5
100	624.0
>>END_MODULE
>>Per base N content	pass
#Base	N-Count
1	0.07399408034427998
2	0.0011119152384427885
3	0.0
4	6.464623479318538E-6
5	2.004033278588747E-4
6	2.585849391727415E-5
7	1.9393870437955613E-5
8	0.0
9	2.585849391727415E-5
10	0.0
11	1.2929246958637077E-4
12	6.206038540145796E-4
13	4.008066557177494E-4
14	6.464623479318538E-6
15	0.0
16	0.047249933010339196
17	6.464623479318538E-6
18	1.9393870437955613E-5
19	1.9393870437955613E-5
20	2.585849391727415E-5
21	4.655040788501842E-4
22	6.339182350267381E-4
23	4.722644582631757E-4
24	5.178207358983497E-5
25	1.2947279132527118E-4
26	6.476819011380937E-6
27	9.133823929802483E-4
28	0.0024175110239798947
29	0.001380738963714569
30	9.727743166827878E-5
31	3.567521440479537E-4
32	0.0012523704192443001
33	0.001752372273965881
34	0.004031655965357622
35	0.007857312248549774
36	0.004118188903663415
37	0.004794869567528104
38	0.007584535891720123
39	0.006397017221693508
40	0.004513581001023815
41	0.004352932656618224
42	0.010386132982223434
43	0.009663887641894771
44	0.006142182927900358
45	0.007805402696127058
46	0.005972745590770867
47	0.007722665425436451
48	0.006572289304694539
49	0.009112778143814532
50	0.0
51	0.0
>>END_MODULE
>>Sequence Length Distribution	warn
#Length	Count
20	1701.0
21	7697.0
22	1966.0
23	8079.0
24	2101.0
25	7583.0
26	2551.0
27	8035.0
28	2570.0
29	6707.0
30	2949.0
31	6090.0
32	3091.0
33	4585.0
34	3432.0
35	4551.0
36	3666.0
37	4880.0
38	4402.0
39	6351.0
40	6869.0
41	11934.0
42	11224.0
43	9224.0
44	13847.0
45	19875.0
46	74942.0
47	255951.0
48	333167.0
49	56195.0
50	164860.0
51	1.441773E7
>>END_MODULE
>>Sequence Duplication Levels	fail
#Total Duplicate Percentage	71.7622399848812
#Duplication Level	Relative count
1	100.0
2	48.46678023850085
3	24.435689948892673
4	15.079703090776345
5	10.4800438062789
6	7.932282793867121
7	6.619615478218544
8	5.398211243611584
9	4.57228036018496
10++	81.2256631783889
>>END_MODULE
>>Overrepresented sequences	pass
>>END_MODULE
>>Kmer Content	warn
#Sequence	Count	Obs/Exp Overall	Obs/Exp Max	Max Obs/Exp Position
AAAAA	2799775	5.452461	8.544491	10
TTCTT	2152625	3.784522	6.736304	6
TTTTT	1746130	3.6991632	5.1507525	11
CTTCT	2353820	3.434247	5.603277	5
CAGCA	2523765	3.202088	4.4619184	9
TCTTC	2120695	3.0941153	5.6083694	7
ATATA	1390035	2.7997432	6.2342134	11
TATAT	1267005	2.5952682	6.1814237	10
TCTTG	1570240	2.4828913	5.023614	7
CTCCT	1977330	2.3941598	7.056325	1
GCCAG	1787250	2.0741026	6.2381425	1
CTCCA	1734445	2.065014	6.9574223	1
TTGAA	1107130	2.0396311	5.8753333	7
TCCAG	1567820	2.0229824	5.3247766	2
GGCAG	1557335	1.958666	5.0116973	1
GTCCA	1206810	1.5571654	5.166348	1
>>END_MODULE
