##FastQC	0.10.1
>>Basic Statistics	pass
#Measure	Value	
Filename	Sample_4_L002_poly.fastq	
File type	Conventional base calls	
Encoding	Sanger / Illumina 1.9	
Total Sequences	16148722	
Filtered Sequences	0	
Sequence length	20-39	
%GC	52	
>>END_MODULE
>>Per base sequence quality	pass
#Base	Mean	Median	Lower Quartile	Upper Quartile	10th Percentile	90th Percentile
1	37.53017093241186	39.0	37.0	39.0	34.0	39.0
2	38.86753317073636	40.0	38.0	41.0	35.0	41.0
3	38.8399762532292	40.0	38.0	41.0	35.0	41.0
4	38.81118053800171	40.0	38.0	41.0	34.0	41.0
5	38.80039417360705	40.0	38.0	41.0	34.0	41.0
6	38.79742514608896	40.0	38.0	41.0	34.0	41.0
7	38.8276146558223	40.0	38.0	41.0	34.0	41.0
8	38.74594020505152	40.0	38.0	41.0	34.0	41.0
9	38.75026135195095	40.0	38.0	41.0	34.0	41.0
10	38.756165843959664	40.0	38.0	41.0	34.0	41.0
11	38.73319517172938	40.0	38.0	41.0	34.0	41.0
12	38.70938536188808	40.0	38.0	41.0	34.0	41.0
13	38.676499477791495	40.0	38.0	41.0	34.0	41.0
14	38.61686503736952	40.0	38.0	41.0	34.0	41.0
15	38.560171882332234	40.0	38.0	41.0	34.0	41.0
16	38.51224939038519	40.0	38.0	41.0	34.0	41.0
17	38.465319546648956	40.0	38.0	41.0	34.0	41.0
18	38.431478912077374	40.0	38.0	41.0	34.0	41.0
19	38.38789961211791	40.0	38.0	41.0	34.0	41.0
20	38.333275908768506	40.0	38.0	41.0	33.0	41.0
21	38.26942757129971	40.0	38.0	41.0	33.0	41.0
22	38.2215811777547	40.0	38.0	41.0	33.0	41.0
23	38.15147140135437	40.0	38.0	41.0	33.0	41.0
24	37.95536504604478	40.0	37.0	41.0	33.0	41.0
25	37.965070720204565	40.0	37.0	41.0	33.0	41.0
26	37.92801915742221	40.0	37.0	41.0	33.0	41.0
27	37.863693962404845	40.0	37.0	41.0	33.0	41.0
28	37.79230036525276	40.0	37.0	41.0	33.0	41.0
29	37.73359608971128	40.0	36.0	41.0	33.0	41.0
30	37.60700595203822	40.0	36.0	41.0	32.0	41.0
31	37.573725397982955	40.0	36.0	41.0	32.0	41.0
32	37.50385747359858	40.0	36.0	41.0	32.0	41.0
33	37.43816072617329	39.0	35.0	41.0	32.0	41.0
34	37.364002125683854	39.0	35.0	41.0	32.0	41.0
35	37.28872222094484	39.0	35.0	41.0	32.0	41.0
36	37.213110537087644	39.0	35.0	41.0	32.0	41.0
37	37.078377735400856	39.0	35.0	41.0	31.0	41.0
38	37.050343957193036	39.0	35.0	41.0	31.0	41.0
39	37.21008902549398	39.0	35.0	41.0	32.0	41.0
>>END_MODULE
>>Per sequence quality scores	pass
#Quality	Count
9	1.0
10	5.0
11	34.0
12	76.0
13	176.0
14	366.0
15	665.0
16	1283.0
17	2065.0
18	3755.0
19	6204.0
20	10077.0
21	16233.0
22	24644.0
23	35327.0
24	49527.0
25	66964.0
26	87102.0
27	110567.0
28	137462.0
29	167676.0
30	204080.0
31	247111.0
32	300428.0
33	373452.0
34	491568.0
35	650431.0
36	884270.0
37	1249252.0
38	1768277.0
39	2718002.0
40	6536566.0
41	5076.0
>>END_MODULE
>>Per base sequence content	pass
#Base	G	A	T	C
1	24.795106039061054	24.231822969982943	24.709631767077006	26.263439223878997
2	24.332903866943774	24.088153848954736	25.087236005425073	26.491706278676418
3	24.991538030068263	23.812311587257494	24.31071635266246	26.885434030011783
4	25.554461832954956	24.00591204678612	23.580968202932713	26.858657917326212
5	25.037540129344006	24.384770086097852	23.831822202120183	26.745867582437967
6	24.967334872361402	24.34353310974492	23.71167498105113	26.97745703684255
7	25.342527126451685	24.189791872681436	23.48078216225297	26.986898838613904
8	25.37379442427497	24.1522545817265	23.95766325941951	26.51628773457902
9	25.117151174725656	24.036269692831798	23.758319540066033	27.088259592376517
10	25.50875568172178	24.73701001825904	23.022514362443967	26.731719937575214
11	25.154449290114737	24.905939598973685	23.49773659322696	26.441874517684617
12	25.107047133930877	24.498699383360453	23.396559456256416	26.99769402645225
13	25.5406273020503	24.585445171632944	23.010452639750397	26.863474886566358
14	25.26210941503323	24.53676287774337	23.35914450053085	26.841983206692554
15	25.106206089638405	24.188357564434483	23.592271918803334	27.11316442712378
16	25.608306585763696	24.39476817971345	23.079697487665793	26.917227746857066
17	25.306776864703846	24.336246194820013	23.52167542234262	26.83530151813352
18	25.12723694249844	24.155033987653464	23.45556832707419	27.262160742773904
19	25.564139361710364	24.298650813923786	23.084405019003164	27.052804805362683
20	25.09282458912978	24.558520067753793	23.707504408003015	26.641150935113416
21	25.09267562870231	24.18195402342284	23.687452739192572	27.03791760868228
22	25.5747762964551	24.5127781249332	23.02647513601281	26.885970442598893
23	25.425226788963823	24.5476695534464	23.465370451676176	26.5617332059136
24	25.461911701837526	24.186937799227017	23.130987253361532	27.220163245573925
25	25.65551482805567	24.33298112995932	22.74157728262804	27.269926759356967
26	25.3046616694045	24.407920138973154	23.26904685105514	27.018371340567203
27	25.180578038530605	24.158099535235912	23.286784879913586	27.3745375463199
28	25.48113936187516	24.46466749199937	22.79361426425509	27.26057888187038
29	25.3039946507618	24.425964511336055	23.348271206675175	26.921769631226965
30	25.32257515638714	24.22355529422646	23.071221139135844	27.382648410250553
31	25.58313876188354	24.434777763642003	22.87602444434281	27.106059030131647
32	25.15600865480936	24.275447085498882	23.473474733535387	27.095069526156372
33	25.262771917738615	23.950958300441773	23.15496741504867	27.631302366770942
34	25.820436151915327	24.01511347609699	22.759554519492035	27.40489585249565
35	25.777633772696635	24.015841403530107	23.01597949637918	27.190545327394073
36	25.269581251669603	23.684204707995697	22.945346849158575	28.100867191176132
37	25.868379958789927	23.049231929014525	22.11441214299882	28.96797596919673
38	26.95492962447601	22.173926009259375	22.421148661625683	28.449995704638937
39	26.489602851915716	23.238442462102235	21.381493546931782	28.890461139050267
>>END_MODULE
>>Per base GC content	pass
#Base	%GC
1	51.058545262940044
2	50.8246101456202
3	51.87697206008005
4	52.41311975028117
5	51.78340771178197
6	51.94479190920395
7	52.32942596506559
8	51.89008215885399
9	52.205410767102165
10	52.24047561929699
11	51.59632380779936
12	52.10474116038313
13	52.404102188616655
14	52.10409262172578
15	52.21937051676219
16	52.52553433262076
17	52.14207838283736
18	52.38939768527234
19	52.616944167073044
20	51.73397552424319
21	52.130593237384595
22	52.460746739053995
23	51.986959994877424
24	52.68207494741145
25	52.925441587412635
26	52.32303300997171
27	52.5551155848505
28	52.74171824374554
29	52.22576428198877
30	52.70522356663769
31	52.689197792015186
32	52.25107818096573
33	52.894074284509564
34	53.22533200441097
35	52.96817910009071
36	53.37044844284573
37	54.83635592798666
38	55.40492532911494
39	55.38006399096598
>>END_MODULE
>>Per sequence GC content	pass
#GC Content	Count
0	5838.0
1	5608.5
2	4074.5
3	2743.0
4	2807.0
5	2726.5
6	2678.0
7	2682.0
8	2535.5
9	2901.5
10	3412.0
11	3533.5
12	4706.5
13	6181.5
14	9261.5
15	12470.0
16	14631.0
17	21272.0
18	26891.5
19	34872.5
20	41500.0
21	42080.5
22	55438.5
23	67829.0
24	90642.0
25	113833.0
26	117010.0
27	145552.0
28	172495.5
29	219824.0
30	269107.0
31	273454.5
32	345213.0
33	420014.0
34	426335.5
35	492179.5
36	560093.5
37	654465.5
38	752947.0
39	764640.5
40	855596.0
41	946554.5
42	1021234.0
43	1097965.5
44	1106298.5
45	1183202.0
46	1260247.0
47	1309233.0
48	1354969.5
49	1354501.5
50	1379876.5
51	1403121.5
52	1401098.5
53	1377842.5
54	1351148.5
55	1289227.0
56	1227451.0
57	1217358.0
58	1150363.5
59	1087319.0
60	1000694.5
61	913228.5
62	907919.5
63	827924.0
64	747322.0
65	685303.0
66	624833.5
67	621722.0
68	558276.5
69	496649.0
70	493414.0
71	437630.0
72	381941.5
73	336980.5
74	292302.5
75	288880.5
76	252632.5
77	217095.5
78	188749.5
79	159481.5
80	157118.0
81	134929.5
82	112883.5
83	96585.0
84	80432.5
85	79083.0
86	67229.5
87	55800.5
88	46409.5
89	37132.5
90	36510.5
91	29475.5
92	22782.5
93	22138.5
94	17254.5
95	12811.0
96	9315.0
97	5930.0
98	5718.0
99	3913.0
100	2320.0
>>END_MODULE
>>Per base N content	pass
#Base	N-Count
1	1.8577321474727225E-5
2	0.0
3	0.0
4	0.0
5	1.8577321474727225E-5
6	1.2384880983151483E-5
7	6.192440491575742E-6
8	3.715464294945445E-5
9	8.855189902953312E-4
10	4.953952393260593E-5
11	3.467766675282416E-4
12	0.0014118764320792691
13	4.582405963766049E-4
14	1.6719589327254505E-4
15	0.012688310567238697
16	0.007115114124820528
17	0.0021054297671357523
18	0.010415684906830399
19	6.006667276828471E-4
20	0.0015666874443686627
21	0.008411538028668727
22	0.0011214870348043898
23	0.01118113922792994
24	0.012884255241684572
25	0.006624698252127952
26	0.005746978414386313
27	0.015474835260070381
28	0.008551338076218648
29	0.007023897052190479
30	0.019529385431302802
31	0.008796823510702458
32	0.0029485704961663274
33	0.00410116696044797
34	0.006565018403097282
35	0.006327799390897052
36	0.005533600693163142
37	0.020164740271807615
38	0.0
39	0.0
>>END_MODULE
>>Sequence Length Distribution	warn
#Length	Count
20	4231.0
21	5205.0
22	4973.0
23	6101.0
24	6723.0
25	8674.0
26	9251.0
27	12515.0
28	17351.0
29	26086.0
30	19099.0
31	20756.0
32	36693.0
33	53363.0
34	130222.0
35	408704.0
36	704646.0
37	53705.0
38	168384.0
39	1.445204E7
>>END_MODULE
>>Sequence Duplication Levels	fail
#Total Duplicate Percentage	78.70911436594065
#Duplication Level	Relative count
1	100.0
2	62.69035030396642
3	36.60864571575675
4	22.808372443018673
5	15.732984811580428
6	11.788352244598903
7	9.50315847838571
8	7.918968692449355
9	6.829838214618111
10++	122.16677557971445
>>END_MODULE
>>Overrepresented sequences	pass
>>END_MODULE
>>Kmer Content	warn
#Sequence	Count	Obs/Exp Overall	Obs/Exp Max	Max Obs/Exp Position
AAAAA	1995170	4.3189425	5.3022256	11
TTCTT	1614785	3.6086993	4.040779	1
CTTCT	1715355	3.2960227	3.5827873	22
TTTTT	1223270	3.1794958	4.0909057	1
CAGCA	1899185	3.116165	3.4170814	27
TCTTC	1621630	3.1159317	3.389959	6
>>END_MODULE
