##FastQC	0.10.1
>>Basic Statistics	pass
#Measure	Value	
Filename	Sample_5_L001_trimmed.fastq	
File type	Conventional base calls	
Encoding	Sanger / Illumina 1.9	
Total Sequences	17523485	
Filtered Sequences	0	
Sequence length	5-51	
%GC	52	
>>END_MODULE
>>Per base sequence quality	pass
#Base	Mean	Median	Lower Quartile	Upper Quartile	10th Percentile	90th Percentile
1	32.42669177963173	33.0	31.0	34.0	31.0	34.0
2	32.643418589395885	34.0	31.0	34.0	31.0	34.0
3	32.72313286997421	34.0	31.0	34.0	31.0	34.0
4	36.14560505515883	37.0	35.0	37.0	35.0	37.0
5	36.22760352749467	37.0	35.0	37.0	35.0	37.0
6	36.127416934899315	37.0	35.0	37.0	35.0	37.0
7	36.10449688661353	37.0	35.0	37.0	35.0	37.0
8	36.10777236901892	37.0	35.0	37.0	35.0	37.0
9	37.871576300771174	39.0	38.0	39.0	35.0	39.0
10	37.88463539964765	39.0	38.0	39.0	35.0	39.0
11	37.891455614274385	39.0	38.0	39.0	35.0	39.0
12	37.87940495928709	39.0	38.0	39.0	35.0	39.0
13	37.77494964741337	39.0	38.0	39.0	35.0	39.0
14	39.19083872995636	41.0	39.0	41.0	36.0	41.0
15	39.16167076688658	41.0	38.0	41.0	36.0	41.0
16	39.10850740998354	40.0	38.0	41.0	36.0	41.0
17	39.12227297408196	40.0	38.0	41.0	36.0	41.0
18	39.12694095345586	40.0	38.0	41.0	36.0	41.0
19	39.17193624399211	40.0	39.0	41.0	36.0	41.0
20	39.164277373896965	40.0	39.0	41.0	36.0	41.0
21	39.130311651014274	40.0	39.0	41.0	36.0	41.0
22	39.03805940461306	40.0	39.0	41.0	35.0	41.0
23	39.0460421161281	40.0	38.0	41.0	35.0	41.0
24	39.078580024603184	40.0	38.0	41.0	35.0	41.0
25	39.0610865329022	40.0	38.0	41.0	35.0	41.0
26	39.022804042598985	40.0	38.0	41.0	35.0	41.0
27	38.98625554311269	40.0	38.0	41.0	35.0	41.0
28	38.966149646010116	40.0	38.0	41.0	35.0	41.0
29	38.92440239399937	40.0	38.0	41.0	35.0	41.0
30	38.89874570728644	40.0	38.0	41.0	35.0	41.0
31	38.826092755188306	40.0	38.0	41.0	35.0	41.0
32	38.79521086443382	40.0	38.0	41.0	35.0	41.0
33	38.7561268986545	40.0	38.0	41.0	35.0	41.0
34	38.70771703181695	40.0	38.0	41.0	35.0	41.0
35	38.64488636399535	40.0	38.0	41.0	34.0	41.0
36	38.59357251222775	40.0	38.0	41.0	34.0	41.0
37	38.53655601454717	40.0	38.0	41.0	34.0	41.0
38	38.478593279194826	40.0	38.0	41.0	34.0	41.0
39	38.40456993694478	40.0	37.0	41.0	34.0	41.0
40	38.312193107004525	40.0	37.0	41.0	34.0	41.0
41	38.23362707768985	40.0	37.0	41.0	33.0	41.0
42	38.14930426084323	40.0	37.0	41.0	33.0	41.0
43	38.089061231110634	40.0	37.0	41.0	33.0	41.0
44	37.99450329102321	40.0	36.0	41.0	33.0	41.0
45	37.92094592589971	40.0	36.0	41.0	33.0	41.0
46	37.84057611249684	40.0	36.0	41.0	33.0	41.0
47	37.735417922220094	39.0	36.0	41.0	33.0	41.0
48	37.62759811442117	39.0	35.0	41.0	33.0	41.0
49	37.507623011648725	39.0	35.0	41.0	33.0	41.0
50	37.383676969080874	39.0	35.0	41.0	33.0	41.0
51	37.22997665440563	39.0	35.0	41.0	32.0	41.0
>>END_MODULE
>>Per sequence quality scores	pass
#Quality	Count
23	1.0
24	12.0
25	122.0
26	1184.0
27	8008.0
28	38188.0
29	111035.0
30	208572.0
31	299419.0
32	393524.0
33	511516.0
34	695586.0
35	1043193.0
36	1433465.0
37	2064846.0
38	3169919.0
39	7410696.0
40	134199.0
>>END_MODULE
>>Per base sequence content	fail
#Base	G	A	T	C
1	36.44186073717643	10.024159007183787	11.654285662926068	41.879694592713726
2	24.894037915403246	10.722262152762422	32.53683841998324	31.846861511851092
3	23.942492032834792	16.30072442781787	21.93656113495689	37.82022240439045
4	27.279859000649697	22.496016060732213	18.744490607889926	31.479634330728164
5	27.72610014503394	26.76374020350404	21.58891339251296	23.92124625894906
6	25.145208598581803	29.24052761323523	22.076470221495676	23.53779356668729
7	19.887797366298056	24.60179200989842	34.575018052133835	20.935392571669684
8	22.746036708095215	21.680513963313786	29.30275072038783	26.270698608203162
9	21.939195443678887	20.31338456298516	30.245890313150024	27.501529680185925
10	22.497801867242515	31.86795977590865	24.25213660358014	21.382101753268696
11	26.521862155256485	25.980215556571594	20.694381813740996	26.80354047443092
12	24.738599631528345	21.756838925989307	25.300956146669247	28.203605295813105
13	24.29854783321601	24.565483413804408	25.206735186336616	25.929233566642967
14	23.876350379758733	24.034463968085873	26.087978296982932	26.00120735517246
15	24.308185186845016	23.939312814150355	25.067417757765455	26.68508424123917
16	25.245275372691307	23.674189416408254	24.142777413739783	26.93775779716066
17	24.744396295752153	24.59257457777575	24.147688506171765	26.515340620300332
18	24.39588976320526	24.044508634928643	24.463483060427464	27.096118541438628
19	25.102584623917956	23.913846909002448	23.665602195253374	27.317966271826222
20	25.120786386441647	23.88008958018816	24.43456134256353	26.564562690806664
21	24.5882940319853	23.669927400166166	24.50005751534669	27.241721052501845
22	25.36829731438263	24.39253575380908	23.259841067780503	26.979325864027782
23	25.007263424385883	24.674802553102033	23.949098456895445	26.368835565616642
24	24.62145722356077	24.16323222574278	24.0661442490195	27.149166301676946
25	25.356951663082416	24.228429486100957	23.3127170052586	27.101901845558025
26	25.02767947132317	24.377916884811974	23.815250813353924	26.77915283051093
27	24.55145652346561	23.907535062515663	24.335869995499635	27.20513841851909
28	25.301058649382085	24.086965175248018	23.513253919135096	27.098722256234797
29	25.079942395001964	24.243169134963953	23.97839955092838	26.6984889191057
30	24.614618661678684	23.9501600389393	24.13526344548732	27.299957853894703
31	25.28992546288765	24.07187920755911	23.359950225417876	27.278245104135372
32	24.90058122132638	24.422265926482513	24.098534965803644	26.578617886387462
33	24.493843873164135	23.908150047625295	24.437227221953975	27.160778857256595
34	25.317951278824268	24.254566842652494	23.208319343836052	27.21916253468718
35	25.223007902844337	24.406111502624615	23.83965317000207	26.53122742452898
36	24.81144402649111	23.90952051501542	23.82528191250151	27.453753545991965
37	25.37917896244774	24.102864008910387	23.008417338296184	27.509539690345687
38	25.074473942254382	24.292100409515772	23.69649388405836	26.936931764171483
39	24.594312467605057	23.970928054768898	23.94806160259335	27.486697875032696
40	25.249295788030462	24.26449685406191	23.012451756761372	27.473755601146255
41	25.02362342825972	24.361040672216273	23.696700163129783	26.91863573639422
42	24.67302200556493	24.071606622551375	23.798617661148906	27.456753710734787
43	25.268573754749063	24.268005499611057	23.07203314070184	27.39138760493804
44	24.919208647467798	24.264154335776603	23.891285160607076	26.92535185614852
45	24.731754434910062	23.83330843614052	23.79617735268062	27.638759776268795
46	25.49431379662035	23.97684002129728	23.045465677709526	27.48338050437284
47	25.24842103304413	24.13487864195672	23.663124711951635	26.95357561304751
48	24.592571636645882	23.89198284085347	23.71881031813087	27.796635204369775
49	25.676818051773214	23.80703544603378	22.94933276368796	27.566813738505047
50	25.516559656396172	24.23888112830106	23.49286541335833	26.75169380194444
51	25.068301793724785	23.9821093046605	23.517092534197122	27.432496367417592
>>END_MODULE
>>Per base GC content	fail
#Base	%GC
1	78.32155532989015
2	56.74089942725434
3	61.76271443722524
4	58.75949333137787
5	51.64734640398299
6	48.683002165269095
7	40.82318993796774
8	49.01673531629838
9	49.440725123864816
10	43.87990362051121
11	53.3254026296874
12	52.94220492734145
13	50.22778139985897
14	49.877557734931194
15	50.99326942808419
16	52.18303316985197
17	51.25973691605249
18	51.49200830464389
19	52.42055089574418
20	51.68534907724831
21	51.830015084487144
22	52.347623178410416
23	51.376098990002525
24	51.770623525237724
25	52.458853508640445
26	51.806832301834106
27	51.7565949419847
28	52.399780905616886
29	51.778431314107664
30	51.91457651557339
31	52.56817056702302
32	51.47919910771384
33	51.654622730420726
34	52.537113813511446
35	51.75423532737331
36	52.26519757248307
37	52.88871865279343
38	52.011405706425876
39	52.081010342637754
40	52.723051389176725
41	51.94225916465395
42	52.12977571629972
43	52.6599613596871
44	51.84456050361632
45	52.37051421117885
46	52.97769430099319
47	52.201996646091644
48	52.38920684101566
49	53.24363179027826
50	52.26825345834061
51	52.500798161142384
>>END_MODULE
>>Per sequence GC content	pass
#GC Content	Count
0	131419.0
1	129046.5
2	122800.5
3	76613.5
4	22391.0
5	8118.0
6	5951.0
7	6536.0
8	7664.5
9	8403.5
10	9794.5
11	11662.0
12	12232.0
13	13393.5
14	15091.5
15	17429.5
16	19352.0
17	22655.5
18	26441.0
19	32170.0
20	37761.5
21	46748.5
22	56061.5
23	66548.0
24	77420.0
25	93086.5
26	123174.0
27	141132.0
28	170306.5
29	200445.0
30	237020.0
31	276116.5
32	320085.5
33	361072.5
34	413700.0
35	471213.0
36	544046.0
37	614822.0
38	687510.5
39	764136.0
40	839485.5
41	909246.0
42	972081.5
43	1035033.0
44	1107549.0
45	1182530.5
46	1226395.5
47	1267216.5
48	1296775.5
49	1324711.0
50	1345102.5
51	1364139.0
52	1359990.5
53	1355020.0
54	1331268.0
55	1306188.0
56	1259135.0
57	1213179.5
58	1156964.5
59	1096370.0
60	1035397.0
61	971737.5
62	917497.0
63	866710.5
64	815144.5
65	760074.0
66	712617.5
67	671583.5
68	619196.5
69	561427.0
70	513765.0
71	467117.0
72	422364.5
73	378001.0
74	346096.0
75	286751.0
76	251560.0
77	227555.0
78	203695.5
79	180404.0
80	158024.0
81	141155.0
82	124179.0
83	111686.0
84	99764.0
85	90269.5
86	80384.0
87	73779.5
88	66770.5
89	60393.5
90	51609.0
91	43943.0
92	36592.0
93	28867.0
94	22910.5
95	18350.5
96	15375.5
97	13763.5
98	12504.0
99	11899.0
100	11484.0
>>END_MODULE
>>Per base N content	pass
#Base	N-Count
1	0.0
2	0.0
3	0.0
4	0.0
5	0.0
6	0.0
7	0.0
8	0.0
9	0.0
10	0.0
11	0.0
12	0.0
13	0.0
14	0.0
15	0.0
16	0.0
17	0.0
18	0.0
19	0.0
20	0.0
21	0.0
22	0.0
23	0.0
24	0.0
25	0.0
26	0.0
27	0.0
28	0.0
29	0.0
30	0.0
31	0.0
32	0.0
33	0.0
34	0.0
35	0.0
36	0.0
37	0.0
38	0.0
39	0.0
40	0.0
41	0.0
42	0.0
43	0.0
44	0.0
45	0.0
46	0.0
47	0.0
48	0.0
49	0.0
50	0.0
51	0.0
>>END_MODULE
>>Sequence Length Distribution	warn
#Length	Count
5	56372.0
6	55044.0
7	45382.0
8	55879.0
9	50704.0
10	56082.0
11	62405.0
12	56596.0
13	64346.0
14	62235.0
15	79860.0
16	52924.0
17	97666.0
18	54926.0
19	66267.0
20	54693.0
21	54631.0
22	48620.0
23	53414.0
24	50789.0
25	50083.0
26	51437.0
27	54673.0
28	50274.0
29	53660.0
30	53851.0
31	51045.0
32	53217.0
33	48427.0
34	50517.0
35	50851.0
36	52048.0
37	49957.0
38	49099.0
39	49235.0
40	45084.0
41	48881.0
42	45583.0
43	41516.0
44	25340.0
45	45851.0
46	61827.0
47	69830.0
48	43758.0
49	4421.0
50	0.0
51	1.5144185E7
>>END_MODULE
>>Sequence Duplication Levels	fail
#Total Duplicate Percentage	71.18036605228212
#Duplication Level	Relative count
1	100.0
2	42.650940160744376
3	22.43711137288818
4	14.203062791703324
5	10.36637191894189
6	8.192296795550453
7	6.386532066862502
8	5.544040678168289
9	4.770141508730597
10++	83.67654295214948
>>END_MODULE
>>Overrepresented sequences	warn
#Sequence	Count	Percentage	Possible Source
ATATATATATATATATA	41538	0.23704188978391	No Hit
ATATATATATATATA	22788	0.13004262565351585	No Hit
>>END_MODULE
>>Kmer Content	warn
#Sequence	Count	Obs/Exp Overall	Obs/Exp Max	Max Obs/Exp Position
AAAAA	2885470	5.236855	8.462552	10
TTCTT	2364080	3.3984199	6.194263	6
CAGCA	2605350	3.2786396	4.6510477	9
CTTCT	2533185	3.1920135	5.255912	1
TTTTT	1920950	3.150271	4.301572	11
TCTTC	2330930	2.9371562	5.397374	7
ATATA	1630305	2.84128	10.173223	7
TCTTG	1762790	2.4301684	5.1120496	7
TATAT	1421370	2.4274366	9.596522	6
CTCCT	2060325	2.2757077	7.045345	1
TTGAA	1300315	2.1296597	6.0685253	7
GCCAG	1734230	2.05093	6.130874	1
CTCCA	1818505	2.0497444	7.1059666	1
GGCAG	1564320	2.0239868	5.502647	1
TCCAG	1607560	1.9823958	5.2097735	2
GTCCA	1272230	1.5688766	5.215882	1
>>END_MODULE
