##FastQC	0.10.1
>>Basic Statistics	pass
#Measure	Value	
Filename	Sample_2_L002_trimmed.fastq	
File type	Conventional base calls	
Encoding	Sanger / Illumina 1.9	
Total Sequences	16179779	
Filtered Sequences	0	
Sequence length	20-51	
%GC	51	
>>END_MODULE
>>Per base sequence quality	pass
#Base	Mean	Median	Lower Quartile	Upper Quartile	10th Percentile	90th Percentile
1	32.349378134274886	34.0	31.0	34.0	30.0	34.0
2	32.564012586327664	34.0	31.0	34.0	31.0	34.0
3	32.634058722310115	34.0	31.0	34.0	31.0	34.0
4	36.00023999091706	37.0	35.0	37.0	35.0	37.0
5	36.1079169251941	37.0	35.0	37.0	35.0	37.0
6	35.98768468963637	37.0	35.0	37.0	35.0	37.0
7	35.96504222956321	37.0	35.0	37.0	35.0	37.0
8	35.947652189810505	37.0	35.0	37.0	35.0	37.0
9	37.651719655750554	39.0	38.0	39.0	35.0	39.0
10	37.685414244533256	39.0	38.0	39.0	35.0	39.0
11	37.680855900442154	39.0	38.0	39.0	35.0	39.0
12	37.64767120737557	39.0	38.0	39.0	35.0	39.0
13	37.54427956030796	39.0	37.0	39.0	35.0	39.0
14	38.892263237958936	41.0	38.0	41.0	35.0	41.0
15	38.86858887256742	41.0	38.0	41.0	35.0	41.0
16	38.84371554147928	40.0	38.0	41.0	35.0	41.0
17	38.831284469336694	40.0	38.0	41.0	34.0	41.0
18	38.83382276111435	40.0	38.0	41.0	34.0	41.0
19	38.868401169138345	40.0	38.0	41.0	34.0	41.0
20	38.78695308508231	40.0	38.0	41.0	34.0	41.0
21	38.794120624806695	40.0	38.0	41.0	34.0	41.0
22	38.80449289961047	40.0	38.0	41.0	34.0	41.0
23	38.78385102467457	40.0	38.0	41.0	34.0	41.0
24	38.76890587996356	40.0	38.0	41.0	34.0	41.0
25	38.739611453386786	40.0	38.0	41.0	34.0	41.0
26	38.68252451651106	40.0	38.0	41.0	34.0	41.0
27	38.633511528813806	40.0	38.0	41.0	34.0	41.0
28	38.5919846478734	40.0	38.0	41.0	34.0	41.0
29	38.546353589324674	40.0	38.0	41.0	34.0	41.0
30	38.52099328537129	40.0	38.0	41.0	34.0	41.0
31	38.486177792265316	40.0	38.0	41.0	34.0	41.0
32	38.43535154875396	40.0	38.0	41.0	34.0	41.0
33	38.37940241792287	40.0	38.0	41.0	34.0	41.0
34	38.33843666597377	40.0	38.0	41.0	33.0	41.0
35	38.270297614572215	40.0	38.0	41.0	33.0	41.0
36	38.082148162662044	40.0	38.0	41.0	33.0	41.0
37	38.09919381096644	40.0	37.0	41.0	33.0	41.0
38	38.064797728582235	40.0	37.0	41.0	33.0	41.0
39	38.00636541546452	40.0	37.0	41.0	33.0	41.0
40	37.94218056114705	40.0	37.0	41.0	33.0	41.0
41	37.88720453433845	40.0	37.0	41.0	33.0	41.0
42	37.77033622204413	40.0	37.0	41.0	33.0	41.0
43	37.74462169201848	40.0	37.0	41.0	33.0	41.0
44	37.67856165907992	40.0	36.0	41.0	32.0	41.0
45	37.62113347913817	40.0	36.0	41.0	32.0	41.0
46	37.554706259757296	40.0	36.0	41.0	32.0	41.0
47	37.48071683231528	40.0	35.0	41.0	32.0	41.0
48	37.41808614468767	39.0	35.0	41.0	32.0	41.0
49	37.325365518363476	39.0	35.0	41.0	32.0	41.0
50	37.313056050774314	39.0	35.0	41.0	32.0	41.0
51	37.47368926564503	39.0	35.0	41.0	32.0	41.0
>>END_MODULE
>>Per sequence quality scores	pass
#Quality	Count
11	8.0
12	35.0
13	52.0
14	145.0
15	244.0
16	462.0
17	964.0
18	1687.0
19	2961.0
20	5488.0
21	9707.0
22	15887.0
23	25841.0
24	38989.0
25	57349.0
26	79849.0
27	106482.0
28	136868.0
29	172396.0
30	213481.0
31	260875.0
32	321948.0
33	405086.0
34	531491.0
35	727231.0
36	1057397.0
37	1634357.0
38	2699737.0
39	7418841.0
40	253902.0
41	19.0
>>END_MODULE
>>Per base sequence content	fail
#Base	G	A	T	C
1	32.849393864423554	12.990629638792678	7.4275235032162295	46.73245299356754
2	22.507998878599494	11.327418291782676	38.55158491765766	27.612997911960168
3	20.720341911066186	16.099278962132686	23.32923217730839	39.85114694949274
4	23.51054034922731	22.38275595516551	20.19817084005546	33.90853285555171
5	25.787350110736995	26.074665548563154	23.901842163718193	24.236142176981662
6	24.056131054872758	29.17897120179413	23.017636325225165	23.74726141810795
7	19.568060849286013	25.9024922404688	34.95149717434336	19.577949735901832
8	20.45440175666182	21.967827867117347	31.472104779675913	26.10566559654492
9	21.454674998960122	19.619822990165687	31.827165253616872	27.098336757257314
10	22.381072077684127	31.659635153236643	24.54534762186801	21.41394514721122
11	25.67800532726749	26.24056561471768	21.866852676646904	26.214576381367927
12	24.673161481377466	22.30760383068273	24.80135853524328	28.217876152696526
13	24.363375072266134	24.60226586545254	25.167440492694027	25.866918569587295
14	23.65611421515708	24.749336811089943	26.097470181762063	25.49707879199092
15	24.252402846270375	24.12560252710638	25.012815386127247	26.609179240496
16	25.05141139443252	24.525860334680715	23.853348058709578	26.569380212177187
17	24.356593339524192	25.07493460199539	24.594816676993343	25.97365538148707
18	24.41169464747909	24.700981682196137	24.207705445649502	26.679618224675274
19	25.056179698892016	24.784476324982723	23.530052361043047	26.629291615082213
20	24.741726892072396	24.694303479678208	24.80533718274893	25.758632445500467
21	24.493183845398676	24.165215530026924	24.442462826270866	26.899137798303535
22	25.143453660712424	24.95848296834321	23.387981405018195	26.51008196592618
23	24.455707971727435	25.298648840372884	24.45033585031749	25.79530733758219
24	24.42964598763377	24.65682247583174	24.097190780705258	26.81634075582923
25	25.252627497251634	24.85491112628243	23.244419526711336	26.6480418497546
26	24.652071123234382	24.984009152151426	24.205211726988686	26.15870799762551
27	24.488917016824203	24.28473311497549	24.274829502916	26.95152036528431
28	25.246593238975795	24.527547261977098	23.464029822436537	26.76182967661057
29	24.70591736397027	24.766289916694788	24.37482730591536	26.152965413419583
30	24.551949012358897	24.27188581620017	23.975868869827178	27.20029630161375
31	25.179556597167768	24.62593742314111	23.354884044654927	26.839621935036188
32	24.46893874037347	25.055037266256814	24.5005451265967	25.975478866773017
33	24.4685965646898	24.351558437304792	24.282764561550955	26.897080436454452
34	25.20469008796175	24.89356189732652	23.21184111352993	26.689906901181796
35	24.875620164860305	25.022306083253703	24.187753515875396	25.914320236010596
36	24.86013886149976	24.282454850063175	23.755332051986667	27.102074236450402
37	25.2928094839167	24.635628634171248	22.941863174227066	27.129698707684984
38	24.744095395911177	24.832780977540835	24.031480809354942	26.391642817193038
39	24.56711356424826	24.39123591512488	23.843093105474633	27.198557415152223
40	25.19134218550514	24.829278923539658	23.027384708774747	26.95199418218046
41	24.710117228702526	24.960309855185955	24.060556964299685	26.26901595181183
42	24.659711547651746	24.49309871487401	23.661705150807034	27.185484586667208
43	25.19241517854202	24.91605819865462	23.05323690647724	26.83828971632612
44	24.521569310604963	24.89694779455038	24.194597479347593	26.38688541549707
45	24.59620831313312	24.30688728310569	23.761465891559226	27.335438512201964
46	25.350001987567914	24.58242070320527	23.02953201934533	27.038045289881484
47	24.954396726237757	24.8706267363048	23.837305014054376	26.337671523403067
48	24.149523981634154	24.479284045348486	23.841475409049547	27.529716563967817
49	24.470365911002943	24.788461019798795	23.156435328283298	27.58473774091496
50	25.3113799363687	24.08722095943709	23.973612783779412	26.6277863204148
51	24.826073822198218	24.752772513430422	22.87932220912654	27.541831455244818
>>END_MODULE
>>Per base GC content	fail
#Base	%GC
1	79.5818468579911
2	50.120996790559666
3	60.57148886055892
4	57.419073204779025
5	50.02349228771866
6	47.803392472980704
7	39.146010585187845
8	46.56006735320674
9	48.55301175621744
10	43.795017224895346
11	51.89258170863541
12	52.89103763407399
13	50.23029364185343
14	49.15319300714799
15	50.861582086766376
16	51.62079160660971
17	50.33024872101126
18	51.09131287215436
19	51.68547131397423
20	50.50035933757287
21	51.39232164370221
22	51.6535356266386
23	50.25101530930962
24	51.245986743463
25	51.900669347006236
26	50.810779120859884
27	51.440437382108506
28	52.00842291558636
29	50.85888277738986
30	51.75224531397266
31	52.01917853220396
32	50.444417607146484
33	51.36567700114425
34	51.89459698914355
35	50.789940400870904
36	51.96221309795016
37	52.42250819160169
38	51.13573821310422
39	51.76567097940048
40	52.1433363676856
41	50.97913318051436
42	51.84519613431896
43	52.03070489486814
44	50.90845472610203
45	51.931646825335086
46	52.3880472774494
47	51.292068249640835
48	51.67924054560197
49	52.05510365191791
50	51.939166256783494
51	52.367905277443036
>>END_MODULE
>>Per sequence GC content	pass
#GC Content	Count
0	1222.0
1	1119.5
2	790.0
3	721.0
4	863.5
5	818.0
6	789.0
7	854.5
8	945.0
9	1185.5
10	1431.0
11	1925.0
12	2454.5
13	3222.5
14	3983.5
15	5328.5
16	6723.5
17	8898.0
18	11282.5
19	14981.0
20	18670.5
21	24654.0
22	30567.0
23	38214.5
24	46620.5
25	58607.5
26	85025.5
27	100862.0
28	123967.0
29	147421.5
30	177030.0
31	206838.5
32	244848.0
33	283001.5
34	336078.5
35	391873.5
36	458761.5
37	523396.5
38	584649.5
39	647785.0
40	717431.0
41	786905.5
42	849847.0
43	911224.0
44	978278.0
45	1045753.0
46	1072609.5
47	1097944.0
48	1123041.0
49	1148202.0
50	1147475.0
51	1146277.5
52	1134736.5
53	1122441.5
54	1086612.0
55	1049719.5
56	999531.0
57	949976.5
58	890196.5
59	829062.5
60	769092.0
61	709010.0
62	654811.0
63	600663.0
64	549692.5
65	499481.5
66	463170.5
67	427126.5
68	381652.5
69	335847.5
70	304670.0
71	273987.0
72	242948.0
73	211581.5
74	189413.0
75	150332.0
76	130887.0
77	114408.0
78	98111.0
79	84736.5
80	71633.5
81	61935.0
82	52240.5
83	45181.5
84	38326.5
85	33082.5
86	27881.5
87	23707.5
88	19639.0
89	16240.5
90	12897.0
91	10411.5
92	7964.0
93	6142.0
94	4321.0
95	3211.0
96	2154.0
97	1537.5
98	901.0
99	595.5
100	355.0
>>END_MODULE
>>Per base N content	pass
#Base	N-Count
1	0.07280074715482826
2	6.798609548375167E-5
3	0.0037145130350667954
4	1.236110826977303E-5
5	6.180554134886515E-6
6	0.0048517349958859144
7	0.0
8	0.0
9	0.0
10	0.0
11	1.236110826977303E-5
12	0.0
13	6.180554134886515E-6
14	0.0
15	5.562498721397863E-5
16	0.0
17	2.472221653954606E-5
18	6.180554134886515E-6
19	1.236110826977303E-5
20	4.326387894420561E-5
21	8.097001834743531E-4
22	3.708808122586493E-5
23	6.42919487501676E-4
24	0.0018300405483815422
25	8.965851483205353E-4
26	2.349998222040819E-4
27	0.013563819720074428
28	0.006829325867593475
29	0.0022210765564255838
30	0.010048986333254831
31	5.508125506291115E-4
32	0.0015474881080181364
33	0.008122602261364662
34	9.597851864525145E-4
35	0.01086925959099131
36	0.012773422954609188
37	0.006412832108028029
38	0.005856661282876554
39	0.014921364039562257
40	0.008867840892826623
41	0.007140583004097243
42	0.02072604618878249
43	0.008867246262691829
44	0.00307117287719163
45	0.004094849152727169
46	0.006529263874093863
47	0.006707156116378919
48	0.005238886173140134
49	0.01910368480965259
50	0.0
51	0.0
>>END_MODULE
>>Sequence Length Distribution	warn
#Length	Count
20	951.0
21	1124.0
22	1495.0
23	1704.0
24	2031.0
25	2249.0
26	2213.0
27	2434.0
28	2245.0
29	2499.0
30	2887.0
31	2734.0
32	2754.0
33	3012.0
34	2993.0
35	3561.0
36	3378.0
37	4042.0
38	4240.0
39	5549.0
40	6552.0
41	13793.0
42	12406.0
43	7873.0
44	16092.0
45	18154.0
46	67885.0
47	349835.0
48	280035.0
49	53984.0
50	171105.0
51	1.512797E7
>>END_MODULE
>>Sequence Duplication Levels	fail
#Total Duplicate Percentage	74.48577791703009
#Duplication Level	Relative count
1	100.0
2	52.53401924991702
3	27.841022236973117
4	17.35147693328908
5	11.812147361433787
6	9.346166611350814
7	7.436110189180219
8	6.221374045801527
9	5.386657816130103
10++	93.96614669764354
>>END_MODULE
>>Overrepresented sequences	pass
>>END_MODULE
>>Kmer Content	warn
#Sequence	Count	Obs/Exp Overall	Obs/Exp Max	Max Obs/Exp Position
AAAAA	3040195	4.969127	7.667984	10
TTCTT	2445080	3.4126961	6.7970524	6
TTTTT	2082675	3.243742	4.7957635	5
CTTCT	2588635	3.2378383	6.8532357	1
CAGCA	2448670	3.101248	4.2829747	9
TCTTC	2338330	2.9247594	5.5205827	7
TCTTG	1733975	2.4037414	5.2306504	7
CTTCA	1882930	2.377986	5.9080076	1
CTCCT	2041240	2.2880113	9.72057	1
CTGCT	1741730	2.1637423	5.0196443	1
TCCTC	1865135	2.0906165	6.767969	2
CTCCA	1823330	2.0635746	9.99128	1
TTGAA	1278965	2.0169973	5.828626	7
TCCAG	1558760	1.9552157	6.5813026	2
TCCTT	1550205	1.9389805	5.857932	2
CCTCC	1845255	1.8535329	5.39382	1
CCCAG	1481305	1.6650976	5.7361774	1
GTCCA	1185120	1.486544	6.182196	1
>>END_MODULE
