##FastQC	0.10.1
>>Basic Statistics	pass
#Measure	Value	
Filename	Sample_2_L002_poly_any.fastq	
File type	Conventional base calls	
Encoding	Sanger / Illumina 1.9	
Total Sequences	14209399	
Filtered Sequences	0	
Sequence length	20-39	
%GC	53	
>>END_MODULE
>>Per base sequence quality	pass
#Base	Mean	Median	Lower Quartile	Upper Quartile	10th Percentile	90th Percentile
1	37.55355022404537	39.0	37.0	39.0	35.0	39.0
2	38.89738855246446	41.0	38.0	41.0	35.0	41.0
3	38.87081381837473	41.0	38.0	41.0	35.0	41.0
4	38.844580126154526	40.0	38.0	41.0	35.0	41.0
5	38.829359426109434	40.0	38.0	41.0	34.0	41.0
6	38.82946576417483	40.0	38.0	41.0	34.0	41.0
7	38.862858802121046	40.0	38.0	41.0	34.0	41.0
8	38.77847979355074	40.0	38.0	41.0	34.0	41.0
9	38.7860029125792	40.0	38.0	41.0	34.0	41.0
10	38.795889044990574	40.0	38.0	41.0	34.0	41.0
11	38.772790249608725	40.0	38.0	41.0	34.0	41.0
12	38.75784936435383	40.0	38.0	41.0	34.0	41.0
13	38.7268234215958	40.0	38.0	41.0	34.0	41.0
14	38.666887318738816	40.0	38.0	41.0	34.0	41.0
15	38.61823937803422	40.0	38.0	41.0	34.0	41.0
16	38.57451078683905	40.0	38.0	41.0	34.0	41.0
17	38.52334261287194	40.0	38.0	41.0	34.0	41.0
18	38.49583828281548	40.0	38.0	41.0	34.0	41.0
19	38.45745326737605	40.0	38.0	41.0	34.0	41.0
20	38.40151874122192	40.0	38.0	41.0	34.0	41.0
21	38.34537588977055	40.0	38.0	41.0	33.0	41.0
22	38.30044713690211	40.0	38.0	41.0	33.0	41.0
23	38.22834098741438	40.0	38.0	41.0	33.0	41.0
24	38.03750029858014	40.0	37.0	41.0	33.0	41.0
25	38.0481542771386	40.0	37.0	41.0	33.0	41.0
26	38.005546608018236	40.0	37.0	41.0	33.0	41.0
27	37.94436771984477	40.0	37.0	41.0	33.0	41.0
28	37.873130094713844	40.0	37.0	41.0	33.0	41.0
29	37.806620706385516	40.0	37.0	41.0	33.0	41.0
30	37.68410956068408	40.0	36.0	41.0	32.0	41.0
31	37.64841624629079	40.0	36.0	41.0	32.0	41.0
32	37.56976811570582	40.0	36.0	41.0	32.0	41.0
33	37.506281187125175	40.0	36.0	41.0	32.0	41.0
34	37.42975232611195	39.0	35.0	41.0	32.0	41.0
35	37.34330180796627	39.0	35.0	41.0	32.0	41.0
36	37.26437411193715	39.0	35.0	41.0	32.0	41.0
37	37.15918000037458	39.0	35.0	41.0	31.0	41.0
38	37.13147486822064	39.0	35.0	41.0	31.0	41.0
39	37.28996203123488	39.0	35.0	41.0	32.0	41.0
>>END_MODULE
>>Per sequence quality scores	pass
#Quality	Count
9	2.0
10	11.0
11	21.0
12	66.0
13	141.0
14	281.0
15	593.0
16	1093.0
17	2006.0
18	3370.0
19	5578.0
20	9206.0
21	14390.0
22	21888.0
23	31032.0
24	43163.0
25	58147.0
26	75060.0
27	95286.0
28	117504.0
29	144002.0
30	174684.0
31	210325.0
32	254655.0
33	315778.0
34	406435.0
35	539509.0
36	738482.0
37	1050722.0
38	1509358.0
39	2369543.0
40	6011980.0
41	5088.0
>>END_MODULE
>>Per base sequence content	pass
#Base	G	A	T	C
1	25.13166109277388	23.89191829999284	24.49365381322602	26.48276679400726
2	24.457255370195462	23.90174278306915	25.45584792150604	26.185153925229347
3	25.053487483883025	23.248105004300324	24.328720729145548	27.369686782671103
4	25.908928308649788	23.62658688097927	23.12453186795585	27.339952942415085
5	25.271702202183217	24.090258849089956	23.867877874356264	26.770161074370563
6	25.35799719608127	23.534478833341225	23.3436262856719	27.763897684905604
7	26.02401410503006	23.700573120650635	22.61307462757573	27.662338146743576
8	25.745360518062725	23.54032003746253	23.915318304454676	26.799001140020067
9	25.410223191001958	22.95629111407175	23.61924666905335	28.014239025872946
10	26.145180383772743	23.773686698501464	22.56426186638858	27.516871051337215
11	25.392882556116554	24.178693271967376	23.61511560059648	26.81330857131959
12	25.394318225563232	23.460408142525942	23.245599620363958	27.899674011546864
13	26.194112784080453	23.79989470349872	22.388195306501	27.617797205919832
14	25.617438147806254	23.840241237507655	23.430427986433486	27.11189262825261
15	25.43405952637406	23.11264536944877	23.448366816921673	28.0049282872555
16	26.19784270960369	23.34791921882129	22.634905248279676	27.81933282329534
17	25.65907256176	23.66413245204811	23.529714381304938	27.14708060488695
18	25.497869403202767	23.161549619375176	23.113567294436592	28.227013682985465
19	26.197328965144834	23.481816507510274	22.416648304407527	27.90420622293737
20	25.475546150825945	23.888371351948102	23.612427239181617	27.023655258044343
21	25.462780481517765	23.13233206285354	23.38877311655222	28.01611433907648
22	26.291248517975774	23.690827011856335	22.18545614610087	27.832468324067023
23	25.911710450643234	23.785880248893456	23.334040715141544	26.968368585321766
24	25.92157659523095	22.981439970714685	22.845539241488453	28.251444192565916
25	26.515267367188088	23.361640556379655	21.895060966602667	28.228031109829587
26	25.8614528279631	23.547659213387888	23.126518970084888	27.464368988564125
27	25.72511334241927	22.998307732170804	22.822625152428536	28.453953772981393
28	26.460649664495932	23.494641490720834	21.941662503509786	28.10304634127344
29	25.911035984250606	23.537534686253657	23.14519208703559	27.40623724246014
30	25.890657648607622	23.0782569182587	22.57521989566678	28.455865537466895
31	26.58899981415514	23.471111023780193	21.870737774100547	28.069151387964126
32	25.83058142963774	23.39585217862941	23.12890167426213	27.644664717470718
33	25.873330517997516	22.833640047181145	22.671545874198177	28.62148356062316
34	26.839516588480894	23.046168912350108	21.77031209324089	28.34400240592811
35	26.61537822088785	23.270483298754744	22.373954533394915	27.74018394696249
36	25.74322001517892	22.571898429555954	22.415770812997717	29.269110742267408
37	26.429465145068455	22.603243315991516	21.48916869827641	29.478122840663616
38	27.814320594190058	21.342420805407187	21.820141847519874	29.02311675288289
39	26.41802273063861	22.824782408979797	21.296318148221495	29.460876712160093
>>END_MODULE
>>Per base GC content	pass
#Base	%GC
1	51.61442788678114
2	50.642409295424805
3	52.42317426655413
4	53.24888125106487
5	52.04186327655378
6	53.12189488098687
7	53.68635225177363
8	52.54436165808279
9	53.4244622168749
10	53.66205143510996
11	52.20619112743614
12	53.293992237110096
13	53.81190999000028
14	52.72933077605886
15	53.43898781362956
16	54.01717553289903
17	52.80615316664695
18	53.724883086188235
19	54.101535188082195
20	52.49920140887029
21	53.47889482059425
22	54.12371684204279
23	52.880079035965
24	54.173020787796865
25	54.743298477017674
26	53.32582181652722
27	54.179067115400656
28	54.56369600576938
29	53.317273226710746
30	54.34652318607451
31	54.658151202119264
32	53.47524614710846
33	54.49481407862068
34	55.183518994409006
35	54.35556216785034
36	55.01233075744633
37	55.90758798573208
38	56.837437347072935
39	55.87889944279871
>>END_MODULE
>>Per sequence GC content	pass
#GC Content	Count
0	119.0
1	182.5
2	286.0
3	338.5
4	468.5
5	604.0
6	864.0
7	1203.5
8	1372.5
9	1798.0
10	2240.0
11	2390.0
12	3327.0
13	4417.5
14	5908.0
15	7523.0
16	8245.0
17	10840.5
18	13811.5
19	18772.5
20	23584.5
21	24846.0
22	32332.5
23	40310.5
24	53124.0
25	66430.0
26	69908.0
27	88373.5
28	108963.0
29	140061.5
30	170640.0
31	177622.0
32	228030.5
33	281209.5
34	292535.0
35	342591.0
36	394360.0
37	480465.5
38	569278.0
39	587168.0
40	676482.5
41	765986.0
42	853063.5
43	942203.0
44	960643.5
45	1049524.0
46	1136250.0
47	1211626.0
48	1282327.0
49	1286888.5
50	1328979.5
51	1369583.5
52	1371562.5
53	1371516.0
54	1371728.5
55	1322371.0
56	1265630.0
57	1250612.5
58	1187212.5
59	1125652.0
60	1028839.5
61	928485.0
62	914155.5
63	830623.5
64	743045.5
65	673455.0
66	606190.5
67	594156.0
68	531058.0
69	469342.5
70	460385.0
71	406886.0
72	352765.5
73	306959.5
74	263133.0
75	257320.5
76	222035.0
77	187129.0
78	160705.0
79	134742.5
80	131176.5
81	111161.5
82	92059.5
83	77460.0
84	63351.5
85	61592.5
86	51796.5
87	42645.0
88	35464.0
89	28356.0
90	27726.5
91	22331.0
92	17213.5
93	16567.0
94	12820.0
95	9532.0
96	6881.5
97	4329.0
98	4187.5
99	2983.0
100	1920.0
>>END_MODULE
>>Per base N content	pass
#Base	N-Count
1	0.0
2	0.0
3	0.0
4	0.0
5	0.0
6	0.0
7	0.0
8	0.0
9	0.0
10	0.0
11	0.0
12	0.0
13	0.0
14	0.0
15	0.0
16	0.0
17	0.0
18	0.0
19	0.0
20	0.0
21	0.0
22	0.0
23	0.0
24	0.0
25	0.0
26	0.0
27	0.0
28	0.0
29	0.0
30	0.0
31	0.0
32	0.0
33	0.0
34	0.0
35	0.0
36	0.0
37	0.0
38	0.0
39	0.0
>>END_MODULE
>>Sequence Length Distribution	warn
#Length	Count
20	80616.0
21	75369.0
22	76992.0
23	77306.0
24	75318.0
25	81345.0
26	80313.0
27	78698.0
28	79173.0
29	84382.0
30	86185.0
31	81058.0
32	67716.0
33	120531.0
34	192752.0
35	447834.0
36	357025.0
37	233939.0
38	137971.0
39	1.1694876E7
>>END_MODULE
>>Sequence Duplication Levels	fail
#Total Duplicate Percentage	79.10211570896882
#Duplication Level	Relative count
1	100.0
2	56.44805705193336
3	32.473208979544886
4	21.05898817169258
5	14.625309127159097
6	11.556083814197804
7	9.412802177788855
8	8.001840384947185
9	6.838180319383471
10++	122.99906063684988
>>END_MODULE
>>Overrepresented sequences	pass
>>END_MODULE
>>Kmer Content	warn
#Sequence	Count	Obs/Exp Overall	Obs/Exp Max	Max Obs/Exp Position
CAGCA	1689050	3.2314289	3.683223	27
CATCA	1403845	3.0241096	3.530891	1
>>END_MODULE
