##FastQC	0.10.1
>>Basic Statistics	pass
#Measure	Value	
Filename	Control_2_trimmed.fastq	
File type	Conventional base calls	
Encoding	Sanger / Illumina 1.9	
Total Sequences	32495486	
Filtered Sequences	0	
Sequence length	51	
%GC	51	
>>END_MODULE
>>Per base sequence quality	pass
#Base	Mean	Median	Lower Quartile	Upper Quartile	10th Percentile	90th Percentile
1	32.23901261239792	33.0	31.0	34.0	30.0	34.0
2	32.46785150405198	34.0	31.0	34.0	31.0	34.0
3	32.544170011797945	34.0	31.0	34.0	31.0	34.0
4	35.97793681251605	37.0	35.0	37.0	35.0	37.0
5	36.05791675188363	37.0	35.0	37.0	35.0	37.0
6	35.92078235112409	37.0	35.0	37.0	35.0	37.0
7	35.899472375947845	37.0	35.0	37.0	35.0	37.0
8	35.88369113790143	37.0	35.0	37.0	35.0	37.0
9	37.618510244776765	39.0	37.0	39.0	35.0	39.0
10	37.62652237298436	39.0	37.0	39.0	35.0	39.0
11	37.620801239901446	39.0	38.0	39.0	35.0	39.0
12	37.59631337718722	39.0	37.0	39.0	35.0	39.0
13	37.486927969010836	39.0	37.0	39.0	34.0	39.0
14	38.86639051959401	41.0	38.0	41.0	35.0	41.0
15	38.83686521875685	40.0	38.0	41.0	34.0	41.0
16	38.789773878131875	40.0	38.0	41.0	34.0	41.0
17	38.79048893129341	40.0	38.0	41.0	34.0	41.0
18	38.79572104260881	40.0	38.0	41.0	34.0	41.0
19	38.83802919580892	40.0	38.0	41.0	34.0	41.0
20	38.78970029868148	40.0	38.0	41.0	34.0	41.0
21	38.77595632821125	40.0	38.0	41.0	34.0	41.0
22	38.734835693794516	40.0	38.0	41.0	34.0	41.0
23	38.7237239966191	40.0	38.0	41.0	34.0	41.0
24	38.73160878406311	40.0	38.0	41.0	34.0	41.0
25	38.70587259411969	40.0	38.0	41.0	34.0	41.0
26	38.638017846540286	40.0	38.0	41.0	34.0	41.0
27	38.58575197182772	40.0	38.0	41.0	34.0	41.0
28	38.55233979267151	40.0	38.0	41.0	34.0	41.0
29	38.502675079240234	40.0	38.0	41.0	34.0	41.0
30	38.47492500958441	40.0	38.0	41.0	34.0	41.0
31	38.41976602534888	40.0	38.0	41.0	34.0	41.0
32	38.37155889898062	40.0	38.0	41.0	34.0	41.0
33	38.32129622557422	40.0	38.0	41.0	33.0	41.0
34	38.2743469046747	40.0	38.0	41.0	33.0	41.0
35	38.20051409601937	40.0	38.0	41.0	33.0	41.0
36	38.078324632535114	40.0	38.0	41.0	33.0	41.0
37	38.06059897057702	40.0	37.0	41.0	33.0	41.0
38	38.0088371351024	40.0	37.0	41.0	33.0	41.0
39	37.94081310247214	40.0	37.0	41.0	33.0	41.0
40	37.86326817823251	40.0	37.0	41.0	33.0	41.0
41	37.79049148549432	40.0	37.0	41.0	33.0	41.0
42	37.68850704371678	40.0	37.0	41.0	32.0	41.0
43	37.64482519202821	40.0	36.0	41.0	32.0	41.0
44	37.55860266253596	40.0	36.0	41.0	32.0	41.0
45	37.491165511419034	40.0	36.0	41.0	32.0	41.0
46	37.41309774532992	40.0	36.0	41.0	32.0	41.0
47	37.30822625640989	39.0	35.0	41.0	31.0	41.0
48	37.21054742803354	39.0	35.0	41.0	31.0	41.0
49	37.08341764760804	39.0	35.0	41.0	31.0	41.0
50	36.967873753296075	39.0	35.0	41.0	31.0	41.0
51	36.84139840222731	39.0	35.0	41.0	31.0	41.0
>>END_MODULE
>>Per sequence quality scores	pass
#Quality	Count
8	2.0
9	37.0
10	207.0
11	539.0
12	1057.0
13	1703.0
14	2216.0
15	2965.0
16	4252.0
17	6440.0
18	9649.0
19	14689.0
20	21459.0
21	32342.0
22	46520.0
23	67210.0
24	93901.0
25	127628.0
26	168425.0
27	217108.0
28	274603.0
29	342970.0
30	423026.0
31	520547.0
32	645521.0
33	814454.0
34	1069974.0
35	1467825.0
36	2135511.0
37	3297061.0
38	5413719.0
39	1.4987061E7
40	284865.0
>>END_MODULE
>>Per base sequence content	fail
#Base	G	A	T	C
1	32.42649671987667	12.348695803745704	7.1549249276438855	48.069882548733744
2	22.103832117024176	10.693078033249236	39.93478195709644	27.26830789263014
3	20.329662940511227	15.499102981955284	24.852008255945005	39.31922582158849
4	24.885938762627408	21.734953131793734	19.686717689347777	33.692390416231085
5	26.29194207839445	26.104521929985314	23.647983336984616	23.955552654635625
6	23.90671508566047	29.207415637129095	23.162941165210828	23.722928111999604
7	19.64034019986653	25.829978354532074	34.9523099916093	19.5773714539921
8	20.405532633055557	22.115828641553474	31.64590921951437	25.8327295058766
9	21.169420269633758	19.48752512887482	32.32129841049308	27.021756190998342
10	22.516841262198696	31.698790410458855	24.31146590637235	21.4729024209701
11	25.782781029955977	26.336639495097874	21.779852746316827	26.100726728629326
12	24.44496444829291	22.234531282283328	25.09128190912424	28.229222360299524
13	24.4892975131776	24.534159130106843	24.965517517279707	26.01102583943585
14	23.642914588198497	24.86937108741811	26.121517308588643	25.36619701579475
15	24.031255920054843	24.091833583234788	25.2763307729359	26.60057972377447
16	25.180049216458784	24.395104382589416	23.66208720361606	26.76275919733574
17	24.41836150468288	25.20794196486066	24.595453799197024	25.77824273125944
18	24.201109040191	24.669207901675943	24.457156910962958	26.6725261471701
19	25.240625728755067	24.71486962835392	23.286603560876117	26.7579010820149
20	24.733153689909653	24.85067155793094	24.81076755157732	25.605407200582086
21	24.280805445462743	24.152928530301757	24.670067772857067	26.89619825137843
22	25.336553361591513	24.897543086680635	23.095883176207856	26.670020375519993
23	24.530349553526722	25.380197614808626	24.48809426139836	25.601358570266296
24	24.231258865154377	24.611376497282492	24.29611766708712	26.86124697047601
25	25.415557351509023	24.764825802053554	23.020390595875572	26.79922625056185
26	24.72449935109431	25.0546745320895	24.222272533497506	25.99855358331869
27	24.265339661217585	24.258218129321296	24.513180666031882	26.963261543429233
28	25.371678989056168	24.46330354439872	23.239495937582987	26.925521528962125
29	24.769033621018647	24.906559897849757	24.360827786998204	25.963578694133393
30	24.385731209866275	24.25386570910713	24.186452672462966	27.173950408563623
31	25.34104024896425	24.568570955965793	23.082595967794674	27.007792827275278
32	24.60426305607856	25.13744050451067	24.49716348157171	25.76113295783906
33	24.300090997433806	24.276184474646158	24.518139535799833	26.9055849921202
34	25.38950079509868	24.815732868755617	22.90681589961005	26.887950436535657
35	24.947163387659398	25.089447057018855	24.183985658923987	25.779403896397767
36	24.59749639216418	24.218645930772396	24.01013505777339	27.173722619290036
37	25.41571009062792	24.58694596789081	22.70455451558571	27.29278942589557
38	24.815161407427276	24.924905931396516	24.054539553595212	26.205393107581
39	24.319266420892312	24.319805053251812	24.1057125408972	27.255215984958674
40	25.350360124109876	24.755924977380484	22.761554326816807	27.132160571692832
41	24.79460462540701	25.062085969146512	24.040053506117555	26.10325589932892
42	24.459845299709844	24.418824301311005	23.922844817781595	27.198485581197552
43	25.385757300809853	24.81518346473151	22.786345169239087	27.012714065219544
44	24.655438388980038	25.010975005179738	24.16565031429879	26.167936291541444
45	24.462488660382395	24.249827837866743	23.95266099179239	27.335022509958474
46	25.558537466948245	24.465330340301072	22.731995086463325	27.244137106287365
47	25.096844155216203	24.937930514863023	23.817769710214364	26.14745561970641
48	24.4031376083031	24.332438008198583	23.804011512114588	27.460412871383728
49	25.543249445498617	24.592260109396324	22.680693206601653	27.183797238503406
50	24.989714452518474	24.983056970898804	23.922987680765782	26.10424089581694
51	24.571868008406383	24.145714023958337	23.92237078227867	27.360047185356613
>>END_MODULE
>>Per base GC content	fail
#Base	%GC
1	80.49637926861041
2	49.372140009654316
3	59.648888762099716
4	58.57832917885849
5	50.247494733030074
6	47.62964319766007
7	39.217711653858636
8	46.23826213893216
9	48.1911764606321
10	43.9897436831688
11	51.8835077585853
12	52.674186808592424
13	50.50032335261345
14	49.00911160399325
15	50.63183564382931
16	51.942808413794516
17	50.196604235942324
18	50.8736351873611
19	51.99852681076996
20	50.338560890491735
21	51.17700369684117
22	52.00657373711151
23	50.13170812379302
24	51.092505835630384
25	52.21478360207087
26	50.72305293441299
27	51.228601204646814
28	52.29720051801829
29	50.73261231515204
30	51.5596816184299
31	52.34883307623953
32	50.36539601391762
33	51.20567598955401
34	52.277451231634345
35	50.72656728405717
36	51.771219011454214
37	52.70849951652349
38	51.02055451500828
39	51.574482405850986
40	52.482520695802705
41	50.897860524735925
42	51.6583308809074
43	52.3984713660294
44	50.82337468052148
45	51.79751117034087
46	52.802674573235606
47	51.24429977492262
48	51.86355047968683
49	52.72704668400202
50	51.09395534833542
51	51.93191519376299
>>END_MODULE
>>Per sequence GC content	pass
#GC Content	Count
0	688.0
1	607.5
2	527.0
3	928.5
4	1330.0
5	1319.0
6	1308.0
7	1448.0
8	1588.0
9	2032.0
10	2476.0
11	3356.0
12	4236.0
13	5661.5
14	7087.0
15	9796.0
16	12505.0
17	16859.0
18	21213.0
19	28266.0
20	35319.0
21	47329.5
22	59340.0
23	74745.0
24	90150.0
25	113719.0
26	169004.0
27	200720.0
28	247508.0
29	294296.0
30	354017.5
31	413739.0
32	489849.0
33	565959.0
34	672998.0
35	780037.0
36	914091.5
37	1048146.0
38	1172910.0
39	1297674.0
40	1436882.5
41	1576091.0
42	1701987.0
43	1827883.0
44	1964736.0
45	2101589.0
46	2151688.5
47	2201788.0
48	2252382.0
49	2302976.0
50	2301296.5
51	2299617.0
52	2274414.5
53	2249212.0
54	2174319.0
55	2099426.0
56	2000873.5
57	1902321.0
58	1778127.5
59	1653934.0
60	1534067.0
61	1414200.0
62	1303541.5
63	1192883.0
64	1092969.5
65	993056.0
66	919921.5
67	846787.0
68	754157.5
69	661528.0
70	601490.5
71	541453.0
72	479849.5
73	418246.0
74	375119.0
75	292832.0
76	253672.0
77	222172.5
78	190673.0
79	165148.0
80	139623.0
81	120672.5
82	101722.0
83	87958.5
84	74195.0
85	64065.5
86	53936.0
87	45878.0
88	37820.0
89	31210.0
90	24600.0
91	19793.5
92	14987.0
93	11454.0
94	7921.0
95	5854.5
96	3788.0
97	2627.5
98	1467.0
99	970.5
100	474.0
>>END_MODULE
>>Per base N content	pass
#Base	N-Count
1	0.07430570510624153
2	5.662324914912798E-4
3	0.0018433329478438946
4	9.232051491705648E-6
5	1.4463547337005515E-4
6	0.0024618803977881727
7	0.0
8	0.0
9	0.0
10	0.0
11	0.0
12	0.0
13	3.0773504972352162E-6
14	0.0
15	3.077350497235216E-5
16	0.024557256967937025
17	3.0773504972352162E-6
18	0.0
19	0.0
20	6.1547009944704325E-6
21	5.41613687513398E-4
22	3.6620470917099067E-4
23	4.55447873590812E-4
24	8.67812840220331E-4
25	6.523983054138657E-4
26	2.769615447511694E-5
27	0.0076225971816516296
28	0.005086860371929812
29	0.0018617970508273056
30	0.005449987730603567
31	0.002649598778119521
32	0.004388301809057418
33	0.006960966824746059
34	0.006262408261873664
35	0.014642033665845157
36	0.01567602343291619
37	0.011484672055681827
38	0.014066569122862173
39	0.017827091430483607
40	0.011176937005958305
41	0.013072584912255197
42	0.02230155905346361
43	0.017119300816119506
44	0.010690715627395141
45	0.013266457993581015
46	0.012377103699880038
47	0.01502670247799956
48	0.013835767835569533
49	0.023818692848600574
50	0.017611676895677143
51	0.0020279739776780073
>>END_MODULE
>>Sequence Length Distribution	pass
#Length	Count
51	3.2495486E7
>>END_MODULE
>>Sequence Duplication Levels	fail
#Total Duplicate Percentage	84.2086593724003
#Duplication Level	Relative count
1	100.0
2	76.05829656371172
3	49.37291081695414
4	31.2769086776307
5	22.216873913624816
6	17.045059499933146
7	13.525872442839951
8	11.51490841021527
9	9.71787672148683
10++	204.10215269421045
>>END_MODULE
>>Overrepresented sequences	pass
>>END_MODULE
>>Kmer Content	warn
#Sequence	Count	Obs/Exp Overall	Obs/Exp Max	Max Obs/Exp Position
AAAAA	6116765	5.013016	7.9356627	10
TTCTT	4923670	3.3743412	6.787525	6
TTTTT	4256890	3.245558	4.745688	5
CTTCT	5219590	3.2154334	7.340298	1
CAGCA	4928980	3.10722	4.3527417	9
TCTTC	4706905	2.8996031	5.5042653	7
TCTTG	3501690	2.385818	5.252409	7
CTTCA	3780990	2.3631144	5.8859997	1
CTTGG	3429965	2.3233192	5.636591	1
CTCCT	4117765	2.2801733	9.7715225	1
CTGCT	3536390	2.1658225	5.452342	1
TCCTC	3750240	2.07666	6.7695045	2
CTCCA	3667265	2.0602727	10.016134	1
TTGAA	2622960	2.0464463	5.901689	7
TCCAG	3135450	1.948223	6.6203604	2
TCCTT	3116370	1.9197832	5.7461147	2
CCTCC	3722170	1.8527023	5.3184323	1
CCCAG	2987375	1.6685213	5.6857333	1
GTCCA	2391990	1.4862715	6.2809167	1
>>END_MODULE
