##FastQC	0.10.1
>>Basic Statistics	pass
#Measure	Value	
Filename	Sample_8_L001_poly_any.fastq	
File type	Conventional base calls	
Encoding	Sanger / Illumina 1.9	
Total Sequences	12605349	
Filtered Sequences	0	
Sequence length	20-39	
%GC	55	
>>END_MODULE
>>Per base sequence quality	pass
#Base	Mean	Median	Lower Quartile	Upper Quartile	10th Percentile	90th Percentile
1	37.669648654709995	39.0	38.0	39.0	35.0	39.0
2	39.037469014146296	41.0	38.0	41.0	36.0	41.0
3	38.9995413851691	41.0	38.0	41.0	35.0	41.0
4	38.94076102137275	40.0	38.0	41.0	35.0	41.0
5	38.947173775196546	40.0	38.0	41.0	35.0	41.0
6	38.94526228508231	40.0	38.0	41.0	35.0	41.0
7	38.98312446565343	40.0	39.0	41.0	35.0	41.0
8	38.965662354925676	40.0	39.0	41.0	35.0	41.0
9	38.930662451313324	40.0	38.0	41.0	35.0	41.0
10	38.82614594804158	40.0	38.0	41.0	35.0	41.0
11	38.83463797789335	40.0	38.0	41.0	35.0	41.0
12	38.860254008040556	40.0	38.0	41.0	35.0	41.0
13	38.831847654515556	40.0	38.0	41.0	35.0	41.0
14	38.774001259306665	40.0	38.0	41.0	35.0	41.0
15	38.7195404903109	40.0	38.0	41.0	34.0	41.0
16	38.68724475617454	40.0	38.0	41.0	34.0	41.0
17	38.639571740536496	40.0	38.0	41.0	34.0	41.0
18	38.60662271231046	40.0	38.0	41.0	34.0	41.0
19	38.52767479900795	40.0	38.0	41.0	34.0	41.0
20	38.48493706917595	40.0	38.0	41.0	34.0	41.0
21	38.4334959259606	40.0	38.0	41.0	34.0	41.0
22	38.37799618476898	40.0	38.0	41.0	34.0	41.0
23	38.30471143736616	40.0	38.0	41.0	33.0	41.0
24	38.24161004338766	40.0	38.0	41.0	33.0	41.0
25	38.17356025691611	40.0	37.0	41.0	33.0	41.0
26	38.105084513998406	40.0	37.0	41.0	33.0	41.0
27	38.01696142577459	40.0	37.0	41.0	33.0	41.0
28	37.90735500514589	40.0	37.0	41.0	33.0	41.0
29	37.81680288808568	40.0	36.0	41.0	33.0	41.0
30	37.72489856652494	40.0	36.0	41.0	33.0	41.0
31	37.651411817421646	40.0	36.0	41.0	33.0	41.0
32	37.553287567418096	39.0	35.0	41.0	33.0	41.0
33	37.4773290830472	39.0	35.0	41.0	33.0	41.0
34	37.38656628666154	39.0	35.0	41.0	32.0	41.0
35	37.28522278039166	39.0	35.0	41.0	32.0	41.0
36	37.176250195367835	39.0	35.0	41.0	32.0	41.0
37	37.06936568597782	39.0	35.0	41.0	32.0	41.0
38	37.02463263344951	39.0	35.0	41.0	32.0	41.0
39	37.121942934136364	38.0	35.0	41.0	32.0	41.0
>>END_MODULE
>>Per sequence quality scores	pass
#Quality	Count
9	1.0
10	6.0
11	12.0
12	37.0
13	94.0
14	187.0
15	368.0
16	685.0
17	1229.0
18	2062.0
19	3620.0
20	6000.0
21	9653.0
22	15100.0
23	21697.0
24	30795.0
25	41970.0
26	55514.0
27	71486.0
28	90616.0
29	112265.0
30	139548.0
31	171831.0
32	213809.0
33	270963.0
34	365474.0
35	495939.0
36	700093.0
37	1009988.0
38	1438431.0
39	2195743.0
40	5135993.0
41	4140.0
>>END_MODULE
>>Per base sequence content	pass
#Base	G	A	T	C
1	25.70095441228958	23.588033937021496	23.999946371972726	26.7110652787162
2	25.45459867870378	23.22494204642807	24.326522018549426	26.993937256318727
3	26.0868223481952	22.81246635852764	23.407221807186772	27.69348948609039
4	26.692858722118686	23.021694996306728	22.581469184232823	27.70397709734177
5	26.271093327126444	23.209599353417346	22.759782374926708	27.759524944529502
6	26.25980446872197	22.906021880076466	22.59400354563765	28.240170105563916
7	26.61814440837775	22.933097687338922	22.220305046690893	28.22845285759244
8	26.746621612777243	22.660840251229857	22.73885475126472	27.853683384728186
9	26.336486201215052	22.51561618801669	22.73886268440485	28.409034926363404
10	26.940198165080552	23.28725686214638	21.884622155245363	27.8879228175277
11	26.489683070258508	23.541537802721685	22.372827598823324	27.595951528196483
12	26.557051296239397	22.99000210148882	22.299485718324817	28.15346088394697
13	26.889164274626587	23.252192382773377	21.793121316990113	28.065522025609923
14	26.66329190885552	23.08837303909634	22.25214073803113	27.99619431401701
15	26.3773974048636	22.691668433773632	22.597676589517672	28.333257571845095
16	26.840518259351647	22.85697127465491	22.04765611804957	28.254854347943876
17	26.577986853041512	22.94257778979384	22.398610304244652	28.080825052919995
18	26.36290355784675	22.700291757094547	22.38019748600376	28.55660719905494
19	26.93550174612381	22.835123406737885	21.878529503625803	28.350845343512503
20	26.402148802068076	23.111014221026327	22.481471952898726	28.005365024006874
21	26.36772461921061	22.62944718134591	22.56908897464732	28.433739224796163
22	26.93997670090374	23.07285238600984	21.808926896962	28.17824401612442
23	26.797529100106427	23.08154794269914	22.233194801279193	27.887728155915237
24	26.720728952840222	22.626270492327464	22.03080120732288	28.62219934750943
25	27.138899849088226	22.789565528659	21.473622980894	28.597911641358774
26	26.744459068128474	22.852028390756214	22.04791477833451	28.3555977627808
27	26.718302742631817	22.603721986977995	21.988005641038374	28.689969629351815
28	26.96323179138474	22.924484140706888	21.43710551116168	28.67517855674669
29	26.744404716081384	22.81903829378208	22.111752343097564	28.324804647038977
30	26.811122324419063	22.56961852125889	21.691168793287872	28.928090361034176
31	27.15650295555669	22.953191099005394	21.447346601794454	28.442959343643466
32	26.754699091824087	22.655327354727454	22.078913644952703	28.51105990849576
33	26.67478456159974	22.357710885976633	21.874022238496096	29.09348231392753
34	27.47846157401029	22.446604301437834	21.36159138308916	28.71334274146272
35	27.510926212474857	22.503423116486577	21.37029966073373	28.615351010304842
36	26.51397661741086	22.26154678723125	21.553132045040304	29.671344550317585
37	26.96026327915969	22.090975800212323	21.070509719904575	29.878251200723412
38	28.751215333128314	20.646707788182162	20.66247935862782	29.9395975200617
39	27.45353876313664	22.31328463564824	20.35805241222488	29.87512418899024
>>END_MODULE
>>Per base GC content	pass
#Base	%GC
1	52.412019691005774
2	52.4485359350225
3	53.78031183428559
4	54.396835819460456
5	54.03061827165595
6	54.49997457428588
7	54.84659726597019
8	54.600304997505425
9	54.745521127578456
10	54.828120982608255
11	54.08563459845499
12	54.71051218018636
13	54.95468630023651
14	54.65948622287253
15	54.710654976708696
16	55.09537260729552
17	54.658811905961514
18	54.91951075690169
19	55.28634708963631
20	54.40751382607495
21	54.80146384400677
22	55.118220717028166
23	54.68525725602167
24	55.342928300349655
25	55.736811490447
26	55.100056830909274
27	55.408272371983635
28	55.63841034813143
29	55.06920936312035
30	55.73921268545323
31	55.599462299200155
32	55.26575900031985
33	55.768266875527274
34	56.19180431547301
35	56.1262772227797
36	56.18532116772844
37	56.83851447988311
38	58.690812853190025
39	57.328662952126884
>>END_MODULE
>>Per sequence GC content	pass
#GC Content	Count
0	2066.0
1	1350.0
2	512.5
3	395.5
4	418.5
5	426.5
6	501.5
7	609.5
8	660.5
9	876.5
10	1116.0
11	1212.0
12	1819.0
13	2557.0
14	3697.5
15	4905.0
16	5394.0
17	7013.0
18	8978.0
19	12691.0
20	16202.0
21	17053.5
22	22050.0
23	27387.0
24	36886.5
25	46782.0
26	49182.0
27	61910.5
28	76424.5
29	101370.0
30	126006.5
31	132027.0
32	173858.0
33	217117.5
34	225679.0
35	263797.0
36	302537.0
37	366030.0
38	432381.5
39	445922.0
40	518988.0
41	591920.0
42	665096.0
43	741690.0
44	757304.5
45	835213.0
46	912012.5
47	985238.5
48	1055474.5
49	1061007.5
50	1109434.5
51	1157247.5
52	1158889.5
53	1174058.5
54	1191031.5
55	1167274.0
56	1137710.0
57	1126443.0
58	1083998.5
59	1043854.0
60	973977.5
61	901682.0
62	891116.0
63	817574.0
64	741046.0
65	678816.0
66	619511.0
67	610756.0
68	550347.5
69	490683.5
70	483193.0
71	427645.5
72	369914.0
73	324340.5
74	281676.5
75	276252.0
76	239070.0
77	202185.0
78	174926.0
79	148033.0
80	144583.5
81	123704.5
82	103477.5
83	87882.0
84	72955.0
85	71297.0
86	60856.5
87	51107.5
88	42994.0
89	34922.0
90	34294.0
91	27826.5
92	21651.5
93	21041.5
94	16657.5
95	12729.5
96	9469.5
97	6274.0
98	6115.5
99	4271.5
100	2586.0
>>END_MODULE
>>Per base N content	pass
#Base	N-Count
1	0.0
2	0.0
3	0.0
4	0.0
5	0.0
6	0.0
7	0.0
8	0.0
9	0.0
10	0.0
11	0.0
12	0.0
13	0.0
14	0.0
15	0.0
16	0.0
17	0.0
18	0.0
19	0.0
20	0.0
21	0.0
22	0.0
23	0.0
24	0.0
25	0.0
26	0.0
27	0.0
28	0.0
29	0.0
30	0.0
31	0.0
32	0.0
33	0.0
34	0.0
35	0.0
36	0.0
37	0.0
38	0.0
39	0.0
>>END_MODULE
>>Sequence Length Distribution	warn
#Length	Count
20	65215.0
21	60680.0
22	61630.0
23	64542.0
24	61332.0
25	64449.0
26	63783.0
27	61823.0
28	62917.0
29	67092.0
30	67868.0
31	63911.0
32	52979.0
33	102198.0
34	175681.0
35	331616.0
36	342290.0
37	208627.0
38	114512.0
39	1.0512204E7
>>END_MODULE
>>Sequence Duplication Levels	fail
#Total Duplicate Percentage	76.26374137169684
#Duplication Level	Relative count
1	100.0
2	43.441365579816576
3	23.72140082900878
4	15.361141029406966
5	11.325434903227912
6	9.092986063513822
7	7.328894546166651
8	6.2159339404027545
9	5.460360977838702
10++	104.43389144554327
>>END_MODULE
>>Overrepresented sequences	pass
>>END_MODULE
>>Kmer Content	warn
#Sequence	Count	Obs/Exp Overall	Obs/Exp Max	Max Obs/Exp Position
CAGCA	1588240	3.3435895	3.8297386	27
CTTCT	1158185	3.1128752	3.5127425	2
CATCA	1208795	3.067919	3.6242306	1
>>END_MODULE
