##FastQC	0.10.1
>>Basic Statistics	pass
#Measure	Value	
Filename	Treat_4.fastq	
File type	Conventional base calls	
Encoding	Sanger / Illumina 1.9	
Total Sequences	25430963	
Filtered Sequences	0	
Sequence length	39	
%GC	52	
>>END_MODULE
>>Per base sequence quality	pass
#Base	Mean	Median	Lower Quartile	Upper Quartile	10th Percentile	90th Percentile
1	37.99882021770076	39.0	38.0	39.0	35.0	39.0
2	39.477759611383966	41.0	39.0	41.0	37.0	41.0
3	39.449966601736634	41.0	39.0	41.0	36.0	41.0
4	39.40438952311794	41.0	39.0	41.0	36.0	41.0
5	39.406443554654224	41.0	39.0	41.0	36.0	41.0
6	39.41426024645626	41.0	39.0	41.0	36.0	41.0
7	39.45234979894391	41.0	39.0	41.0	37.0	41.0
8	39.40854917684399	41.0	39.0	41.0	36.0	41.0
9	39.399376106992094	41.0	39.0	41.0	36.0	41.0
10	39.35488880228405	41.0	39.0	41.0	36.0	41.0
11	39.35907723981982	41.0	39.0	41.0	36.0	41.0
12	39.3696477793625	41.0	39.0	41.0	36.0	41.0
13	39.345343115791565	41.0	39.0	41.0	36.0	41.0
14	39.31136831114103	41.0	39.0	41.0	36.0	41.0
15	39.271670915489906	41.0	39.0	41.0	36.0	41.0
16	39.24657595546028	41.0	39.0	41.0	36.0	41.0
17	39.20695114848777	41.0	39.0	41.0	36.0	41.0
18	39.18481738186635	40.0	39.0	41.0	36.0	41.0
19	39.13479454159876	40.0	39.0	41.0	35.0	41.0
20	39.09255221676033	40.0	38.0	41.0	35.0	41.0
21	39.04553087509899	40.0	38.0	41.0	35.0	41.0
22	39.00125712895733	40.0	38.0	41.0	35.0	41.0
23	38.93922200272164	40.0	38.0	41.0	35.0	41.0
24	38.807464546269834	40.0	38.0	41.0	35.0	41.0
25	38.79118726255077	40.0	38.0	41.0	35.0	41.0
26	38.750214885688756	40.0	38.0	41.0	35.0	41.0
27	38.681279273616184	40.0	38.0	41.0	35.0	41.0
28	38.59850847960417	40.0	38.0	41.0	35.0	41.0
29	38.5314623752156	40.0	38.0	41.0	35.0	41.0
30	38.42574923332632	40.0	37.0	41.0	34.0	41.0
31	38.3794742259662	40.0	37.0	41.0	34.0	41.0
32	38.30136519014243	40.0	37.0	41.0	34.0	41.0
33	38.23328239673818	40.0	37.0	41.0	34.0	41.0
34	38.151635075714594	40.0	37.0	41.0	34.0	41.0
35	38.067519975551065	40.0	36.0	41.0	34.0	41.0
36	37.99328299128901	40.0	36.0	41.0	34.0	41.0
37	37.92353187726316	39.0	36.0	41.0	33.0	41.0
38	37.94052270061499	39.0	35.0	41.0	34.0	41.0
39	38.079107818292215	39.0	35.0	41.0	34.0	41.0
>>END_MODULE
>>Per sequence quality scores	pass
#Quality	Count
11	2.0
12	8.0
13	11.0
14	23.0
15	49.0
16	113.0
17	256.0
18	454.0
19	965.0
20	1728.0
21	3058.0
22	5334.0
23	8732.0
24	13937.0
25	22030.0
26	32720.0
27	48821.0
28	70722.0
29	100358.0
30	141214.0
31	197508.0
32	277899.0
33	395965.0
34	597876.0
35	888332.0
36	1340633.0
37	2044431.0
38	3031416.0
39	4775231.0
40	1.1431137E7
>>END_MODULE
>>Per base sequence content	pass
#Base	G	A	T	C
1	24.818751442385523	24.465567777796522	24.791127633753206	25.92455314606475
2	24.500605816618112	24.32808777237417	25.13726279260443	26.034043618403285
3	24.911274496368854	23.864452164080454	24.478896060680047	26.74537727887064
4	25.752675537501773	23.94730202418736	23.34347350951898	26.95654892879189
5	25.21223046095423	24.49272565887497	23.660916812312614	26.634127067858188
6	24.917078444886258	24.20824960501889	23.850131039080193	27.024540911014654
7	25.576192297554755	24.110109396958347	23.15523010276882	27.158468202718076
8	25.679102281734277	24.069434570763207	23.747850209211503	26.50361293829101
9	25.114312899482705	23.883583632277904	23.925080464256474	27.07702300398292
10	25.819569861336745	24.57334095344093	22.72128753918157	26.885801646040758
11	25.423138714802107	24.922725104825954	23.36706635922517	26.287069821146762
12	25.184961601118705	24.314073408331836	23.498739855763198	27.00222513478626
13	25.81485997567605	24.37837146404121	22.71672382219381	27.09004473808893
14	25.520468886687457	24.460937637320303	23.20318739011181	26.81540608588043
15	25.013785230396795	23.995876424876887	23.781321533862982	27.209016810863336
16	25.654380468441033	24.18861619330382	22.937268935061102	27.21973440319404
17	25.500991862200046	24.372681761972576	23.321789133179127	26.80453724264825
18	25.0768071368282	23.993338027097344	23.57331365124442	27.35654118483003
19	25.700549130246564	24.159080534292418	22.82371125600808	27.316659079452933
20	25.28823469850192	24.540357851710073	23.52510181992987	26.646305629858137
21	24.993092950987833	24.03598790776854	23.826538970345183	27.14438017089844
22	25.722032651722344	24.422624164898117	22.71505047072891	27.14029271265063
23	25.5844820041657	24.61401938896175	23.206004336830755	26.595494270041797
24	25.22611899854165	24.144986860894573	23.299236332998483	27.32965780756529
25	25.736347744130878	24.211179575166327	22.531456082285217	27.521016598417575
26	25.424704898945492	24.406989221117406	23.13843779442125	27.029868085515847
27	25.03750857347249	24.141935100278072	23.43568387584739	27.384872450402053
28	25.536108938561657	24.416955735136664	22.511418058737917	27.535517267563765
29	25.40530103956718	24.53050583959014	23.1548316682917	26.909361452550982
30	25.14810825512519	24.19089899080906	23.23023293320394	27.430759820861816
31	25.581251040355102	24.502431555399152	22.645311432917136	27.27100597132861
32	25.31356616487324	24.388649889082085	23.323307846108364	26.974476099936307
33	25.003111458641982	24.043712602282444	23.29824053649608	27.654935402579493
34	25.7312515699815	24.121034503966065	22.6442334235514	27.503480502501038
35	25.62682067850357	24.24999842705961	23.019215826297046	27.10396506813978
36	24.45301272701005	24.23730309162052	23.18436591174324	28.12531826962619
37	24.581985000384968	24.351150609344124	22.913817921317886	28.153046468953026
38	25.52226984090221	23.651735091588943	23.211834329671273	27.614160737837572
39	25.388444786774294	24.381042904273816	21.981000090322965	28.24951221862892
>>END_MODULE
>>Per base GC content	pass
#Base	%GC
1	50.74330458845028
2	50.53464943502139
3	51.6566517752395
4	52.70922446629367
5	51.84635752881241
6	51.94161935590091
7	52.73466050027283
8	52.18271522002529
9	52.19133590346562
10	52.70537150737751
11	51.71020853594888
12	52.187186735904966
13	52.90490471376498
14	52.335874972567886
15	52.22280204126013
16	52.87411487163508
17	52.30552910484829
18	52.43334832165824
19	53.0172082096995
20	51.93454032836006
21	52.137473121886266
22	52.86232536437298
23	52.1799762742075
24	52.55577680610695
25	53.25736434254845
26	52.45457298446134
27	52.42238102387454
28	53.07162620612542
29	52.31466249211816
30	52.578868075987
31	52.85225701168371
32	52.288042264809555
33	52.65804686122147
34	53.23473207248254
35	52.73078574664335
36	52.57833099663625
37	52.73503146933799
38	53.13643057873978
39	53.637957005403216
>>END_MODULE
>>Per sequence GC content	pass
#GC Content	Count
0	3169.0
1	1890.5
2	612.0
3	612.0
4	803.5
5	995.0
6	1472.0
7	1949.0
8	1949.0
9	3040.5
10	4132.0
11	4132.0
12	6598.0
13	9064.0
14	16342.0
15	23620.0
16	23620.0
17	28744.0
18	33868.0
19	46084.0
20	58300.0
21	58300.0
22	80515.5
23	102731.0
24	139609.5
25	176488.0
26	176488.0
27	219130.0
28	261772.0
29	340347.5
30	418923.0
31	418923.0
32	540130.0
33	661337.0
34	661337.0
35	760572.5
36	859808.0
37	1011254.5
38	1162701.0
39	1162701.0
40	1309859.5
41	1457018.0
42	1566944.0
43	1676870.0
44	1676870.0
45	1810957.5
46	1945045.0
47	2024957.0
48	2104869.0
49	2104869.0
50	2153790.5
51	2202712.0
52	2202712.0
53	2178388.5
54	2154065.0
55	2054944.0
56	1955823.0
57	1955823.0
58	1857045.0
59	1758267.0
60	1615157.0
61	1472047.0
62	1472047.0
63	1341917.0
64	1211787.0
65	1099597.0
66	987407.0
67	987407.0
68	879885.5
69	772364.0
70	772364.0
71	674961.5
72	577559.0
73	504009.5
74	430460.0
75	430460.0
76	368544.0
77	306628.0
78	261579.5
79	216531.0
80	216531.0
81	183124.5
82	149718.0
83	126360.5
84	103003.0
85	103003.0
86	87004.0
87	71005.0
88	58658.5
89	46312.0
90	46312.0
91	37075.5
92	27839.0
93	27839.0
94	21625.0
95	15411.0
96	10974.0
97	6537.0
98	6537.0
99	4377.0
100	2217.0
>>END_MODULE
>>Per base N content	pass
#Base	N-Count
1	7.864428885370955E-6
2	0.0
3	0.0
4	0.02240575789442185
5	0.0
6	0.0
7	0.0
8	0.0
9	4.1681473092466064E-4
10	3.932214442685477E-6
11	0.0
12	5.662388797467088E-4
13	2.3593286656112863E-4
14	0.0
15	0.006185373318344256
16	0.002406515238923512
17	4.3254358869540255E-5
18	2.280684376757577E-4
19	7.864428885370955E-5
20	1.4942414882204813E-4
21	0.001655462280370586
22	3.303060131855801E-4
23	0.0016161401359437314
24	0.0030238729064251324
25	0.002308209877856375
26	0.0030513984075239307
27	0.0030553306219666156
28	0.005072556631064266
29	0.002626719247713899
30	0.010900098435124144
31	0.003712010433895091
32	0.0017498354269950376
33	0.003019940691982447
34	0.002858719899832342
35	0.0034721453528912764
36	0.0018913951469317146
37	6.960019563553296E-4
38	0.0
39	0.0
>>END_MODULE
>>Sequence Length Distribution	pass
#Length	Count
39	2.5430963E7
>>END_MODULE
>>Sequence Duplication Levels	fail
#Total Duplicate Percentage	83.74816186482217
#Duplication Level	Relative count
1	100.0
2	58.14343163538874
3	34.81424741478361
4	24.183741861355802
5	17.634527001148985
6	14.163634622749905
7	11.506606664113367
8	9.601206434316353
9	8.543182688625048
10++	200.1531980084259
>>END_MODULE
>>Overrepresented sequences	pass
>>END_MODULE
>>Kmer Content	warn
#Sequence	Count	Obs/Exp Overall	Obs/Exp Max	Max Obs/Exp Position
AAAAA	3356065	4.480232	5.1390896	11
TTCTT	2621575	3.6834018	4.15455	35
CTTCT	2822045	3.408127	3.9704485	2
CAGCA	3152465	3.231992	3.6259289	27
TTTTT	1892460	3.0934887	3.7545216	1
TCTTC	2541130	3.0688717	3.5635536	1
>>END_MODULE
