##FastQC	0.10.1
>>Basic Statistics	pass
#Measure	Value	
Filename	Sample_7_L001_trimmed.fastq	
File type	Conventional base calls	
Encoding	Sanger / Illumina 1.9	
Total Sequences	16771397	
Filtered Sequences	0	
Sequence length	20-51	
%GC	52	
>>END_MODULE
>>Per base sequence quality	pass
#Base	Mean	Median	Lower Quartile	Upper Quartile	10th Percentile	90th Percentile
1	32.29993369067586	33.0	31.0	34.0	30.0	34.0
2	32.51759611915453	34.0	31.0	34.0	30.0	34.0
3	32.608507925726165	34.0	31.0	34.0	31.0	34.0
4	35.95535046961204	37.0	35.0	37.0	35.0	37.0
5	36.06732653219049	37.0	35.0	37.0	35.0	37.0
6	35.935601429028246	37.0	35.0	37.0	35.0	37.0
7	35.90658887867242	37.0	35.0	37.0	35.0	37.0
8	35.90247723549803	37.0	35.0	37.0	35.0	37.0
9	37.58240992089091	39.0	37.0	39.0	35.0	39.0
10	37.606976747375306	39.0	37.0	39.0	35.0	39.0
11	37.62050722429384	39.0	37.0	39.0	35.0	39.0
12	37.59940772971983	39.0	37.0	39.0	35.0	39.0
13	37.47932882394949	39.0	37.0	39.0	34.0	39.0
14	38.816699527177136	40.0	38.0	41.0	34.0	41.0
15	38.78236100427412	40.0	38.0	41.0	34.0	41.0
16	38.707025002150985	40.0	38.0	41.0	34.0	41.0
17	38.72606026796694	40.0	38.0	41.0	34.0	41.0
18	38.72946093876378	40.0	38.0	41.0	34.0	41.0
19	38.770788921161426	40.0	38.0	41.0	34.0	41.0
20	38.76123628818756	40.0	38.0	41.0	34.0	41.0
21	38.72042481328522	40.0	38.0	41.0	34.0	41.0
22	38.62165104056512	40.0	38.0	41.0	34.0	41.0
23	38.62334464763312	40.0	38.0	41.0	34.0	41.0
24	38.6497034831755	40.0	38.0	41.0	34.0	41.0
25	38.625174478747724	40.0	38.0	41.0	34.0	41.0
26	38.55977900359912	40.0	38.0	41.0	34.0	41.0
27	38.507918132418176	40.0	38.0	41.0	34.0	41.0
28	38.47500065230513	40.0	38.0	41.0	34.0	41.0
29	38.43085154347533	40.0	38.0	41.0	34.0	41.0
30	38.39904471537674	40.0	38.0	41.0	34.0	41.0
31	38.31692862182453	40.0	38.0	41.0	33.0	41.0
32	38.28156469340139	40.0	38.0	41.0	33.0	41.0
33	38.239699589514785	40.0	38.0	41.0	33.0	41.0
34	38.18018289879854	40.0	38.0	41.0	33.0	41.0
35	38.11267058744744	40.0	37.0	41.0	33.0	41.0
36	38.05743776459593	40.0	37.0	41.0	33.0	41.0
37	37.99679230617698	40.0	37.0	41.0	33.0	41.0
38	37.93901412868633	40.0	37.0	41.0	33.0	41.0
39	37.86667249260111	40.0	37.0	41.0	33.0	41.0
40	37.77123162854942	40.0	37.0	41.0	33.0	41.0
41	37.69095363284639	40.0	36.0	41.0	32.0	41.0
42	37.60844957599669	40.0	36.0	41.0	32.0	41.0
43	37.55132115314818	40.0	36.0	41.0	32.0	41.0
44	37.462226203150266	40.0	36.0	41.0	32.0	41.0
45	37.400275709754354	39.0	35.0	41.0	32.0	41.0
46	37.32942551045257	39.0	35.0	41.0	32.0	41.0
47	37.24886885981844	39.0	35.0	41.0	32.0	41.0
48	37.169168110340124	39.0	35.0	41.0	31.0	41.0
49	37.09126546575739	39.0	35.0	41.0	31.0	41.0
50	37.07280368362392	39.0	35.0	41.0	31.0	41.0
51	37.22039337683479	39.0	35.0	41.0	32.0	41.0
>>END_MODULE
>>Per sequence quality scores	pass
#Quality	Count
11	6.0
12	22.0
13	59.0
14	145.0
15	274.0
16	617.0
17	1029.0
18	1907.0
19	3316.0
20	6209.0
21	10739.0
22	17949.0
23	28972.0
24	44475.0
25	64494.0
26	89723.0
27	118674.0
28	151319.0
29	188711.0
30	233320.0
31	285146.0
32	352637.0
33	443705.0
34	586953.0
35	806642.0
36	1174283.0
37	1791645.0
38	2839493.0
39	7274691.0
40	254236.0
41	6.0
>>END_MODULE
>>Per base sequence content	fail
#Base	G	A	T	C
1	36.618951773624495	10.44096089008927	12.047756900001003	40.89233043628523
2	25.712983823228473	11.703021034620761	29.792385855568664	32.7916092865821
3	23.93763024034313	16.95228489314277	20.956292430499378	38.15379243601472
4	25.866315831211416	23.159021655622563	18.911515708740982	32.06314680442504
5	27.451730621279257	26.332047151609228	21.73205885013291	24.484163376978604
6	25.40605000359243	29.231259534463295	21.314613364004604	24.048077097939675
7	20.334377651091177	23.687670364470552	34.57167787344596	21.40627411099231
8	22.946836211676345	21.79829146015684	28.191551365697205	27.063320962469618
9	22.811743950651202	20.10877809069158	29.283383275520602	27.79609468313662
10	23.041690926723746	31.871427510949445	23.56727630587676	21.519605256450046
11	26.91986655108074	25.25995356011954	20.561056434239298	27.259123454560424
12	25.48511327900915	21.788349124506766	24.237051785345777	28.48948581113831
13	24.737239085987813	24.19768140034213	25.102684163986993	25.96239534968306
14	24.40106488483871	23.95798297231279	25.328596775306234	26.31235536754226
15	25.053911728402827	23.61404956307456	24.545665456491193	26.78637325203142
16	25.581661015968404	23.773938663452522	23.7862631212077	26.858137199371367
17	25.17959003166881	24.183208872393607	23.828664679195104	26.808536416742484
18	25.04000263305452	24.059911291820907	23.846762666625963	27.053323408498613
19	25.431331144487384	23.90426079643345	23.551177466155913	27.113230592923248
20	25.539144276157877	23.699457981782313	24.03089141318741	26.730506328872405
21	25.18473857768692	23.704939681452334	23.886471649546166	27.22385009131458
22	25.659163944946123	24.380788819118923	23.211813349704514	26.748233886230445
23	25.324820771827184	24.52856660112042	23.63317286283993	26.513439764212464
24	25.263374189490523	24.133657710148363	23.567543560391137	27.03542453996998
25	25.699501213624604	24.23546602713361	23.16261793956575	26.902414819676036
26	25.45975268969946	24.18748575023307	23.46438543068018	26.888376129387286
27	25.206845442320414	23.902134695228124	23.697678554234216	27.193341308217246
28	25.65013078027874	24.128289703484693	23.2939840116437	26.927595504592865
29	25.45647446303726	24.035782944655022	23.594429145952393	26.913313446355325
30	25.233296416212013	23.883601523019404	23.60122198020954	27.281880080559045
31	25.577541607836263	24.037263377516922	23.253192553776575	27.13200246087024
32	25.235526815138943	24.321922809242537	23.719822926070027	26.722727449548493
33	25.168450132078963	23.950979633937056	23.828666591200946	27.051903642783042
34	25.589225528839815	24.291061180456143	23.160489460866337	26.959223829837704
35	25.616435480999755	24.220166578536045	23.519933257124215	26.64346468333999
36	25.490791480622832	23.899458038116403	23.273756243112135	27.33599423814863
37	25.65102244963998	24.103688586302454	22.954019394229018	27.291269569828554
38	25.512262002868507	24.08208447855033	23.329297733160036	27.07635578542113
39	25.299726149543094	23.931718939127432	23.36279190627609	27.405763005053384
40	25.508083278477944	24.238757568951176	22.93595874339647	27.317200409174415
41	25.42198128888751	24.160477943235733	23.38257054917069	27.034970218706068
42	25.36279148880654	24.028496551156834	23.232570926762047	27.376141033274575
43	25.552265268999175	24.26854553981715	23.03210322266959	27.147085968514084
44	25.26576975801523	24.078885348200224	23.554615436148623	27.100729457635918
45	25.277688467736713	23.863738440274755	23.31336360147596	27.54520949051257
46	25.752902670302664	23.996115735254904	22.962319190736867	27.288662403705562
47	25.664700398081553	24.092765997025047	23.226616450751656	27.015917154141743
48	24.925644090477185	24.05787623338931	23.368582265057928	27.64789741107558
49	24.893170890491636	24.08603860967779	23.145856802613586	27.874933697216985
50	26.0008621559564	23.28281370881081	23.345452158943218	27.370871976289575
51	25.45393524035585	24.334377221611945	22.42911897894363	27.78256855908857
>>END_MODULE
>>Per base GC content	fail
#Base	%GC
1	77.51128220990972
2	58.50459310981058
3	62.091422676357844
4	57.929462635636455
5	51.93589399825787
6	49.4541271015321
7	41.740651762083495
8	50.01015717414595
9	50.607838633787814
10	44.561296183173795
11	54.17899000564116
12	53.97459909014746
13	50.69963443567087
14	50.71342025238097
15	51.84028498043425
16	52.43979821533977
17	51.988126448411286
18	52.093326041553134
19	52.54456173741063
20	52.26965060503028
21	52.408588669001496
22	52.40739783117656
23	51.83826053603965
24	52.29879872946051
25	52.60191603330065
26	52.348128819086746
27	52.40018675053766
28	52.57772628487161
29	52.369787909392585
30	52.515176496771055
31	52.709544068706506
32	51.95825426468744
33	52.220353774862005
34	52.548449358677516
35	52.25990016433975
36	52.82678571877146
37	52.94229201946853
38	52.58861778828964
39	52.705489154596485
40	52.82528368765236
41	52.45695150759357
42	52.738932522081114
43	52.699351237513255
44	52.36649921565115
45	52.822897958249285
46	53.041565074008226
47	52.680617552223296
48	52.57354150155277
49	52.76810458770862
50	53.371734132245976
51	53.23650379944442
>>END_MODULE
>>Per sequence GC content	pass
#GC Content	Count
0	13250.0
1	11199.0
2	5656.5
3	1919.0
4	1622.5
5	1483.5
6	1280.0
7	1043.5
8	915.0
9	1011.5
10	1128.0
11	1420.0
12	1723.5
13	2314.0
14	2966.5
15	3996.0
16	5062.0
17	6760.5
18	8595.0
19	11483.0
20	14347.5
21	19466.0
22	24659.5
23	31586.0
24	38935.5
25	48194.5
26	70255.5
27	84145.0
28	106072.5
29	128317.0
30	156309.0
31	184481.5
32	219396.0
33	254445.5
34	304298.5
35	356123.0
36	418044.0
37	478321.5
38	543031.0
39	610530.0
40	682279.5
41	753401.5
42	816498.5
43	878006.5
44	944841.0
45	1012638.5
46	1049948.0
47	1085101.0
48	1112906.5
49	1140867.0
50	1146146.0
51	1150851.5
52	1148914.0
53	1145635.0
54	1117452.5
55	1089162.5
56	1042309.5
57	994869.5
58	935511.5
59	875973.5
60	820871.5
61	765771.0
62	717128.0
63	668876.5
64	623849.0
65	578916.0
66	543203.5
67	507897.0
68	462658.0
69	417050.5
70	382319.0
71	347638.5
72	314323.0
73	281071.0
74	254139.0
75	205246.0
76	180426.0
77	159823.0
78	139946.5
79	122396.5
80	105067.5
81	91908.5
82	78703.0
83	68582.5
84	58671.0
85	51034.5
86	43402.0
87	37426.0
88	31652.5
89	26499.0
90	21387.0
91	17628.5
92	13929.0
93	11008.0
94	8079.5
95	6196.0
96	4416.0
97	3283.5
98	2049.5
99	1356.5
100	810.0
>>END_MODULE
>>Per base N content	pass
#Base	N-Count
1	0.07315431147447049
2	0.0011269186460734308
3	0.0
4	1.1925065037814083E-5
5	2.981266259453521E-4
6	1.1925065037814083E-5
7	5.9625325189070415E-6
8	0.0
9	2.9812662594535207E-5
10	1.1925065037814083E-5
11	2.146511706806535E-4
12	6.439535120419605E-4
13	3.994896787667718E-4
14	3.577519511344225E-5
15	0.0
16	0.047592934565916005
17	2.3850130075628166E-5
18	5.9625325189070415E-6
19	1.1925065037814083E-5
20	2.9812662594535207E-5
21	2.8622374694672306E-4
22	7.694061222539805E-4
23	5.129939274045592E-4
24	8.949470039232687E-5
25	6.563837978700704E-5
26	1.1936976108500428E-5
27	0.0010207779043966874
28	0.0021435015154078053
29	0.001349614541726439
30	1.1945985509758497E-4
31	4.540330380724625E-4
32	0.001236918392904797
33	0.0014821981428774463
34	0.004136737589398665
35	0.007635477405683618
36	0.004066911215620097
37	0.004666084522771121
38	0.007366108266592563
39	0.0064165086232309335
40	0.004430949608187293
41	0.004205213710218723
42	0.010161403858791617
43	0.00942459573523545
44	0.006170678568152863
45	0.00777442628308825
46	0.005775166974515151
47	0.007480062036744096
48	0.0063547494547661915
49	0.008387310905336539
50	0.0
51	0.0
>>END_MODULE
>>Sequence Length Distribution	warn
#Length	Count
20	1300.0
21	3919.0
22	1847.0
23	3562.0
24	2281.0
25	3826.0
26	2732.0
27	3633.0
28	2775.0
29	3496.0
30	3156.0
31	3732.0
32	3232.0
33	3748.0
34	3598.0
35	4254.0
36	3935.0
37	4697.0
38	4769.0
39	6196.0
40	7146.0
41	12797.0
42	11616.0
43	9718.0
44	15117.0
45	21419.0
46	85600.0
47	297474.0
48	358689.0
49	64969.0
50	191248.0
51	1.5624916E7
>>END_MODULE
>>Sequence Duplication Levels	fail
#Total Duplicate Percentage	73.94836820712868
#Duplication Level	Relative count
1	100.0
2	58.33149415140146
3	32.5348454238324
4	19.265572211941667
5	13.094409452829227
6	9.598831977997724
7	7.483489805273076
8	6.488633855661002
9	5.425869650102711
10++	87.31813320204404
>>END_MODULE
>>Overrepresented sequences	pass
>>END_MODULE
>>Kmer Content	warn
#Sequence	Count	Obs/Exp Overall	Obs/Exp Max	Max Obs/Exp Position
AAAAA	2850330	5.053872	7.8752594	10
TTCTT	2329120	3.4981406	6.3327556	6
TTTTT	1980650	3.4665067	4.9011235	11
CTTCT	2494270	3.2147696	5.2569156	5
CAGCA	2623120	3.1542907	4.469843	9
TCTTC	2292075	2.9541688	5.5009346	7
TCTTG	1731965	2.4143689	5.017307	7
CTCCT	2057065	2.2751791	6.8996553	1
TTGAA	1279905	2.0899656	5.9625525	7
CTCCA	1838370	2.0385878	6.996633	1
GCCAG	1787210	1.9895245	5.984688	1
TCCAG	1635910	1.9620677	5.1677837	2
GTCCA	1266855	1.5194328	5.0984592	1
>>END_MODULE
