##FastQC	0.10.1
>>Basic Statistics	pass
#Measure	Value	
Filename	Sample_8_L002_shorten.fastq	
File type	Conventional base calls	
Encoding	Sanger / Illumina 1.9	
Total Sequences	14005097	
Filtered Sequences	0	
Sequence length	8-39	
%GC	52	
>>END_MODULE
>>Per base sequence quality	pass
#Base	Mean	Median	Lower Quartile	Upper Quartile	10th Percentile	90th Percentile
1	37.69319926880906	39.0	38.0	39.0	35.0	39.0
2	39.07064285238439	41.0	39.0	41.0	36.0	41.0
3	39.03938937374014	41.0	39.0	41.0	36.0	41.0
4	39.010603710920385	41.0	38.0	41.0	35.0	41.0
5	38.99742629415562	41.0	38.0	41.0	35.0	41.0
6	38.99643843951956	41.0	38.0	41.0	35.0	41.0
7	39.02482339108398	41.0	39.0	41.0	35.0	41.0
8	38.944591172770885	41.0	39.0	41.0	35.0	41.0
9	38.94991522995308	40.0	39.0	41.0	35.0	41.0
10	38.953931981901015	40.0	39.0	41.0	35.0	41.0
11	38.93672337624643	40.0	39.0	41.0	35.0	41.0
12	38.91417292615196	40.0	38.0	41.0	35.0	41.0
13	38.87962427653789	40.0	38.0	41.0	35.0	41.0
14	38.830413290429576	40.0	38.0	41.0	35.0	41.0
15	38.77648830813451	40.0	38.0	41.0	35.0	41.0
16	38.73605329029449	40.0	38.0	41.0	35.0	41.0
17	38.686465955883975	40.0	38.0	41.0	34.0	41.0
18	38.6565531845631	40.0	38.0	41.0	34.0	41.0
19	38.614696808833884	40.0	38.0	41.0	34.0	41.0
20	38.55823425933494	40.0	38.0	41.0	34.0	41.0
21	38.49496467242926	40.0	38.0	41.0	34.0	41.0
22	38.44682957520497	40.0	38.0	41.0	34.0	41.0
23	38.376145795289794	40.0	38.0	41.0	34.0	41.0
24	38.16460662563806	40.0	38.0	41.0	33.0	41.0
25	38.17884213420673	40.0	37.0	41.0	33.0	41.0
26	38.14426040691713	40.0	37.0	41.0	33.0	41.0
27	38.074168776712085	40.0	37.0	41.0	33.0	41.0
28	37.99770802464255	40.0	37.0	41.0	33.0	41.0
29	37.931819263055026	40.0	37.0	41.0	33.0	41.0
30	37.8004165905778	40.0	37.0	41.0	33.0	41.0
31	37.76341925547093	40.0	36.0	41.0	33.0	41.0
32	37.69187279430922	40.0	36.0	41.0	33.0	41.0
33	37.620593970279934	40.0	36.0	41.0	33.0	41.0
34	37.53954418314939	39.0	35.0	41.0	33.0	41.0
35	37.4575893609167	39.0	35.0	41.0	33.0	41.0
36	37.376710165994304	39.0	35.0	41.0	32.0	41.0
37	37.267979751657464	39.0	35.0	41.0	32.0	41.0
38	37.24037095516651	39.0	35.0	41.0	32.0	41.0
39	37.35122047914518	39.0	35.0	41.0	32.0	41.0
>>END_MODULE
>>Per sequence quality scores	pass
#Quality	Count
8	1.0
9	0.0
10	9.0
11	25.0
12	57.0
13	138.0
14	246.0
15	445.0
16	790.0
17	1371.0
18	2257.0
19	3853.0
20	6508.0
21	10807.0
22	16668.0
23	24121.0
24	34159.0
25	46630.0
26	61139.0
27	79064.0
28	99356.0
29	123327.0
30	151587.0
31	186464.0
32	231768.0
33	293349.0
34	395078.0
35	538297.0
36	752302.0
37	1092491.0
38	1577428.0
39	2454345.0
40	5817256.0
41	3761.0
>>END_MODULE
>>Per base sequence content	pass
#Base	G	A	T	C
1	24.98617110415888	24.30951021753155	24.620968297608833	26.083350380700736
2	24.687861854866124	24.01533527400774	24.959355868795484	26.33744700233065
3	25.297743768528548	23.686071317412775	24.05361654868209	26.962568365376587
4	25.896695031579934	23.875623558738905	23.250358298150903	26.97732311153026
5	25.37904774090802	24.170844669683092	23.483787615593638	26.966319973815246
6	25.32604922180458	24.002652177843288	23.43951422246791	27.231784377884217
7	25.732215720936967	23.94488034139578	23.06605725031192	27.256846687355328
8	25.84712046161496	23.76979030198445	23.608027708779066	26.775061527621524
9	25.50854780470399	23.63746434204672	23.46928669240792	27.384701160841367
10	25.932158822358215	24.380565151280134	22.699368496105482	26.987907530256173
11	25.530353365599733	24.6632786158629	23.185571951584542	26.620796066952824
12	25.591095201601345	24.096516697854167	23.11170505894648	27.200683041598005
13	25.999462650840133	24.302669450900165	22.6005470503053	27.097320847954403
14	25.708984010234502	24.20369464593417	23.00052912933433	27.086792214497002
15	25.46154695473235	23.784971241193432	23.347598692355987	27.40588311171824
16	25.92711311607277	23.970888985849367	22.819191456805	27.28280644127286
17	25.6510658359483	24.01080470415754	23.20204578061679	27.136083679277373
18	25.463654765273326	23.725786727172355	23.21676770885894	27.593790798695384
19	25.953309860549588	23.93448935613616	22.753884166123363	27.358316617190887
20	25.411570239187515	24.28110848893182	23.355529970179237	26.951791301701427
21	25.39602592962975	23.82503951283171	23.407939357727127	27.37099519981141
22	25.87730419876418	24.272726004698793	22.716122855312715	27.13384694122431
23	25.777049187834635	24.30582585123104	23.079564330434366	26.83756063049996
24	25.734459876558667	23.930723087719258	22.84659316903401	27.48822386668806
25	26.006396252143226	24.03023432979777	22.409635260177332	27.55373415788167
26	25.61381143376008	24.14924158927358	22.9087759507731	27.32817102619324
27	25.54313211833521	23.936382529772352	22.953989074841814	27.56649627705062
28	25.765148138868344	24.232509625727975	22.40571642964247	27.59662580576121
29	25.60563823319405	24.207823865401227	22.994738160143793	27.19179974126093
30	25.6127530952287	23.950877922673964	22.7545294499403	27.68183953215703
31	25.8357175343001	24.301006469180187	22.566158124020255	27.29711787249946
32	25.44329338685306	24.0711086777582	23.177983145362564	27.307614790026175
33	25.38751565592845	23.82068010588709	22.90796713282233	27.883837105362137
34	26.053671119843113	23.900900583441146	22.530493483480914	27.51493481323483
35	25.870077808768123	24.02780252120769	22.797616224389103	27.304503445635085
36	24.950370380943284	24.0603848736308	22.953605006356092	28.035639739069822
37	25.134930630617227	24.12753727229916	22.61512825380592	28.1224038432777
38	26.25076053090333	23.312865077446016	22.8548430668224	27.58153132482825
39	25.794027573186156	24.190355756354972	21.947485206030816	28.06813146442806
>>END_MODULE
>>Per base GC content	pass
#Base	%GC
1	51.069521484859614
2	51.02530885719677
3	52.26031213390514
4	52.87401814311019
5	52.34536771472327
6	52.5578335996888
7	52.9890624082923
8	52.62218198923648
9	52.89324896554536
10	52.920066352614384
11	52.15114943255256
12	52.79177824319935
13	53.09678349879453
14	52.795776224731505
15	52.86743006645058
16	53.20991955734563
17	52.78714951522567
18	53.057445563968706
19	53.31162647774047
20	52.363361540888945
21	52.76702112944116
22	53.011151139988485
23	52.61460981833459
24	53.22268374324673
25	53.5601304100249
26	52.941982459953316
27	53.10962839538583
28	53.361773944629554
29	52.79743797445497
30	53.29459262738574
31	53.13283540679956
32	52.75090817687924
33	53.27135276129059
34	53.56860593307794
35	53.17458125440321
36	52.986010120013106
37	53.25733447389492
38	53.83229185573158
39	53.86215903761421
>>END_MODULE
>>Per sequence GC content	pass
#GC Content	Count
0	6193.0
1	5410.5
2	4270.5
3	3550.0
4	3065.0
5	2674.0
6	2174.0
7	1948.5
8	1959.0
9	2633.5
10	3359.5
11	3426.5
12	4756.0
13	6188.0
14	10087.5
15	13961.0
16	14116.0
17	16706.0
18	19459.5
19	26536.5
20	33448.5
21	33967.5
22	45575.0
23	56821.5
24	76458.0
25	96292.5
26	97566.0
27	120323.5
28	142409.0
29	183828.0
30	226157.5
31	227696.5
32	290266.0
33	354485.0
34	356936.5
35	407570.0
36	459639.0
37	538748.0
38	618921.5
39	623676.0
40	701555.0
41	780246.5
42	838733.5
43	897214.0
44	901166.5
45	972220.5
46	1044495.5
47	1090935.0
48	1134795.5
49	1135945.5
50	1165833.0
51	1195867.5
52	1197163.5
53	1187080.0
54	1176134.0
55	1126656.0
56	1075665.5
57	1071115.5
58	1021718.5
59	973400.5
60	902092.0
61	830651.0
62	828763.0
63	758892.0
64	687967.5
65	632007.5
66	577881.5
67	576478.5
68	516769.5
69	458673.0
70	456571.5
71	404745.0
72	352014.5
73	308293.0
74	265927.0
75	263339.5
76	228112.5
77	193432.0
78	167226.5
79	140369.0
80	138682.0
81	119072.0
82	99629.5
83	85404.0
84	71283.5
85	70356.5
86	60504.5
87	50871.0
88	42815.5
89	34894.5
90	34468.0
91	28362.5
92	22439.0
93	21918.5
94	17697.5
95	13754.0
96	10364.0
97	7035.0
98	6820.0
99	5116.0
100	3557.0
>>END_MODULE
>>Per base N content	pass
#Base	N-Count
1	1.4280515158159919E-5
2	0.0
3	1.2852463642343926E-4
4	7.1402575790799595E-6
5	7.1402575790799595E-6
6	2.1420772737239876E-5
7	2.1420772737239876E-5
8	3.57012878953998E-5
9	8.425949152824367E-4
10	6.427298364402536E-5
11	5.070837456662195E-4
12	0.0015714338469564862
13	0.0010001080831092675
14	1.428918655804789E-4
15	0.012833245479907291
16	0.007053555999874794
17	0.002144198338918136
18	0.010200643877222563
19	5.076123986115728E-4
20	0.0014158280566923297
21	0.008374631374973584
22	9.584902890985535E-4
23	0.010666796394751592
24	0.012064152094754685
25	0.0057970010467523125
26	0.005204129659423001
27	0.014735234049646138
28	0.008379773032773078
29	0.00669910898268119
30	0.019049999401326703
31	0.008321918793425082
32	0.0028852965431707114
33	0.0038069860924333345
34	0.00647906338487125
35	0.006405567262143429
36	0.0052382236712679164
37	0.018221915275833587
38	0.0
39	0.0
>>END_MODULE
>>Sequence Length Distribution	warn
#Length	Count
8	740.0
9	1584.0
10	1141.0
11	1679.0
12	1466.0
13	1889.0
14	1697.0
15	1959.0
16	1699.0
17	1930.0
18	2263.0
19	2301.0
20	2044.0
21	2386.0
22	2364.0
23	2667.0
24	2546.0
25	3067.0
26	3151.0
27	4332.0
28	5112.0
29	9573.0
30	8414.0
31	6383.0
32	10936.0
33	15443.0
34	74613.0
35	239324.0
36	284243.0
37	41103.0
38	130445.0
39	1.3136603E7
>>END_MODULE
>>Sequence Duplication Levels	fail
#Total Duplicate Percentage	75.67033732593396
#Duplication Level	Relative count
1	100.0
2	42.689335394126736
3	22.95778085089075
4	15.389245912307818
5	11.421133978687058
6	8.606524038070447
7	7.357032457496136
8	6.123810298543887
9	5.377043846091271
10++	105.46652566501261
>>END_MODULE
>>Overrepresented sequences	pass
>>END_MODULE
>>Kmer Content	warn
#Sequence	Count	Obs/Exp Overall	Obs/Exp Max	Max Obs/Exp Position
AAAAA	1920290	4.9225936	5.536498	11
TTCTT	1408825	3.7406187	4.2019777	1
TTTTT	1101700	3.4560926	4.3092775	1
CTTCT	1516405	3.407737	3.6550026	5
CAGCA	1721705	3.2166984	3.6641161	27
TCTTC	1359885	3.0559978	3.3712301	21
>>END_MODULE
