##FastQC	0.10.1
>>Basic Statistics	pass
#Measure	Value	
Filename	Sample_8_L001_trimmed.fastq	
File type	Conventional base calls	
Encoding	Sanger / Illumina 1.9	
Total Sequences	14159963	
Filtered Sequences	0	
Sequence length	20-51	
%GC	53	
>>END_MODULE
>>Per base sequence quality	pass
#Base	Mean	Median	Lower Quartile	Upper Quartile	10th Percentile	90th Percentile
1	32.436049303236175	34.0	31.0	34.0	31.0	34.0
2	32.63183703234253	34.0	31.0	34.0	31.0	34.0
3	32.72685076931345	34.0	31.0	34.0	31.0	34.0
4	36.08361511961578	37.0	35.0	37.0	35.0	37.0
5	36.18240203028779	37.0	35.0	37.0	35.0	37.0
6	36.07491248388149	37.0	35.0	37.0	35.0	37.0
7	36.04017341005764	37.0	35.0	37.0	35.0	37.0
8	36.03761867174371	37.0	35.0	37.0	35.0	37.0
9	37.7494013225882	39.0	38.0	39.0	35.0	39.0
10	37.77384870285325	39.0	38.0	39.0	35.0	39.0
11	37.78796392335206	39.0	38.0	39.0	35.0	39.0
12	37.76873166970846	39.0	38.0	39.0	35.0	39.0
13	37.6627570990122	39.0	38.0	39.0	35.0	39.0
14	39.03354210741935	41.0	38.0	41.0	36.0	41.0
15	38.99870324519916	41.0	38.0	41.0	35.0	41.0
16	38.92528158442222	40.0	38.0	41.0	35.0	41.0
17	38.93946495481662	40.0	38.0	41.0	35.0	41.0
18	38.94512323231353	40.0	38.0	41.0	35.0	41.0
19	38.986687535836076	40.0	39.0	41.0	35.0	41.0
20	38.971851550742045	40.0	39.0	41.0	35.0	41.0
21	38.93821920959274	40.0	39.0	41.0	35.0	41.0
22	38.83533282369279	40.0	38.0	41.0	35.0	41.0
23	38.845873644187385	40.0	38.0	41.0	35.0	41.0
24	38.873016375396304	40.0	38.0	41.0	35.0	41.0
25	38.846921242469946	40.0	38.0	41.0	35.0	41.0
26	38.790908505684165	40.0	38.0	41.0	35.0	41.0
27	38.740067701090176	40.0	38.0	41.0	34.0	41.0
28	38.70977619846123	40.0	38.0	41.0	34.0	41.0
29	38.66537619209432	40.0	38.0	41.0	34.0	41.0
30	38.63632483493856	40.0	38.0	41.0	34.0	41.0
31	38.56049469645844	40.0	38.0	41.0	34.0	41.0
32	38.521028862573395	40.0	38.0	41.0	34.0	41.0
33	38.473447542032176	40.0	38.0	41.0	34.0	41.0
34	38.420972350010686	40.0	38.0	41.0	34.0	41.0
35	38.351698898179315	40.0	38.0	41.0	34.0	41.0
36	38.29430158082465	40.0	38.0	41.0	33.0	41.0
37	38.23381966031077	40.0	38.0	41.0	33.0	41.0
38	38.17250392901848	40.0	37.0	41.0	33.0	41.0
39	38.09159579819651	40.0	37.0	41.0	33.0	41.0
40	37.99147197927446	40.0	37.0	41.0	33.0	41.0
41	37.9113514301016	40.0	37.0	41.0	33.0	41.0
42	37.82861073204698	40.0	37.0	41.0	33.0	41.0
43	37.7639563406448	40.0	36.0	41.0	33.0	41.0
44	37.67719658942827	40.0	36.0	41.0	33.0	41.0
45	37.60873652433638	40.0	36.0	41.0	33.0	41.0
46	37.53005924295914	39.0	35.0	41.0	33.0	41.0
47	37.441266703743594	39.0	35.0	41.0	32.0	41.0
48	37.351393148527166	39.0	35.0	41.0	32.0	41.0
49	37.260492445127376	39.0	35.0	41.0	32.0	41.0
50	37.22735313152937	39.0	35.0	41.0	32.0	41.0
51	37.32701117395453	39.0	35.0	41.0	32.0	41.0
>>END_MODULE
>>Per sequence quality scores	pass
#Quality	Count
10	1.0
11	5.0
12	10.0
13	27.0
14	63.0
15	115.0
16	261.0
17	523.0
18	960.0
19	1608.0
20	3222.0
21	5697.0
22	10025.0
23	16687.0
24	26161.0
25	39529.0
26	56161.0
27	77035.0
28	101842.0
29	130586.0
30	165116.0
31	208036.0
32	265415.0
33	342136.0
34	467099.0
35	659604.0
36	992282.0
37	1556445.0
38	2493714.0
39	6331791.0
40	207800.0
41	7.0
>>END_MODULE
>>Per base sequence content	fail
#Base	G	A	T	C
1	38.3845448918019	10.120133573307898	11.12967198976836	40.36564954512184
2	25.503232565702703	11.184807982878295	29.4832379400705	33.8287215113485
3	23.945479236068625	15.977697116863935	20.831029007632292	39.24579463943515
4	26.180825908996084	22.211238984963376	18.728856758231412	32.87907834780913
5	27.55957883145949	25.780107637484544	21.56821036703765	25.092103164018315
6	26.18342663514398	28.773575011965075	21.0224660929504	24.02053225994055
7	20.772088175654133	24.497486328177555	33.55856226460479	21.171863231563528
8	23.217567729520198	22.096117059062937	28.083646828738186	26.602668382678686
9	22.973009810762175	20.196271740880626	29.145626117587902	27.685092330769294
10	23.221928365480668	31.657043405698648	23.53827810683942	21.582750121981267
11	26.965248995475687	25.46421819985627	20.55054486121971	27.01998794344833
12	25.60223199836552	21.985587858982008	23.753231580494365	28.658948562158105
13	25.000377826940007	24.29434286431804	24.61151269053601	26.093766618205947
14	24.669029808768542	24.05366088225808	24.955909129975712	26.321400178997667
15	25.28819460898309	23.691092978138432	24.04922244500215	26.971489967876327
16	25.867792973324523	23.898673379665365	23.25819480296051	26.975338844049602
17	25.378445604475885	24.191288379960934	23.48439377763823	26.945872237924952
18	25.334121659366033	24.0149302660558	23.42184251624404	27.229105558334126
19	25.70832988758516	23.964603579825738	23.083534893417447	27.243531639171657
20	25.789419491379988	23.781391503734262	23.607436234645263	26.821752770240487
21	25.461803851219884	23.648460536119753	23.514999134835072	27.374736477825294
22	25.97392479382256	24.417614385841315	22.681866620349922	26.926594199986198
23	25.558794822983348	24.64802546788954	23.1595282814748	26.633651427652318
24	25.591593200567324	24.128396332332684	23.09973671174245	27.180273755357536
25	25.993990291966618	24.2811125753024	22.58838544683823	27.136511685892746
26	25.72513806298578	24.192086329715156	23.016572363433674	27.066203243865388
27	25.472111016417248	23.812004092527534	23.354517070372776	27.361367820682446
28	25.919159147696952	23.997024219741228	22.817759965506397	27.266056667055427
29	25.655418029536243	24.043995444651884	23.189641460736983	27.110945065074887
30	25.44507962130523	23.758551786388082	23.195044324318822	27.60132426798787
31	25.95831808051916	23.95147317613053	22.735318602149494	27.354890141200812
32	25.39536190266786	24.296032508874006	23.333231729547034	26.975373858911095
33	25.387298930669388	23.846845775659915	23.403118026856234	27.362737266814463
34	25.89175124264072	24.280937969129592	22.71947659817109	27.107834190058593
35	25.76599721971458	24.328049338107814	23.054235378346522	26.851718063831086
36	25.644056071492393	23.905273643107748	22.898753907860307	27.551916377539555
37	25.983255812109817	24.056620234154185	22.409424889518895	27.550699064217106
38	25.637074007502274	24.132265202453105	22.92396615771453	27.306694632330093
39	25.55454610927386	23.97053534180489	22.945895040546905	27.52902350837434
40	25.779559920018947	24.233541451158732	22.398563191501104	27.58833543732122
41	25.560360069247356	24.23492371240096	22.984361237070154	27.22035498128153
42	25.587689182173346	23.96054715281702	22.76713143032527	27.684632234684358
43	25.833302407141062	24.325811965108443	22.552666122791436	27.28821950495906
44	25.447275387641984	24.107179555364297	23.147245352651325	27.298299704342394
45	25.393119467097975	23.809871251007856	22.92037267392282	27.87663660797135
46	26.02779242287463	23.935348873233156	22.552548278856772	27.484310425035442
47	25.884843299807127	24.055947376354773	22.811893694378632	27.247315629459468
48	24.949735000769948	24.08766879564567	22.920999751695128	28.041596451889255
49	25.118093615705583	24.145094086920587	22.63018243601807	28.106629861355763
50	26.242004426969363	23.319836269396514	22.85936165765491	27.578797645979215
51	25.79599528772296	24.20207616815157	21.93859063501986	28.063337909105606
>>END_MODULE
>>Per base GC content	fail
#Base	%GC
1	78.75019443692375
2	59.33195407705121
3	63.191273875503775
4	59.059904256805204
5	52.65168199547781
6	50.20395889508453
7	41.94395140721766
8	49.82023611219888
9	50.65810214153147
10	44.804678487461935
11	53.98523693892402
12	54.26118056052363
13	51.09414444514595
14	50.990429987766205
15	52.25968457685942
16	52.84313181737412
17	52.32431784240084
18	52.56322721770016
19	52.951861526756815
20	52.611172261620474
21	52.83654032904518
22	52.90051899380877
23	52.19244625063566
24	52.771866955924864
25	53.13050197785937
26	52.791341306851166
27	52.83347883709969
28	53.185215814752375
29	52.76636309461114
30	53.04640388929309
31	53.313208221719975
32	52.370735761578956
33	52.75003619748385
34	52.99958543269931
35	52.617715283545664
36	53.19597244903195
37	53.533954876326916
38	52.94376863983237
39	53.08356961764821
40	53.36789535734017
41	52.78071505052888
42	53.27232141685771
43	53.12152191210012
44	52.74557509198438
45	53.26975607506932
46	53.51210284791007
47	53.132158929266595
48	52.99133145265921
49	53.22472347706134
50	53.82080207294857
51	53.85933319682857
>>END_MODULE
>>Per sequence GC content	pass
#GC Content	Count
0	4769.0
1	3801.5
2	1885.5
3	836.5
4	713.0
5	694.5
6	654.0
7	559.0
8	512.5
9	625.5
10	761.5
11	993.0
12	1213.0
13	1562.5
14	1957.5
15	2778.5
16	3584.5
17	4844.5
18	6395.0
19	8884.0
20	11205.0
21	15304.0
22	19442.0
23	24535.5
24	30103.5
25	37911.5
26	55438.0
27	66132.0
28	83402.0
29	100777.5
30	122947.0
31	145258.0
32	173658.0
33	202239.5
34	244125.0
35	287885.0
36	341750.0
37	393839.5
38	438762.5
39	484943.5
40	537187.5
41	590072.5
42	642728.5
43	694070.5
44	754086.5
45	814926.0
46	844018.0
47	871255.0
48	903146.5
49	936018.5
50	944522.5
51	952145.0
52	957508.5
53	962185.5
54	951737.0
55	940764.5
56	911131.5
57	881715.0
58	842221.5
59	801529.0
60	757296.0
61	713535.5
62	666372.0
63	619091.5
64	572125.5
65	525018.5
66	492053.5
67	459863.0
68	415715.0
69	370927.0
70	337893.0
71	304867.5
72	270568.0
73	236620.0
74	213820.0
75	170995.5
76	148820.0
77	131569.0
78	114588.0
79	99568.0
80	85020.0
81	74391.0
82	63700.5
83	55763.0
84	47963.5
85	42035.0
86	36176.0
87	31073.5
88	26057.0
89	22171.0
90	18311.0
91	14981.0
92	11669.5
93	9150.0
94	6664.5
95	5057.5
96	3488.0
97	2578.0
98	1620.5
99	1044.5
100	567.0
>>END_MODULE
>>Per base N content	pass
#Base	N-Count
1	0.07153973495552213
2	0.0011158221246764556
3	0.0
4	7.062165346053517E-6
5	1.8361629899739143E-4
6	1.4124330692107033E-5
7	0.0
8	0.0
9	2.1186496038160552E-5
10	1.4124330692107033E-5
11	1.9067846434344497E-4
12	6.779678732211377E-4
13	2.895487791881942E-4
14	1.4124330692107033E-5
15	0.0
16	0.04468938230982666
17	1.4124330692107033E-5
18	7.062165346053517E-6
19	0.0
20	7.062165346053517E-6
21	4.025649176539336E-4
22	7.345830616023475E-4
23	3.814489507928734E-4
24	3.53236240936223E-5
25	1.413082729705606E-4
26	7.0663822306491185E-6
27	0.0010954182822908462
28	0.0024173212518161717
29	0.0014632887364869351
30	8.48399554335714E-5
31	3.4647956958469404E-4
32	0.0010537451020301073
33	0.001386342643496543
34	0.003919134530588845
35	0.007521177633871478
36	0.003899304253723411
37	0.004388402189133197
38	0.007376976004792628
39	0.006252683768004614
40	0.004377557692562423
41	0.004421657790046933
42	0.01011152817028494
43	0.009443718841403988
44	0.005841964842303151
45	0.007686425112588013
46	0.005675171529925969
47	0.007536464259927076
48	0.006301830922021901
49	0.008717460851131854
50	0.0
51	0.0
>>END_MODULE
>>Sequence Length Distribution	warn
#Length	Count
20	756.0
21	1516.0
22	1144.0
23	1714.0
24	1380.0
25	1940.0
26	1667.0
27	1954.0
28	1675.0
29	1938.0
30	2031.0
31	2206.0
32	2123.0
33	2145.0
34	2349.0
35	2699.0
36	2577.0
37	3120.0
38	3093.0
39	4475.0
40	5107.0
41	9639.0
42	8691.0
43	6298.0
44	10961.0
45	15516.0
46	75911.0
47	243300.0
48	286285.0
49	45676.0
50	135815.0
51	1.3274262E7
>>END_MODULE
>>Sequence Duplication Levels	fail
#Total Duplicate Percentage	70.91194449033536
#Duplication Level	Relative count
1	100.0
2	38.86238427897995
3	20.040324870790027
4	12.571704435735787
5	9.236383256659284
6	7.434543079457034
7	5.78463111262566
8	4.836144715170103
9	4.39881865167263
10++	80.81302890895667
>>END_MODULE
>>Overrepresented sequences	pass
>>END_MODULE
>>Kmer Content	warn
#Sequence	Count	Obs/Exp Overall	Obs/Exp Max	Max Obs/Exp Position
AAAAA	2551600	5.3995876	8.488417	10
TTCTT	2012495	3.8133264	7.1719384	6
CTTCT	2208685	3.5030854	5.9546843	5
TTTTT	1532410	3.4689362	4.827096	11
CAGCA	2318865	3.2312944	4.5649204	9
TCTTC	1917505	3.0412593	5.6960063	7
TCTTG	1488485	2.545699	5.2357616	7
CTCCT	1823730	2.4211702	7.242209	1
TCCTC	1642930	2.1811414	5.073416	2
GCCAG	1669850	2.1287596	6.4031734	1
TTGAA	1058675	2.1055624	6.1927705	7
CTCCA	1588205	2.0802553	7.305411	1
TCCAG	1427430	2.016093	5.510353	2
GTCCA	1108690	1.5659066	5.5885477	1
>>END_MODULE
