##FastQC	0.10.1
>>Basic Statistics	pass
#Measure	Value	
Filename	Control_4.fastq	
File type	Conventional base calls	
Encoding	Sanger / Illumina 1.9	
Total Sequences	28944019	
Filtered Sequences	0	
Sequence length	39	
%GC	51	
>>END_MODULE
>>Per base sequence quality	pass
#Base	Mean	Median	Lower Quartile	Upper Quartile	10th Percentile	90th Percentile
1	37.89486515331544	39.0	38.0	39.0	35.0	39.0
2	39.345215258461515	41.0	39.0	41.0	36.0	41.0
3	39.321121057860005	41.0	39.0	41.0	36.0	41.0
4	39.27505233464641	41.0	39.0	41.0	36.0	41.0
5	39.280296837837206	41.0	39.0	41.0	36.0	41.0
6	39.28479534925678	41.0	39.0	41.0	36.0	41.0
7	39.32224025281354	41.0	39.0	41.0	36.0	41.0
8	39.28120116974771	41.0	39.0	41.0	36.0	41.0
9	39.270664035979244	41.0	39.0	41.0	36.0	41.0
10	39.229241730389965	41.0	39.0	41.0	36.0	41.0
11	39.22775264900151	41.0	39.0	41.0	36.0	41.0
12	39.23925398888109	41.0	39.0	41.0	36.0	41.0
13	39.218993257294365	41.0	39.0	41.0	36.0	41.0
14	39.17921260347431	41.0	39.0	41.0	36.0	41.0
15	39.14062573687504	41.0	39.0	41.0	36.0	41.0
16	39.112234275412824	40.0	39.0	41.0	35.0	41.0
17	39.07428494985441	40.0	39.0	41.0	35.0	41.0
18	39.05078088844538	40.0	38.0	41.0	35.0	41.0
19	38.99775715321359	40.0	38.0	41.0	35.0	41.0
20	38.9605611784597	40.0	38.0	41.0	35.0	41.0
21	38.916326098321036	40.0	38.0	41.0	35.0	41.0
22	38.87085563342119	40.0	38.0	41.0	35.0	41.0
23	38.809947989600204	40.0	38.0	41.0	35.0	41.0
24	38.68715913294557	40.0	38.0	41.0	35.0	41.0
25	38.66834156652537	40.0	38.0	41.0	35.0	41.0
26	38.62597913579313	40.0	38.0	41.0	35.0	41.0
27	38.56430705079347	40.0	38.0	41.0	35.0	41.0
28	38.48626595359822	40.0	38.0	41.0	34.0	41.0
29	38.42186249255848	40.0	37.0	41.0	34.0	41.0
30	38.320105856757486	40.0	37.0	41.0	34.0	41.0
31	38.27870942870788	40.0	37.0	41.0	34.0	41.0
32	38.201637305448145	40.0	37.0	41.0	34.0	41.0
33	38.13831230555784	40.0	37.0	41.0	34.0	41.0
34	38.06395694391992	40.0	36.0	41.0	33.0	41.0
35	37.98500063173673	40.0	36.0	41.0	33.0	41.0
36	37.921020401486054	40.0	36.0	41.0	33.0	41.0
37	37.86381635528915	39.0	36.0	41.0	33.0	41.0
38	37.89799688840724	39.0	35.0	41.0	33.0	41.0
39	38.06802545285781	39.0	35.0	41.0	34.0	41.0
>>END_MODULE
>>Per sequence quality scores	pass
#Quality	Count
12	9.0
13	12.0
14	36.0
15	95.0
16	210.0
17	379.0
18	770.0
19	1562.0
20	2754.0
21	4895.0
22	8219.0
23	13452.0
24	21157.0
25	32410.0
26	48424.0
27	69877.0
28	99465.0
29	138845.0
30	193060.0
31	264677.0
32	362549.0
33	505448.0
34	742449.0
35	1077221.0
36	1574290.0
37	2337847.0
38	3397758.0
39	5280393.0
40	1.2765756E7
>>END_MODULE
>>Per base sequence content	pass
#Base	G	A	T	C
1	24.6253033917165	24.410858382234917	24.883339448010965	26.080498778037615
2	24.156738564882783	24.382077001815126	25.303396877952572	26.157787555349515
3	24.613900370919463	24.010794769033282	24.727277853155087	26.648027006892168
4	25.42526469290598	24.12577189102489	23.673268051073197	26.775695364995933
5	24.866964743216897	24.73230479844558	23.995955779326984	26.40477467901054
6	24.592313873204684	24.572886716250427	24.126621807427643	26.708177603117246
7	25.20032204235355	24.37829729174791	23.584447619385546	26.836933046512996
8	25.19915427087026	24.44189246835417	24.109395450576507	26.249557810199057
9	24.767777437540968	24.29884259176884	24.169692722399162	26.763687248291028
10	25.37979438030319	24.963262701234594	23.069700380565695	26.587242537896522
11	25.024516293799724	25.206633384945615	23.696894722556813	26.071955598697844
12	24.742570368705845	24.721854383344958	23.786985082002964	26.748590165946233
13	25.363309785878318	24.720889119433988	23.131939465234943	26.783861629452748
14	25.073224972661883	24.82674918089295	23.56279202276643	26.537233823678736
15	24.666707921223974	24.431125050129985	23.99664960476303	26.90551742388301
16	25.351898123643036	24.62957255767479	23.214831608813363	26.803697709868807
17	25.14032178472581	24.69687595799186	23.680617291129227	26.4821849661531
18	24.756546755391696	24.4096729555559	23.836188805704374	26.997591483348028
19	25.31660106641806	24.53789725509912	23.196828109014387	26.94867356946843
20	24.922538280334276	24.891422995335745	23.903735540945416	26.282303183384563
21	24.66996246414483	24.43390622137745	24.114473820501345	26.781657493976375
22	25.37554274372546	24.747113460037482	23.069554979598646	26.807788816638418
23	25.22753628135573	24.89284646689089	23.63191465750049	26.247702594252885
24	24.943841374375083	24.441830802981972	23.578890327117257	27.035437495525688
25	25.37222621989627	24.587583019013884	22.892018334242643	27.1481724268472
26	25.060949018420388	24.74098956149806	23.524458831936187	26.673602588145368
27	24.667343029899982	24.456190278363408	23.74862436646228	27.127842325274326
28	25.225778886367568	24.737966440742664	22.933580388906602	27.10267428398317
29	25.083953234329986	24.841592309239367	23.528952243941813	26.545502212488824
30	24.8151474099007	24.596410951570284	23.529808111831745	27.058633526697275
31	25.277741144303363	24.790025120870023	22.980563743045913	26.9516699917807
32	24.89176656085807	24.742827895685444	23.69142277332584	26.673982770130642
33	24.745897341769417	24.403588071433198	23.602496275022133	27.248018311775247
34	25.355096913242527	24.494900435007864	23.00161817189591	27.1483844798537
35	25.27431579250687	24.63687002019244	23.408666776238313	26.680147411062382
36	24.322849311812256	24.507257437876188	23.49357936746223	27.676313882849325
37	24.247403167315493	24.689694520940346	23.275893431747445	27.787008879996723
38	25.07924003228439	23.997012992563334	23.63628907236414	27.287457902788137
39	24.976210110973184	24.845298781762132	22.29916308443551	27.879328022829174
>>END_MODULE
>>Per base GC content	pass
#Base	%GC
1	50.70580216975411
2	50.31452612023231
3	51.26192737781163
4	52.20096005790191
5	51.271739422227434
6	51.30049147632193
7	52.037255088866544
8	51.448712081069324
9	51.531464685832
10	51.9670369181997
11	51.096471892497576
12	51.49116053465208
13	52.14717141533106
14	51.610458796340616
15	51.57222534510698
16	52.155595833511846
17	51.62250675087891
18	51.75413823873972
19	52.26527463588649
20	51.20484146371884
21	51.451619958121206
22	52.183331560363875
23	51.47523887560862
24	51.97927886990077
25	52.52039864674347
26	51.734551606565745
27	51.79518535517431
28	52.32845317035073
29	51.62945544681882
30	51.87378093659798
31	52.22941113608407
32	51.56574933098872
33	51.99391565354466
34	52.50348139309623
35	51.95446320356925
36	51.99916319466158
37	52.03441204731221
38	52.36669793507252
39	52.85553813380236
>>END_MODULE
>>Per sequence GC content	pass
#GC Content	Count
0	2931.0
1	2384.5
2	1838.0
3	1838.0
4	2268.0
5	2698.0
6	3295.0
7	3892.0
8	3892.0
9	5435.5
10	6979.0
11	6979.0
12	10689.5
13	14400.0
14	24786.5
15	35173.0
16	35173.0
17	40588.5
18	46004.0
19	62124.0
20	78244.0
21	78244.0
22	106057.0
23	133870.0
24	179745.5
25	225621.0
26	225621.0
27	278263.0
28	330905.0
29	425799.0
30	520693.0
31	520693.0
32	657336.0
33	793979.0
34	793979.0
35	923776.0
36	1053573.0
37	1236119.5
38	1418666.0
39	1418666.0
40	1585102.0
41	1751538.0
42	1887159.5
43	2022781.0
44	2022781.0
45	2160054.5
46	2297328.0
47	2370762.0
48	2444196.0
49	2444196.0
50	2482095.0
51	2519994.0
52	2519994.0
53	2463589.5
54	2407185.0
55	2280540.5
56	2153896.0
57	2153896.0
58	2022706.0
59	1891516.0
60	1724501.5
61	1557487.0
62	1557487.0
63	1414063.5
64	1270640.0
65	1153196.5
66	1035753.0
67	1035753.0
68	923029.0
69	810305.0
70	810305.0
71	710702.0
72	611099.0
73	534920.0
74	458741.0
75	458741.0
76	398465.5
77	338190.0
78	289294.5
79	240399.0
80	240399.0
81	203714.5
82	167030.0
83	140957.0
84	114884.0
85	114884.0
86	96447.5
87	78011.0
88	63937.5
89	49864.0
90	49864.0
91	39656.0
92	29448.0
93	29448.0
94	22617.0
95	15786.0
96	11047.0
97	6308.0
98	6308.0
99	4241.0
100	2174.0
>>END_MODULE
>>Per base N content	pass
#Base	N-Count
1	6.909890433667834E-6
2	0.0
3	0.0
4	0.023514357145771634
5	0.0
6	0.0
7	0.0
8	0.0
9	4.3532309732107345E-4
10	6.909890433667834E-6
11	1.0364835650501749E-5
12	6.460747555479424E-4
13	1.9347693214269933E-4
14	0.0
15	0.006087613472061361
16	0.0024150067065669078
17	3.4549452168339166E-5
18	2.1766154866053672E-4
19	7.946373998718009E-5
20	1.5547253475752624E-4
21	0.001703287991899121
22	3.800439738517308E-4
23	0.0017378374440674602
24	0.003465310052484418
25	0.002763956173467133
26	0.003375481476846736
27	0.0034238507098824115
28	0.005330980469574733
29	0.0028399649682374793
30	0.011249301626011232
31	0.003980096889792672
32	0.0019382242666438274
33	0.0030887210238495218
34	0.002985072667344504
35	0.0034825847785685876
36	0.0021040616370518552
37	6.978989338004512E-4
38	0.0
39	0.0
>>END_MODULE
>>Sequence Length Distribution	pass
#Length	Count
39	2.8944019E7
>>END_MODULE
>>Sequence Duplication Levels	fail
#Total Duplicate Percentage	88.37715095204366
#Duplication Level	Relative count
1	100.0
2	96.15715514769143
3	69.42572411815314
4	48.04989962718669
5	33.467163751075425
6	25.473186119873816
7	20.243045597935186
8	16.40378548895899
9	14.159736162890738
10++	293.56897046171497
>>END_MODULE
>>Overrepresented sequences	pass
>>END_MODULE
>>Kmer Content	warn
#Sequence	Count	Obs/Exp Overall	Obs/Exp Max	Max Obs/Exp Position
AAAAA	4098465	4.5022354	5.270315	35
TTCTT	2989765	3.530926	3.927023	11
CTTCT	3153865	3.2827113	3.6720302	22
CAGCA	3464520	3.1516125	3.4586205	27
TTTTT	2344610	3.1418405	3.6832259	1
TCTTC	2977275	3.0989068	3.4076996	12
>>END_MODULE
