##FastQC	0.10.1
>>Basic Statistics	pass
#Measure	Value	
Filename	Sample_3_L001_poly_any.fastq	
File type	Conventional base calls	
Encoding	Sanger / Illumina 1.9	
Total Sequences	13715035	
Filtered Sequences	0	
Sequence length	20-39	
%GC	55	
>>END_MODULE
>>Per base sequence quality	pass
#Base	Mean	Median	Lower Quartile	Upper Quartile	10th Percentile	90th Percentile
1	37.58366967346419	39.0	37.0	39.0	35.0	39.0
2	38.938700484541236	41.0	38.0	41.0	35.0	41.0
3	38.90257392708075	40.0	38.0	41.0	35.0	41.0
4	38.84126442258441	40.0	38.0	41.0	35.0	41.0
5	38.850562029189135	40.0	38.0	41.0	35.0	41.0
6	38.84337028669631	40.0	38.0	41.0	35.0	41.0
7	38.876417085337366	40.0	38.0	41.0	35.0	41.0
8	38.86287246077024	40.0	38.0	41.0	35.0	41.0
9	38.8233174031273	40.0	38.0	41.0	34.0	41.0
10	38.72124445909179	40.0	38.0	41.0	34.0	41.0
11	38.720446138125055	40.0	38.0	41.0	34.0	41.0
12	38.74356653118275	40.0	38.0	41.0	34.0	41.0
13	38.71622347299879	40.0	38.0	41.0	34.0	41.0
14	38.65028445060476	40.0	38.0	41.0	34.0	41.0
15	38.59667430670064	40.0	38.0	41.0	34.0	41.0
16	38.559890951791225	40.0	38.0	41.0	34.0	41.0
17	38.50750304319311	40.0	38.0	41.0	34.0	41.0
18	38.47035753098698	40.0	38.0	41.0	34.0	41.0
19	38.385818264408364	40.0	38.0	41.0	34.0	41.0
20	38.343443381661075	40.0	38.0	41.0	34.0	41.0
21	38.296615255406756	40.0	38.0	41.0	33.0	41.0
22	38.230661176594495	40.0	38.0	41.0	33.0	41.0
23	38.15561596361798	40.0	37.0	41.0	33.0	41.0
24	38.088106382337656	40.0	37.0	41.0	33.0	41.0
25	38.01883002756106	40.0	37.0	41.0	33.0	41.0
26	37.94700724023327	40.0	37.0	41.0	33.0	41.0
27	37.8621494280324	40.0	37.0	41.0	33.0	41.0
28	37.751653951286436	40.0	36.0	41.0	33.0	41.0
29	37.66330544907696	40.0	36.0	41.0	33.0	41.0
30	37.56737645778409	40.0	36.0	41.0	32.0	41.0
31	37.4921911975325	40.0	35.0	41.0	32.0	41.0
32	37.38995191826789	39.0	35.0	41.0	32.0	41.0
33	37.315649536466125	39.0	35.0	41.0	32.0	41.0
34	37.22591947321382	39.0	35.0	41.0	32.0	41.0
35	37.1287697986627	39.0	35.0	41.0	32.0	41.0
36	37.022090316806974	39.0	35.0	41.0	31.0	41.0
37	36.922210019406215	39.0	35.0	41.0	31.0	41.0
38	36.88262564859639	38.0	35.0	41.0	31.0	41.0
39	37.00497630169756	38.0	35.0	41.0	32.0	41.0
>>END_MODULE
>>Per sequence quality scores	pass
#Quality	Count
9	2.0
10	8.0
11	26.0
12	51.0
13	115.0
14	271.0
15	507.0
16	983.0
17	1697.0
18	3070.0
19	5175.0
20	8501.0
21	13447.0
22	20387.0
23	29478.0
24	40455.0
25	54358.0
26	70594.0
27	89485.0
28	111325.0
29	136376.0
30	165729.0
31	203692.0
32	248737.0
33	310978.0
34	415549.0
35	557735.0
36	774360.0
37	1102984.0
38	1546376.0
39	2309240.0
40	5488131.0
41	5213.0
>>END_MODULE
>>Per base sequence content	pass
#Base	G	A	T	C
1	25.70329568973029	23.54703433130138	23.878152698844733	26.8715172801236
2	25.35067537195494	23.022267168840617	24.207448249311796	27.41960920989265
3	26.17605423537016	22.727065588968603	23.250658857232224	27.84622131842901
4	26.5956011049188	22.827225741676926	22.693897609448317	27.88327554395596
5	26.16616727554833	23.053612331284608	22.733015263905635	28.047205129261428
6	26.171803425948237	22.866248609646274	22.575589489928387	28.386358474477095
7	26.46795287069993	22.891024339347293	22.24468986043419	28.396332929518593
8	26.646348332322884	22.508334831081363	22.767174855915425	28.07814198068033
9	26.382973138603	22.555611414772184	22.54422974494779	28.51718570167703
10	26.834412015718517	23.22653205041037	21.966608178542746	27.972447755328368
11	26.431678810881635	23.4296376203196	22.286148012017467	27.852535556781298
12	26.554055458115855	22.90217268858592	22.23055938245874	28.31321247083948
13	26.76000462266411	23.224636320651022	21.90245959999373	28.112899456691142
14	26.5437091483908	22.903375747856273	22.283333582451668	28.269581521301255
15	26.385495917436597	22.697528661064297	22.436472090665465	28.480503330833645
16	26.789286356177726	22.84717465175991	22.13124501687382	28.232293975188544
17	26.55256074811329	22.86745166891663	22.31176952884189	28.268218054128187
18	26.43165693707672	22.72710204531013	22.25937447480083	28.581866542812325
19	26.81525056261249	22.909165014890593	21.89723176061891	28.378352661878004
20	26.37501107361374	22.985220234581973	22.47373776297326	28.166030928831027
21	26.45220533675041	22.64140600409155	22.413215787682038	28.493172871476002
22	26.858973863235043	23.03220795692201	21.829253157951527	28.279565021891422
23	26.779474713859468	22.946349991894873	22.208317264953216	28.06585802929244
24	26.856421860173246	22.549587273340695	21.898047903893143	28.695942962592913
25	27.096461920517918	22.765755201791467	21.498577387488904	28.639205490201707
26	26.739539712084632	22.741249609294652	21.96288263478085	28.556328043839862
27	26.724411805792652	22.531000167195817	21.859308156851586	28.88527987015994
28	26.875326187931638	22.850000030378386	21.489200179597024	28.78547360209295
29	26.739705720786027	22.68377524740161	22.0313314423844	28.54518758942796
30	26.868138964424087	22.53333662997312	21.606517579715593	28.992006825887202
31	27.046861310441045	22.88304196905982	21.45360486827748	28.616491852221653
32	26.71847614645327	22.519479034836422	21.986364520291684	28.775680298418628
33	26.777610626552868	22.308046513638256	21.684683058235983	29.229659801572893
34	27.400335223276883	22.396748042989493	21.33849247125041	28.86442426248321
35	27.48333928413565	22.342365163217956	21.29206386042748	28.882231692218912
36	26.775631239385778	22.138613509827263	21.432007102804416	29.653748147982544
37	26.998738910280608	21.903780229774046	21.06263491512053	30.034845944824824
38	28.723167773383395	20.460647943884823	20.572227435808017	30.243956846923766
39	27.44363162571284	22.323513424305226	20.230903974678338	30.001950975303597
>>END_MODULE
>>Per base GC content	pass
#Base	%GC
1	52.57481296985389
2	52.770284581847584
3	54.02227555379917
4	54.47887664887475
5	54.21337240480975
6	54.55816190042534
7	54.86428580021852
8	54.724490313003216
9	54.900158840280035
10	54.80685977104688
11	54.28421436766293
12	54.86726792895534
13	54.872904079355244
14	54.81329066969206
15	54.865999248270235
16	55.02158033136627
17	54.82077880224148
18	55.01352347988904
19	55.193603224490495
20	54.54104200244476
21	54.945378208226415
22	55.138538885126465
23	54.84533274315191
24	55.552364822766165
25	55.73566741071963
26	55.2958677559245
27	55.6096916759526
28	55.66079979002458
29	55.28489331021399
30	55.860145790311286
31	55.6633531626627
32	55.49415644487189
33	56.007270428125764
34	56.264759485760095
35	56.36557097635456
36	56.42937938736833
37	57.033584855105424
38	58.96712462030715
39	57.44558260101643
>>END_MODULE
>>Per sequence GC content	pass
#GC Content	Count
0	11562.0
1	9779.0
2	5552.5
3	3075.0
4	2872.0
5	2560.5
6	2363.0
7	2093.0
8	1885.0
9	1958.0
10	2073.0
11	2174.0
12	2940.0
13	3824.5
14	4894.5
15	6049.0
16	6612.5
17	8593.5
18	10799.0
19	14536.0
20	18263.0
21	19379.0
22	25467.0
23	31929.0
24	42403.0
25	53218.5
26	55980.5
27	70058.5
28	85787.0
29	112003.5
30	137864.0
31	144104.5
32	187703.5
33	233126.0
34	242769.0
35	287334.5
36	332467.5
37	400091.5
38	470747.0
39	485420.0
40	563346.5
41	641173.5
42	722201.0
43	806998.5
44	824223.5
45	902717.5
46	980151.5
47	1058217.5
48	1131990.5
49	1137907.0
50	1191191.0
51	1242782.0
52	1244984.5
53	1257201.0
54	1269695.0
55	1243317.5
56	1211582.5
57	1198811.0
58	1149335.0
59	1102874.5
60	1030627.5
61	955796.0
62	944778.5
63	873754.0
64	800216.5
65	739211.5
66	679764.5
67	670232.5
68	609721.5
69	549563.5
70	541096.5
71	482759.0
72	423400.5
73	374391.5
74	326902.5
75	320572.0
76	281207.0
77	242204.5
78	211200.0
79	180360.5
80	176424.5
81	151588.0
82	127281.5
83	108049.5
84	89543.0
85	87308.0
86	73935.5
87	61448.0
88	50814.5
89	40283.0
90	39474.0
91	31433.0
92	23811.0
93	23006.0
94	17712.5
95	12977.5
96	9405.0
97	5992.0
98	5870.0
99	4151.5
100	2555.0
>>END_MODULE
>>Per base N content	pass
#Base	N-Count
1	0.0
2	0.0
3	0.0
4	0.0
5	0.0
6	0.0
7	0.0
8	0.0
9	0.0
10	0.0
11	0.0
12	0.0
13	0.0
14	0.0
15	0.0
16	0.0
17	0.0
18	0.0
19	0.0
20	0.0
21	0.0
22	0.0
23	0.0
24	0.0
25	0.0
26	0.0
27	0.0
28	0.0
29	0.0
30	0.0
31	0.0
32	0.0
33	0.0
34	0.0
35	0.0
36	0.0
37	0.0
38	0.0
39	0.0
>>END_MODULE
>>Sequence Length Distribution	warn
#Length	Count
20	69840.0
21	67960.0
22	67265.0
23	68265.0
24	66313.0
25	69329.0
26	70086.0
27	68721.0
28	69423.0
29	74471.0
30	75538.0
31	71416.0
32	59006.0
33	112437.0
34	182844.0
35	355659.0
36	387760.0
37	230881.0
38	138143.0
39	1.1409678E7
>>END_MODULE
>>Sequence Duplication Levels	fail
#Total Duplicate Percentage	76.75846600728022
#Duplication Level	Relative count
1	100.0
2	52.2948197366802
3	29.16381022693315
4	18.311097048638576
5	13.202903900578319
6	10.01775387157447
7	8.599201954683682
8	7.117368911388845
9	5.755066884634991
10++	107.09979082072105
>>END_MODULE
>>Overrepresented sequences	pass
>>END_MODULE
>>Kmer Content	warn
#Sequence	Count	Obs/Exp Overall	Obs/Exp Max	Max Obs/Exp Position
CAGCA	1706650	3.2908692	3.6202707	27
CTTCT	1240075	3.0532367	3.4362848	1
CATCA	1304300	3.0376961	3.4122243	1
>>END_MODULE
