##FastQC	0.10.1
>>Basic Statistics	pass
#Measure	Value	
Filename	Sample_6_L001_trimmed.fastq	
File type	Conventional base calls	
Encoding	Sanger / Illumina 1.9	
Total Sequences	21742067	
Filtered Sequences	0	
Sequence length	5-51	
%GC	52	
>>END_MODULE
>>Per base sequence quality	pass
#Base	Mean	Median	Lower Quartile	Upper Quartile	10th Percentile	90th Percentile
1	32.48457264895743	34.0	31.0	34.0	31.0	34.0
2	32.69240762619304	34.0	31.0	34.0	31.0	34.0
3	32.77169507388603	34.0	31.0	34.0	31.0	34.0
4	36.184101447208306	37.0	35.0	37.0	35.0	37.0
5	36.26276255150902	37.0	37.0	37.0	35.0	37.0
6	36.16774212213184	37.0	36.0	37.0	35.0	37.0
7	36.14362982905565	37.0	35.0	37.0	35.0	37.0
8	36.14800314357187	37.0	36.0	37.0	35.0	37.0
9	37.92540744124153	39.0	38.0	39.0	35.0	39.0
10	37.93528858120475	39.0	38.0	39.0	35.0	39.0
11	37.94488301814242	39.0	38.0	39.0	35.0	39.0
12	37.932450857595356	39.0	38.0	39.0	35.0	39.0
13	37.833030352013495	39.0	38.0	39.0	35.0	39.0
14	39.26592915515458	41.0	39.0	41.0	36.0	41.0
15	39.2377509932666	41.0	39.0	41.0	36.0	41.0
16	39.188483807568524	41.0	39.0	41.0	36.0	41.0
17	39.20313409747286	41.0	39.0	41.0	36.0	41.0
18	39.207287973851656	41.0	39.0	41.0	36.0	41.0
19	39.2490304318324	41.0	39.0	41.0	36.0	41.0
20	39.24119234133195	41.0	39.0	41.0	36.0	41.0
21	39.20763905112041	41.0	39.0	41.0	36.0	41.0
22	39.11605435675306	41.0	39.0	41.0	36.0	41.0
23	39.12517677196284	40.0	39.0	41.0	35.0	41.0
24	39.1575969375355	41.0	39.0	41.0	36.0	41.0
25	39.140898209269466	41.0	39.0	41.0	35.0	41.0
26	39.10342061003165	40.0	39.0	41.0	35.0	41.0
27	39.06910653367774	40.0	38.0	41.0	35.0	41.0
28	39.04943609996131	40.0	38.0	41.0	35.0	41.0
29	39.00959732710485	40.0	38.0	41.0	35.0	41.0
30	38.98457628736871	40.0	38.0	41.0	35.0	41.0
31	38.91406395451959	40.0	38.0	41.0	35.0	41.0
32	38.88346887700315	40.0	38.0	41.0	35.0	41.0
33	38.84452349755915	40.0	38.0	41.0	35.0	41.0
34	38.79609434033287	40.0	38.0	41.0	35.0	41.0
35	38.73420408245188	40.0	38.0	41.0	35.0	41.0
36	38.682668618428025	40.0	38.0	41.0	35.0	41.0
37	38.626389782365095	40.0	38.0	41.0	34.0	41.0
38	38.57123925878071	40.0	38.0	41.0	34.0	41.0
39	38.495427113164155	40.0	38.0	41.0	34.0	41.0
40	38.40559530588038	40.0	37.0	41.0	34.0	41.0
41	38.32680438104581	40.0	37.0	41.0	34.0	41.0
42	38.244674932587294	40.0	37.0	41.0	33.0	41.0
43	38.184991872977335	40.0	37.0	41.0	33.0	41.0
44	38.09201298886025	40.0	37.0	41.0	33.0	41.0
45	38.01806008603043	40.0	36.0	41.0	33.0	41.0
46	37.937605194940616	40.0	36.0	41.0	33.0	41.0
47	37.83407617632897	40.0	36.0	41.0	33.0	41.0
48	37.72466742085331	39.0	35.0	41.0	33.0	41.0
49	37.60711630010311	39.0	35.0	41.0	33.0	41.0
50	37.487038368366385	39.0	35.0	41.0	33.0	41.0
51	37.33554419156917	39.0	35.0	41.0	33.0	41.0
>>END_MODULE
>>Per sequence quality scores	pass
#Quality	Count
20	1.0
21	0.0
22	1.0
23	5.0
24	10.0
25	139.0
26	1235.0
27	8949.0
28	42327.0
29	124117.0
30	235915.0
31	341963.0
32	453436.0
33	595387.0
34	818903.0
35	1246844.0
36	1723725.0
37	2526959.0
38	3959188.0
39	9483290.0
40	179673.0
>>END_MODULE
>>Per base sequence content	fail
#Base	G	A	T	C
1	37.623520339625486	9.228662573802206	11.870697482442678	41.27711960412964
2	25.523603620575724	9.910147917399021	31.904229712841932	32.662018749183325
3	24.3805016330784	15.324186978174614	22.400137944566172	37.89517344418081
4	27.589317979748664	21.488743457556268	19.09867631260634	31.823262250088735
5	28.20580950284074	25.51699431337416	22.24035552829453	24.036840655490575
6	25.324872173157374	28.501327800837533	22.274543090613903	23.899256935391186
7	20.083132816989863	23.73685812552212	35.41940224282067	20.760606814667355
8	22.877565691309428	21.580886384976353	29.568929375962554	25.972618547751665
9	22.129338237108616	19.74595538644701	30.735827032503575	27.388879343940797
10	22.573643994365902	31.524262719536722	24.55702748181629	21.345065804281084
11	26.624948421771805	25.427509025487232	21.233093490668324	26.714449062072642
12	24.84381952511885	21.638950396511465	25.373330351259526	28.14389972711016
13	24.486500418634805	24.154459549919018	25.566661203069096	25.792378828377082
14	24.030458886802776	24.000770562652626	26.155120334908133	25.813650215636464
15	24.46030355294209	23.628559341765055	25.373086587296456	26.538050517996396
16	25.325744058226352	23.579567220918367	24.238693276745558	26.855995444109727
17	24.84769417493129	24.2791396103353	24.33873037263918	26.53443584209423
18	24.484166833714845	23.938215781431367	24.514065056362256	27.063552328491536
19	25.240471932052223	23.653200392610383	23.76615993107305	27.340167744264342
20	25.234680648643675	23.653975838774123	24.44185870959255	26.66948480298965
21	24.61503005893477	23.49559135946603	24.576555126698654	27.312823454900542
22	25.437282458093907	24.131004662491314	23.408092806983987	27.023620072430788
23	25.05065873306308	24.434021143992865	24.118030664590375	26.39728945835368
24	24.674827509284874	23.964299568133306	24.188440349569177	27.172432573012646
25	25.4419116573854	23.99764094497111	23.421760912924643	27.138686484718843
26	25.129287580754728	24.150261711912783	23.921608793933906	26.79884191339858
27	24.587801778103778	23.73471349259545	24.442697531078878	27.234787198221895
28	25.378810126187023	23.84012593176895	23.644685853319327	27.1363780887247
29	25.139923835693235	24.030769994124874	24.091539758057486	26.737766412124405
30	24.717272672583213	23.697826124476943	24.290576560526052	27.29432464241379
31	25.290238280463306	23.86915574652977	23.530466010811164	27.310139962195752
32	24.92964086617546	24.26784628753399	24.176430624006294	26.626082222284253
33	24.53018507586649	23.751998107184935	24.519375034536974	27.1984417824116
34	25.34749325911305	24.119286351462886	23.330105522386212	27.203114867037854
35	25.277710367427968	24.21253053992953	23.94219983184919	26.56755926079331
36	24.840396985820156	23.832750186155426	23.919023597313462	27.407829230710956
37	25.380693129636573	23.94041600388175	23.122527134031394	27.55636373245028
38	25.1463850528026	24.127718966079687	23.745201711686935	26.98069426943078
39	24.685175454752837	23.772030274899887	24.034418284525007	27.50837598582227
40	25.280798053478865	24.06629249756255	23.093958864400253	27.558950584558335
41	25.083368793939798	24.165425007441176	23.753620584302304	26.997585614316723
42	24.767851919289406	23.899105436547195	23.87213828238553	27.46090436177787
43	25.260184240227307	24.089638357884148	23.206983419626656	27.44319398226189
44	24.99720471908026	24.04330794117166	23.94379281429925	27.01569452544883
45	24.735940521017252	23.67694709291378	23.89533708890159	27.691775297167375
46	25.5358797911496	23.794327395706976	23.147514282223586	27.52227853091984
47	25.293792175342727	23.95516104754502	23.73283112349828	27.018215653613975
48	24.618721693250205	23.735262009454175	23.80961759569348	27.83639870160214
49	25.68078643245873	23.609820015181224	23.11242392905148	27.596969623308564
50	25.615110211202712	24.031202443737964	23.600339100798045	26.753348244261275
51	25.113467549343028	23.77561075305307	23.60115490912928	27.50976678847462
>>END_MODULE
>>Per base GC content	fail
#Base	%GC
1	78.90063994375511
2	58.18562236975905
3	62.275675077259216
4	59.412580229837396
5	52.242650158331315
6	49.22412910854856
7	40.843739631657215
8	48.85018423906109
9	49.51821758104941
10	43.91870979864699
11	53.339397483844444
12	52.98771925222901
13	50.278879247011886
14	49.84410910243924
15	50.99835407093849
16	52.18173950233608
17	51.38213001702552
18	51.547719162206384
19	52.580639676316565
20	51.90416545163333
21	51.92785351383531
22	52.4609025305247
23	51.44794819141676
24	51.84726008229752
25	52.58059814210425
26	51.92812949415331
27	51.822588976325676
28	52.515188214911724
29	51.87769024781763
30	52.011597314997005
31	52.60037824265906
32	51.555723088459715
33	51.72862685827809
34	52.5506081261509
35	51.84526962822128
36	52.248226216531116
37	52.93705686208685
38	52.127079322233385
39	52.19355144057511
40	52.8397486380372
41	52.08095440825652
42	52.22875628106728
43	52.70337822248919
44	52.01289924452909
45	52.42771581818463
46	53.05815832206944
47	52.312007828956695
48	52.45512039485235
49	53.27775605576729
50	52.368458455463994
51	52.62323433781765
>>END_MODULE
>>Per sequence GC content	pass
#GC Content	Count
0	60223.0
1	58704.5
2	55713.0
3	31710.0
4	6846.5
5	4406.5
6	4912.5
7	6224.0
8	8075.5
9	9351.0
10	11281.0
11	13564.5
12	14250.0
13	15457.0
14	17227.0
15	19701.0
16	21683.0
17	25264.0
18	29499.0
19	35941.5
20	42105.0
21	52299.0
22	62814.5
23	74173.5
24	86058.5
25	105334.5
26	141856.5
27	163270.5
28	198230.5
29	234503.5
30	278757.5
31	326218.5
32	381137.5
33	432451.0
34	500181.5
35	574074.0
36	664903.5
37	752995.0
38	847250.0
39	947175.0
40	1044210.5
41	1133757.5
42	1215655.0
43	1298174.0
44	1398001.0
45	1500677.0
46	1556893.0
47	1608615.5
48	1642638.0
49	1674595.5
50	1698546.5
51	1721205.5
52	1713428.5
53	1704647.5
54	1673255.0
55	1640005.0
56	1583048.0
57	1526887.0
58	1452877.0
59	1374042.5
60	1298039.5
61	1218445.5
62	1151530.0
63	1088356.0
64	1021270.5
65	950628.5
66	891700.5
67	840475.5
68	773238.0
69	699209.5
70	640308.5
71	583145.0
72	524538.5
73	466172.0
74	426277.0
75	351702.0
76	307067.0
77	277535.5
78	248586.0
79	219914.5
80	192340.5
81	171821.5
82	151023.0
83	135546.0
84	120733.5
85	109248.5
86	97134.0
87	89263.0
88	81060.5
89	73316.5
90	62618.5
91	53503.5
92	44740.0
93	35181.0
94	27756.5
95	22299.5
96	18944.5
97	17075.0
98	15598.5
99	14891.0
100	14407.0
>>END_MODULE
>>Per base N content	pass
#Base	N-Count
1	0.0
2	0.0
3	0.0
4	0.0
5	0.0
6	0.0
7	0.0
8	0.0
9	0.0
10	0.0
11	0.0
12	0.0
13	0.0
14	0.0
15	0.0
16	0.0
17	0.0
18	0.0
19	0.0
20	0.0
21	0.0
22	0.0
23	0.0
24	0.0
25	0.0
26	0.0
27	0.0
28	0.0
29	0.0
30	0.0
31	0.0
32	0.0
33	0.0
34	0.0
35	0.0
36	0.0
37	0.0
38	0.0
39	0.0
40	0.0
41	0.0
42	0.0
43	0.0
44	0.0
45	0.0
46	0.0
47	0.0
48	0.0
49	0.0
50	0.0
51	0.0
>>END_MODULE
>>Sequence Length Distribution	warn
#Length	Count
5	69389.0
6	68454.0
7	58033.0
8	68861.0
9	62006.0
10	69108.0
11	72430.0
12	66758.0
13	64036.0
14	71610.0
15	84046.0
16	64630.0
17	95381.0
18	66794.0
19	68369.0
20	68344.0
21	65710.0
22	60655.0
23	64759.0
24	63521.0
25	61538.0
26	64947.0
27	66683.0
28	62384.0
29	66567.0
30	66230.0
31	63012.0
32	65899.0
33	60378.0
34	61627.0
35	62203.0
36	64186.0
37	61394.0
38	61433.0
39	61843.0
40	56988.0
41	60603.0
42	56818.0
43	51378.0
44	31470.0
45	57774.0
46	78039.0
47	87054.0
48	56188.0
49	5554.0
50	0.0
51	1.8876983E7
>>END_MODULE
>>Sequence Duplication Levels	fail
#Total Duplicate Percentage	71.29382260677721
#Duplication Level	Relative count
1	100.0
2	36.63669523709452
3	20.16842042060073
4	13.913448115402513
5	10.222308950899894
6	8.195860039928549
7	6.793857608189856
8	5.6275236794307935
9	4.884492412074634
10++	93.77204701361474
>>END_MODULE
>>Overrepresented sequences	warn
#Sequence	Count	Percentage	Possible Source
ATATATATATATATATA	25755	0.11845699859171623	No Hit
>>END_MODULE
>>Kmer Content	warn
#Sequence	Count	Obs/Exp Overall	Obs/Exp Max	Max Obs/Exp Position
AAAAA	3389630	5.285778	8.781072	10
TTCTT	3035230	3.4074066	6.2576303	6
CAGCA	3212460	3.312688	4.7264633	9
CTTCT	3226095	3.193644	5.2294645	5
TTTTT	2421035	3.0821688	4.336174	11
TCTTC	2949585	2.9199154	5.5196075	7
TCTTG	2260335	2.437239	5.1772676	7
CTCCT	2597720	2.267664	7.285561	1
TTGAA	1658030	2.1987772	6.2552857	7
TCCTC	2412900	2.106326	5.0370746	2
CTCCA	2285695	2.0779011	6.9689465	1
GCCAG	2141120	2.036369	6.0229006	1
TCCAG	2046785	2.0267248	5.2220974	2
GGCAG	1932940	2.002395	5.3204575	1
GTCCA	1606535	1.5907896	5.368108	1
>>END_MODULE
