##FastQC	0.10.1
>>Basic Statistics	pass
#Measure	Value	
Filename	Sample_6_L001_poly.fastq	
File type	Conventional base calls	
Encoding	Sanger / Illumina 1.9	
Total Sequences	22798982	
Filtered Sequences	0	
Sequence length	20-39	
%GC	52	
>>END_MODULE
>>Per base sequence quality	pass
#Base	Mean	Median	Lower Quartile	Upper Quartile	10th Percentile	90th Percentile
1	37.58225976931777	39.0	37.0	39.0	35.0	39.0
2	38.93892990485277	41.0	38.0	41.0	35.0	41.0
3	38.908206033058846	40.0	38.0	41.0	35.0	41.0
4	38.83722843414675	40.0	38.0	41.0	35.0	41.0
5	38.85778531690582	40.0	38.0	41.0	35.0	41.0
6	38.862702071522314	40.0	38.0	41.0	35.0	41.0
7	38.90278798413017	40.0	38.0	41.0	35.0	41.0
8	38.89274534275258	40.0	38.0	41.0	35.0	41.0
9	38.855771718228475	40.0	38.0	41.0	35.0	41.0
10	38.75954825526859	40.0	38.0	41.0	34.0	41.0
11	38.76206450796794	40.0	38.0	41.0	34.0	41.0
12	38.78843143084195	40.0	38.0	41.0	34.0	41.0
13	38.76470738912816	40.0	38.0	41.0	34.0	41.0
14	38.70231425245215	40.0	38.0	41.0	34.0	41.0
15	38.653637473813525	40.0	38.0	41.0	34.0	41.0
16	38.6227120140715	40.0	38.0	41.0	34.0	41.0
17	38.5770842750786	40.0	38.0	41.0	34.0	41.0
18	38.547205397153256	40.0	38.0	41.0	34.0	41.0
19	38.46784338879692	40.0	38.0	41.0	34.0	41.0
20	38.43249198582638	40.0	38.0	41.0	34.0	41.0
21	38.39062212859264	40.0	38.0	41.0	34.0	41.0
22	38.3351394359168	40.0	38.0	41.0	33.0	41.0
23	38.26803391418948	40.0	38.0	41.0	33.0	41.0
24	38.213734245199575	40.0	38.0	41.0	33.0	41.0
25	38.15496595790329	40.0	37.0	41.0	33.0	41.0
26	38.09834181806553	40.0	37.0	41.0	33.0	41.0
27	38.02411176647559	40.0	37.0	41.0	33.0	41.0
28	37.9320452472974	40.0	37.0	41.0	33.0	41.0
29	37.85461667601299	40.0	37.0	41.0	33.0	41.0
30	37.775161843058726	40.0	36.0	41.0	33.0	41.0
31	37.71732996729394	40.0	36.0	41.0	33.0	41.0
32	37.631589179229245	40.0	36.0	41.0	33.0	41.0
33	37.56553567683746	40.0	36.0	41.0	32.0	41.0
34	37.49255990605686	39.0	35.0	41.0	32.0	41.0
35	37.40747758365631	39.0	35.0	41.0	32.0	41.0
36	37.316881893880044	39.0	35.0	41.0	32.0	41.0
37	37.204777821555794	39.0	35.0	41.0	32.0	41.0
38	37.161310448382665	39.0	35.0	41.0	32.0	41.0
39	37.284029332298104	39.0	35.0	41.0	32.0	41.0
>>END_MODULE
>>Per sequence quality scores	pass
#Quality	Count
8	2.0
9	3.0
10	11.0
11	37.0
12	107.0
13	204.0
14	419.0
15	841.0
16	1542.0
17	2745.0
18	4623.0
19	7923.0
20	12851.0
21	20316.0
22	31096.0
23	44943.0
24	63125.0
25	86239.0
26	111969.0
27	142576.0
28	179483.0
29	220060.0
30	269493.0
31	329269.0
32	405664.0
33	503852.0
34	669617.0
35	892203.0
36	1219963.0
37	1741004.0
38	2482196.0
39	3833347.0
40	9512692.0
41	8567.0
>>END_MODULE
>>Per base sequence content	pass
#Base	G	A	T	C
1	24.83633194423062	24.16396587728613	25.43712435122938	25.562577827253868
2	24.50055651622248	24.034373298169182	25.63726107698872	25.827809108619615
3	25.163873544880204	23.549248821723705	24.85368425660409	26.433193376791998
4	25.697209206008186	23.80229779396035	23.940725725711008	26.559767274320457
5	25.290948335888196	24.16054245236157	24.0157201776448	26.53278903410543
6	25.117671930937263	24.028430219246648	23.962642188378602	26.891255661437484
7	25.574514686664518	23.80229959390292	23.612865697249113	27.01032002218345
8	25.656890161616445	23.612175790854494	24.131343776403323	26.599590271125738
9	25.28113819376611	23.543170666342675	24.004837069108067	27.170854070783147
10	25.752118870346948	24.269923934231166	23.28713197168117	26.690825223740717
11	25.419245858135803	24.408204702904822	23.786768816297123	26.38578062266226
12	25.325439001133955	24.022169770541858	23.69491818776223	26.957473040561958
13	25.80013483065244	24.11867290496018	23.25700239966981	26.824189864717574
14	25.579767165022293	24.093235750020394	23.597665334150914	26.729331750806395
15	25.294680319213658	23.769716740031726	23.87396357365532	27.0616393670993
16	25.807722355269714	23.936130946394226	23.43382945312225	26.82231724521381
17	25.58167015027127	23.885801749336355	23.77531300793734	26.757215092455038
18	25.357515258263792	23.709382845890715	23.74222645360487	27.190875442240625
19	25.69230782726703	23.91973468883792	23.399740075065058	26.98821740882999
20	25.340515268337416	24.19231741621578	23.86788202336591	26.599285292080893
21	25.232390330119564	23.822908671284644	23.940183048403803	27.004517950191993
22	25.736305325825466	24.216863742722776	23.214806867659014	26.832024063792748
23	25.74921839533801	24.129999428974653	23.638812290098258	26.48196988558908
24	25.594417733014218	23.82866103050172	23.365134476083643	27.211786760400418
25	25.820468773555188	23.99220070579555	22.970126403914016	27.217204116735243
26	25.605030641308275	24.01410671376285	23.43583213892753	26.945030506001345
27	25.424301335131705	23.763173270908965	23.476585478511737	27.335939915447593
28	25.659021198634495	24.07220274389071	22.968393655821803	27.30038240165299
29	25.573991012247273	23.99607986709677	23.47335147114346	26.956577649512496
30	25.49016159923295	23.82070655053388	23.322997765856822	27.36613408437634
31	25.68684247742609	24.099414576796907	23.092345863126702	27.1213970826503
32	25.419593735794255	23.880910059727334	23.639669299603018	27.059826904875393
33	25.419109354790525	23.596778766612697	23.38061812368987	27.60349375490691
34	26.040777443794163	23.667922130639322	22.966917513877757	27.324382911688755
35	26.009797972595877	23.670366743414604	23.200596151574643	27.119239132414876
36	25.392615004653752	23.419773073286727	23.173923549825474	28.013688372234046
37	26.026758866187492	22.705040879731005	22.35472424924147	28.91347600484003
38	27.241322131062017	21.874750558290962	22.573534812579574	28.310392498067444
39	26.597492260660143	22.963281538651614	21.60263425444213	28.83659194624611
>>END_MODULE
>>Per base GC content	pass
#Base	%GC
1	50.39890977148449
2	50.3283656248421
3	51.59706692167221
4	52.256976480328646
5	51.82373736999363
6	52.00892759237475
7	52.584834708847964
8	52.25648043274218
9	52.451992264549254
10	52.442944094087665
11	51.805026480798055
12	52.282912041695916
13	52.62432469537001
14	52.30909891582869
15	52.35631968631296
16	52.63003960048353
17	52.338885242726306
18	52.54839070050441
19	52.68052523609702
20	51.93980056041831
21	52.23690828031155
22	52.56832938961821
23	52.231188280927086
24	52.80620449341463
25	53.03767289029043
26	52.55006114730962
27	52.7602412505793
28	52.959403600287494
29	52.530568661759766
30	52.85629568360929
31	52.80823956007639
32	52.47942064066965
33	53.02260310969743
34	53.36516035548292
35	53.12903710501076
36	53.4063033768878
37	54.94023487102753
38	55.551714629129464
39	55.434084206906256
>>END_MODULE
>>Per sequence GC content	pass
#GC Content	Count
0	3409.0
1	2159.5
2	723.0
3	535.5
4	571.5
5	595.0
6	832.0
7	1167.0
8	1278.0
9	1858.0
10	2576.0
11	2773.5
12	4024.5
13	5603.5
14	9052.0
15	12576.5
16	14704.0
17	22154.5
18	28754.0
19	38799.5
20	47389.5
21	48456.5
22	66620.0
23	83586.5
24	114729.5
25	146212.5
26	150485.0
27	189923.0
28	227008.0
29	289523.5
30	354792.5
31	360322.5
32	460945.5
33	565697.0
34	574037.5
35	670087.0
36	768934.0
37	908202.5
38	1052469.0
39	1068555.0
40	1206640.0
41	1344523.5
42	1457227.5
43	1571422.5
44	1582157.0
45	1692095.0
46	1803703.0
47	1879491.0
48	1949342.0
49	1949392.5
50	1988141.0
51	2023515.5
52	2020515.5
53	1981140.0
54	1936326.0
55	1837813.0
56	1739330.5
57	1724570.5
58	1627001.0
59	1533749.0
60	1413844.0
61	1293582.0
62	1286999.0
63	1177178.0
64	1065162.0
65	976214.5
66	889858.0
67	885558.0
68	796296.0
69	709946.5
70	706051.5
71	625495.0
72	544642.0
73	476768.5
74	409771.5
75	405305.5
76	352117.0
77	299750.5
78	259005.5
79	216886.0
80	213547.0
81	181978.5
82	150483.0
83	127507.0
84	105000.0
85	103363.0
86	87021.5
87	71150.0
88	58988.5
89	46990.5
90	46214.0
91	37299.0
92	28768.0
93	28025.0
94	21975.0
95	16383.0
96	12063.0
97	7877.0
98	7644.5
99	5175.5
100	2939.0
>>END_MODULE
>>Per base N content	pass
#Base	N-Count
1	4.035267890469846E-4
2	2.6316964503064215E-5
3	0.0
4	0.048032846378842704
5	1.3158482251532107E-5
6	8.772321501021404E-6
7	0.0
8	1.3158482251532107E-5
9	2.2808035902655656E-4
10	6.973995593312017E-4
11	3.947544675459633E-5
12	3.947544675459633E-5
13	5.263392900612843E-5
14	8.772321501021404E-6
15	9.123214361062262E-4
16	0.0022939620725170974
17	0.001223738849392486
18	1.0965401876276758E-4
19	4.035267890469846E-4
20	0.0013070759036521893
21	0.001671434642364972
22	0.003953431820150357
23	0.007952464625466785
24	0.004201089886510433
25	0.00484775651405206
26	0.007687302666940539
27	0.006640168687530888
28	0.004590455923290843
29	0.004585512570311376
30	0.010549521675697657
31	0.009672746676763138
32	0.00648165028467823
33	0.00812295211794031
34	0.006222046281018144
35	0.007935107736206407
36	0.006775735333806028
37	0.009328339369987039
38	0.0
39	0.0
>>END_MODULE
>>Sequence Length Distribution	warn
#Length	Count
20	4193.0
21	4463.0
22	4937.0
23	5586.0
24	6382.0
25	8609.0
26	9366.0
27	12607.0
28	19098.0
29	30769.0
30	21025.0
31	23394.0
32	45933.0
33	69840.0
34	189038.0
35	574887.0
36	972013.0
37	75568.0
38	227278.0
39	2.0493996E7
>>END_MODULE
>>Sequence Duplication Levels	fail
#Total Duplicate Percentage	75.18662716885316
#Duplication Level	Relative count
1	100.0
2	40.2360405225637
3	23.43009175563666
4	16.3045332059897
5	12.339257086332163
6	9.782719923593818
7	8.027765460313129
8	6.84415185728417
9	5.9044240543029645
10++	118.2300371797933
>>END_MODULE
>>Overrepresented sequences	pass
>>END_MODULE
>>Kmer Content	warn
#Sequence	Count	Obs/Exp Overall	Obs/Exp Max	Max Obs/Exp Position
AAAAA	2545930	4.2117944	5.142388	11
TTCTT	2307140	3.5028985	3.9612436	1
CTTCT	2414115	3.197331	3.5480902	1
CAGCA	2665945	3.1885176	3.510236	27
TTTTT	1779115	3.096575	4.0668435	1
TCTTC	2291980	3.035571	3.3018763	1
>>END_MODULE
