##FastQC	0.10.1
>>Basic Statistics	pass
#Measure	Value	
Filename	Sample_6_L002_poly.fastq	
File type	Conventional base calls	
Encoding	Sanger / Illumina 1.9	
Total Sequences	18346527	
Filtered Sequences	0	
Sequence length	35-39	
%GC	54	
>>END_MODULE
>>Per base sequence quality	pass
#Base	Mean	Median	Lower Quartile	Upper Quartile	10th Percentile	90th Percentile
1	37.63947045672459	39.0	37.0	39.0	35.0	39.0
2	39.01044339345534	41.0	38.0	41.0	35.0	41.0
3	38.9834561058886	41.0	38.0	41.0	35.0	41.0
4	38.9558564953465	41.0	38.0	41.0	35.0	41.0
5	38.94277429183191	40.0	38.0	41.0	35.0	41.0
6	38.93695787764082	40.0	38.0	41.0	35.0	41.0
7	38.963942003846284	41.0	39.0	41.0	35.0	41.0
8	38.88172290047048	40.0	38.0	41.0	35.0	41.0
9	38.884486856831266	40.0	38.0	41.0	35.0	41.0
10	38.89226347853193	40.0	38.0	41.0	35.0	41.0
11	38.86910492650735	40.0	38.0	41.0	35.0	41.0
12	38.84728831783803	40.0	38.0	41.0	35.0	41.0
13	38.814735726276695	40.0	38.0	41.0	35.0	41.0
14	38.76018763660283	40.0	38.0	41.0	34.0	41.0
15	38.71127930643222	40.0	38.0	41.0	34.0	41.0
16	38.66484523201585	40.0	38.0	41.0	34.0	41.0
17	38.61433027624248	40.0	38.0	41.0	34.0	41.0
18	38.57787792752274	40.0	38.0	41.0	34.0	41.0
19	38.532632960995834	40.0	38.0	41.0	34.0	41.0
20	38.47639457865786	40.0	38.0	41.0	34.0	41.0
21	38.40964881255182	40.0	38.0	41.0	34.0	41.0
22	38.353728147022046	40.0	38.0	41.0	34.0	41.0
23	38.283507717836734	40.0	38.0	41.0	33.0	41.0
24	38.08126693406332	40.0	37.0	41.0	33.0	41.0
25	38.08290086728676	40.0	37.0	41.0	33.0	41.0
26	38.03895587431888	40.0	37.0	41.0	33.0	41.0
27	37.9653509898631	40.0	37.0	41.0	33.0	41.0
28	37.884142377464684	40.0	37.0	41.0	33.0	41.0
29	37.81259526666818	40.0	37.0	41.0	33.0	41.0
30	37.67161098119551	40.0	36.0	41.0	33.0	41.0
31	37.62935404613636	40.0	36.0	41.0	33.0	41.0
32	37.542550260329925	40.0	36.0	41.0	32.0	41.0
33	37.46097852743465	39.0	35.0	41.0	32.0	41.0
34	37.3729363056016	39.0	35.0	41.0	32.0	41.0
35	37.274831252803324	39.0	35.0	41.0	32.0	41.0
36	37.18445816737523	39.0	35.0	41.0	32.0	41.0
37	37.06985248179248	39.0	35.0	41.0	32.0	41.0
38	37.03671706608678	39.0	35.0	41.0	32.0	41.0
39	37.16865317800108	39.0	35.0	41.0	32.0	41.0
>>END_MODULE
>>Per sequence quality scores	pass
#Quality	Count
9	1.0
10	6.0
11	20.0
12	65.0
13	187.0
14	365.0
15	614.0
16	1169.0
17	2263.0
18	3833.0
19	6305.0
20	10106.0
21	15662.0
22	23325.0
23	33656.0
24	46845.0
25	63867.0
26	84302.0
27	108872.0
28	139383.0
29	172374.0
30	212128.0
31	260997.0
32	321951.0
33	404709.0
34	542375.0
35	726348.0
36	1007940.0
37	1447052.0
38	2068498.0
39	3169450.0
40	7467621.0
41	4238.0
>>END_MODULE
>>Per base sequence content	pass
#Base	G	A	T	C
1	25.756329794734445	23.18360853800831	24.616430128710466	26.44363153854678
2	25.392718741808736	23.071183990299634	24.782592367481868	26.753504900409762
3	26.084261070228713	22.542718848095884	24.059926982365653	27.31309309930975
4	26.714020588201787	22.70231853690892	23.016917588816675	27.566743286072615
5	26.36707754007066	23.030718565971643	23.085911573345737	27.516292320611964
6	26.16526822760515	22.785783925208296	22.970489183048105	28.078458664138452
7	26.700394030979268	22.572473798446975	22.46179890068567	28.26533326988808
8	26.977040395710862	22.315226200577364	22.980425668574767	27.727307735137007
9	26.32874875991516	22.277197204680753	23.075648050445732	28.31840598495835
10	26.875293618241752	22.936003092029353	22.258141827060783	27.930561462668113
11	26.58341821315827	23.137534422727526	22.73577991082454	27.543267453289662
12	26.436812809312627	22.71210240499469	22.73776938817903	28.113315397513656
13	26.929892507720943	22.863051955282874	22.211675266931994	27.995380270064192
14	26.770739769984804	22.847910124897208	22.610944294797594	27.77040581032039
15	26.326721128200447	22.531975670381648	22.977515035952038	28.16378816546587
16	26.91747598877978	22.682140330973812	22.413386468185504	27.9869972120609
17	26.693597104236677	22.7330218956427	22.69880288514551	27.87457811497511
18	26.43001043194715	22.52086185031096	22.820460788028164	28.228666929713725
19	26.821948372027034	22.74500236475274	22.345308188301797	28.087741074918434
20	26.52976773206177	23.020983753491873	22.902111118905502	27.547137395540854
21	26.28147005697591	22.63809929803063	23.040458829074296	28.039971815919166
22	26.846525230633567	23.018798053713383	22.16779775267548	27.96687896297757
23	26.87975767838785	22.93579051773668	22.668181285755065	27.516270518120407
24	26.773966538735095	22.67808506754439	22.449164356828952	28.098784036891562
25	27.00016738862892	22.76780232029746	21.959518550840713	28.272511740232908
26	26.76015466033435	22.856037003624717	22.452712712329696	27.931095623711233
27	26.464507424211675	22.539072381383136	22.59409096882478	28.402329225580402
28	26.759724061126118	22.87586636969493	21.963742783579693	28.40066678559926
29	26.711742227834183	22.824804934470706	22.558334882672888	27.905117955022224
30	26.515732378122575	22.722845582708924	22.3566127801736	28.404809258994906
31	26.849980925545204	22.950888743139235	21.99140469474141	28.20772563657416
32	26.620297127625296	22.748163726028363	22.551483449701408	28.08005569664493
33	26.50712039395794	22.540026240388713	22.5027930354339	28.450060330219447
34	27.23833780638701	22.63282309507407	21.88062078452232	28.248218314016597
35	27.416894761608013	22.497287906316004	21.85542800552933	28.23038932654665
36	26.55881097223267	22.238212097303688	22.06951944596291	29.133457484500724
37	26.87299768350242	21.96417232475187	21.59567873564847	29.56715125609724
38	28.67247314203265	20.54154900823606	21.223769613339265	29.562208236392017
39	27.198225818752725	22.436435368829493	20.91161815497075	29.45372065744703
>>END_MODULE
>>Per base GC content	pass
#Base	%GC
1	52.19996133328123
2	52.146223642218494
3	53.39735416953847
4	54.280763874274406
5	53.88336986068263
6	54.24372689174359
7	54.96572730086735
8	54.70434813084787
9	54.64715474487352
10	54.80585508090986
11	54.12668566644794
12	54.55012820682629
13	54.92527277778514
14	54.5411455803052
15	54.490509293666314
16	54.904473200840684
17	54.56817521921179
18	54.65867736166088
19	54.909689446945464
20	54.07690512760263
21	54.32144187289507
22	54.813404193611134
23	54.39602819650825
24	54.87275057562666
25	55.272679128861824
26	54.69125028404559
27	54.866836649792084
28	55.160390846725385
29	54.616860182856406
30	54.92054163711748
31	55.05770656211936
32	54.700352824270226
33	54.95718072417739
34	55.486556120403606
35	55.64728408815467
36	55.692268456733395
37	56.44014893959965
38	58.23468137842467
39	56.651946476199754
>>END_MODULE
>>Per sequence GC content	pass
#GC Content	Count
0	2525.0
1	1395.5
2	266.0
3	266.0
4	240.0
5	214.0
6	322.5
7	431.5
8	432.0
9	665.5
10	925.0
11	951.0
12	1523.5
13	2180.0
14	3388.0
15	4596.5
16	4721.5
17	6826.0
18	9083.0
19	13382.0
20	17539.0
21	17842.0
22	24763.0
23	31537.5
24	44405.0
25	57276.0
26	58228.0
27	77682.5
28	96642.5
29	131860.5
30	168254.0
31	170095.0
32	228801.0
33	290115.5
34	293632.0
35	354713.5
36	419934.0
37	524232.0
38	629092.5
39	640249.0
40	750361.5
41	861573.0
42	975989.0
43	1089092.0
44	1100510.0
45	1215780.5
46	1329908.5
47	1431461.5
48	1528389.0
49	1532978.5
50	1605606.0
51	1675418.5
52	1677193.0
53	1679075.0
54	1680636.5
55	1623410.0
56	1561966.5
57	1553544.0
58	1482283.5
59	1411384.0
60	1312667.0
61	1212749.0
62	1207590.5
63	1118142.0
64	1022493.5
65	937911.0
66	857220.0
67	850301.0
68	767407.5
69	686842.0
70	681352.5
71	603434.0
72	526306.0
73	461867.0
74	397197.5
75	393348.5
76	342458.0
77	290404.5
78	250439.0
79	210484.5
80	206663.5
81	175843.0
82	144998.5
83	121867.5
84	100143.5
85	98424.5
86	82298.5
87	67079.0
88	55128.0
89	43472.0
90	43134.5
91	34854.5
92	26912.0
93	26258.5
94	20230.5
95	14856.0
96	10670.5
97	6485.0
98	6485.0
99	4534.0
100	2583.0
>>END_MODULE
>>Per base N content	pass
#Base	N-Count
1	0.0
2	0.0
3	0.0
4	0.0
5	0.0
6	0.0
7	0.0
8	0.0
9	0.0
10	0.0
11	0.0
12	0.0
13	0.0
14	0.0
15	0.0
16	0.0
17	0.0
18	0.0
19	0.0
20	0.0
21	0.0
22	0.0
23	0.0
24	0.0
25	0.0
26	0.0
27	0.0
28	0.0
29	0.0
30	0.0
31	0.0
32	0.0
33	0.0
34	0.0
35	0.0
36	0.0
37	0.0
38	0.0
39	0.0
>>END_MODULE
>>Sequence Length Distribution	warn
#Length	Count
35	552628.0
36	571347.0
37	328310.0
38	189748.0
39	1.6704494E7
>>END_MODULE
>>Sequence Duplication Levels	fail
#Total Duplicate Percentage	76.139102065028
#Duplication Level	Relative count
1	100.0
2	41.266141841033075
3	24.406118361991574
4	16.95670188522892
5	12.83060562115876
6	10.208203853325047
7	8.449002140736138
8	7.128306056211588
9	6.118361991575167
10++	117.91658034666114
>>END_MODULE
>>Overrepresented sequences	pass
>>END_MODULE
>>Kmer Content	warn
#Sequence	Count	Obs/Exp Overall	Obs/Exp Max	Max Obs/Exp Position
CAGCA	2261705	3.2870839	3.6534553	27
>>END_MODULE
