##FastQC	0.10.1
>>Basic Statistics	pass
#Measure	Value	
Filename	Sample_6_L002_shorten.fastq	
File type	Conventional base calls	
Encoding	Sanger / Illumina 1.9	
Total Sequences	22717099	
Filtered Sequences	0	
Sequence length	8-39	
%GC	52	
>>END_MODULE
>>Per base sequence quality	pass
#Base	Mean	Median	Lower Quartile	Upper Quartile	10th Percentile	90th Percentile
1	37.6034134023891	39.0	37.0	39.0	35.0	39.0
2	38.9631411563598	41.0	38.0	41.0	35.0	41.0
3	38.93895470544016	41.0	38.0	41.0	35.0	41.0
4	38.913042726098084	41.0	38.0	41.0	35.0	41.0
5	38.90288755619721	40.0	38.0	41.0	35.0	41.0
6	38.89900061623185	40.0	38.0	41.0	35.0	41.0
7	38.92965866812484	41.0	39.0	41.0	35.0	41.0
8	38.84938028398785	40.0	38.0	41.0	35.0	41.0
9	38.85257210591448	40.0	38.0	41.0	35.0	41.0
10	38.860457298613305	40.0	38.0	41.0	35.0	41.0
11	38.8391329860132	40.0	38.0	41.0	35.0	41.0
12	38.81894762718996	40.0	38.0	41.0	35.0	41.0
13	38.786781520243785	40.0	38.0	41.0	34.0	41.0
14	38.732977648197085	40.0	38.0	41.0	34.0	41.0
15	38.68149054708096	40.0	38.0	41.0	34.0	41.0
16	38.63794572716847	40.0	38.0	41.0	34.0	41.0
17	38.59463935367126	40.0	38.0	41.0	34.0	41.0
18	38.56229418434629	40.0	38.0	41.0	34.0	41.0
19	38.520774152032644	40.0	38.0	41.0	34.0	41.0
20	38.470277818112294	40.0	38.0	41.0	34.0	41.0
21	38.40777562370631	40.0	38.0	41.0	34.0	41.0
22	38.35799602758082	40.0	38.0	41.0	34.0	41.0
23	38.291924268297244	40.0	38.0	41.0	33.0	41.0
24	38.09713690696917	40.0	38.0	41.0	33.0	41.0
25	38.10669770504886	40.0	37.0	41.0	33.0	41.0
26	38.071336582340415	40.0	37.0	41.0	33.0	41.0
27	38.0050205441903	40.0	37.0	41.0	33.0	41.0
28	37.93348268925836	40.0	37.0	41.0	33.0	41.0
29	37.87578096098102	40.0	37.0	41.0	33.0	41.0
30	37.74659297629913	40.0	36.0	41.0	33.0	41.0
31	37.71504662809951	40.0	36.0	41.0	33.0	41.0
32	37.64413010175751	40.0	36.0	41.0	33.0	41.0
33	37.57592743000227	40.0	36.0	41.0	32.0	41.0
34	37.503567085872525	39.0	35.0	41.0	32.0	41.0
35	37.423400066704225	39.0	35.0	41.0	32.0	41.0
36	37.350645184825055	39.0	35.0	41.0	32.0	41.0
37	37.24812024766545	39.0	35.0	41.0	32.0	41.0
38	37.229610229837256	39.0	35.0	41.0	32.0	41.0
39	37.36537739575646	39.0	35.0	41.0	32.0	41.0
>>END_MODULE
>>Per sequence quality scores	pass
#Quality	Count
9	1.0
10	12.0
11	31.0
12	108.0
13	239.0
14	469.0
15	798.0
16	1457.0
17	2833.0
18	4687.0
19	7737.0
20	13079.0
21	20948.0
22	32028.0
23	46514.0
24	64644.0
25	86857.0
26	113079.0
27	143486.0
28	179985.0
29	219616.0
30	266692.0
31	324219.0
32	397045.0
33	494362.0
34	657659.0
35	875144.0
36	1201479.0
37	1717701.0
38	2472661.0
39	3850373.0
40	9513700.0
41	7456.0
>>END_MODULE
>>Per base sequence content	pass
#Base	G	A	T	C
1	24.84730333281581	24.171261847409465	25.42290945009391	25.55852536968082
2	24.48485717673974	24.046020314742666	25.64366716206445	25.82545534645314
3	25.177008923904154	23.55597716695481	24.85057165150003	26.416442257641005
4	25.710629940496798	23.798836453494193	23.93075030974467	26.55978329626434
5	25.304757316649507	24.148619022188228	24.025861232590863	26.520762428571405
6	25.129030576795557	23.99107262653642	23.974107429928544	26.90578936673948
7	25.59840937436598	23.806098657227317	23.59456636606637	27.000925602340338
8	25.743434559442168	23.60491307494087	24.10964305870596	26.542009306911
9	25.319516124757772	23.53212849655314	23.9951791384909	27.15317624019819
10	25.709812263901142	24.226306371484775	23.317741566352215	26.746139798261865
11	25.419482148594035	24.425609102258445	23.7609898026186	26.393918946528917
12	25.344100081342958	23.996167588509458	23.705728754933094	26.954003575214493
13	25.821559477230526	24.114849344956912	23.240812555847366	26.822778621965192
14	25.585998218429555	24.11177312690282	23.584442901530768	26.71778575313686
15	25.295723220506254	23.773557269862415	23.871490173947784	27.05922933568355
16	25.812052675192504	23.947110459999248	23.43080356867431	26.810033296133934
17	25.555456146899942	23.906979060570574	23.77688055344863	26.760684239080852
18	25.352726366052853	23.734589450376646	23.729321489252168	27.183362694318337
19	25.721552549443278	23.929887196208675	23.395051781553946	26.953508472794102
20	25.3535895642568	24.19686799474329	23.865349322885173	26.58419311811474
21	25.224681486944117	23.82823450747027	23.937520895320947	27.00956311026466
22	25.72089507020769	24.239611504325	23.20798747361885	26.831505951848456
23	25.716656224533097	24.159275873226456	23.63737658128386	26.48669132095659
24	25.663085173970774	23.867553106153608	23.317863232717727	27.151498487157887
25	25.839886788986462	23.996027603196264	22.9615632470839	27.20252236073338
26	25.609196171664472	24.049632779124007	23.41377416822351	26.92739688098801
27	25.402244996318174	23.806652271496997	23.4681237447511	27.322978987433732
28	25.646218681562882	24.111119897962567	22.956585050561458	27.286076369913093
29	25.515854886501167	24.074453755536894	23.509471042370876	26.900220315591067
30	25.42683454152359	23.93434080365388	23.326403795431546	27.312420859390983
31	25.642312945367387	24.200459903690568	23.089309253054406	27.067917897887643
32	25.363333240489734	24.00633030980551	23.643762032674363	26.98657441703039
33	25.33981506387614	23.72685057453536	23.42848815509882	27.50484620648968
34	25.91142141118431	23.89793077765332	23.01783654450776	27.172811266654612
35	25.79696600026653	23.991872725826386	23.34037553731698	26.870785736590104
36	24.987940446293894	23.957787882149745	23.48925298186038	27.565018689695986
37	25.030297384772954	23.987983721529343	23.21242642271106	27.769292470986638
38	26.180244388601338	23.167331344837354	23.450220586586894	27.202203679974414
39	25.58698874609545	24.21935326735873	22.520354522608272	27.673303463937543
>>END_MODULE
>>Per base GC content	pass
#Base	%GC
1	50.40582870249663
2	50.31031252319288
3	51.593451181545156
4	52.27041323676114
5	51.825519745220916
6	52.03481994353504
7	52.59933497670632
8	52.28544386635316
9	52.47269236495596
10	52.455952062163014
11	51.813401095122956
12	52.29810365655745
13	52.64433809919572
14	52.30378397156641
15	52.3549525561898
16	52.622085971326435
17	52.316140385980795
18	52.53608906037118
19	52.67506102223738
20	51.937782682371534
21	52.23424459720878
22	52.55240102205615
23	52.203347545489684
24	52.814583661128665
25	53.04240914971984
26	52.53659305265248
27	52.7252239837519
28	52.932295051475975
29	52.41607520209223
30	52.73925540091457
31	52.710230843255026
32	52.34990765752012
33	52.84466127036582
34	53.084232677838926
35	52.66775173685664
36	52.55295913598987
37	52.799589855759585
38	53.38244806857575
39	53.260292210033
>>END_MODULE
>>Per sequence GC content	pass
#GC Content	Count
0	9808.0
1	8570.0
2	6860.5
3	5886.5
4	5097.5
5	4363.0
6	3295.0
7	2704.5
8	2733.0
9	3620.0
10	4589.0
11	4697.5
12	6620.0
13	8748.0
14	14859.0
15	20905.5
16	21182.0
17	25222.0
18	29489.5
19	40837.5
20	52027.5
21	52965.5
22	72367.0
23	91175.0
24	124711.5
25	158506.5
26	160326.5
27	200056.5
28	239111.5
29	306292.5
30	375015.0
31	377963.5
32	476384.5
33	577192.0
34	581098.0
35	678345.0
36	778507.5
37	920244.0
38	1063646.5
39	1073149.0
40	1208386.0
41	1344414.5
42	1454591.0
43	1564901.5
44	1571756.0
45	1675089.5
46	1780427.0
47	1848601.0
48	1912817.0
49	1914120.5
50	1951990.0
51	1989849.5
52	1991439.0
53	1948783.5
54	1902763.0
55	1801884.5
56	1700756.0
57	1693546.0
58	1596263.5
59	1499982.0
60	1383317.0
61	1267025.0
62	1263706.5
63	1158961.0
64	1052568.0
65	966249.5
66	881730.0
67	878305.0
68	792299.0
69	708916.0
70	705263.0
71	624341.5
72	543167.0
73	474953.5
74	408290.0
75	404649.5
76	352258.5
77	300551.5
78	259734.5
79	217752.5
80	214638.5
81	183482.0
82	152540.5
83	129473.5
84	106712.0
85	105183.0
86	89388.5
87	73867.5
88	61636.5
89	49586.5
90	48824.5
91	40176.5
92	31819.5
93	31019.5
94	24812.0
95	18917.0
96	14338.0
97	9930.0
98	9515.0
99	7246.0
100	5262.0
>>END_MODULE
>>Per base N content	pass
#Base	N-Count
1	8.80394103137905E-6
2	4.401970515689525E-6
3	1.056472923765486E-4
4	4.401970515689525E-6
5	3.081379360982668E-5
6	1.3205911547068575E-5
7	0.0
8	8.80394103137905E-6
9	9.024616380066128E-4
10	4.40287659300478E-5
11	5.460085279486794E-4
12	0.0016558984821488417
13	8.148413530312936E-4
14	1.321572687356827E-4
15	0.013248379221395353
16	0.006834503446444879
17	0.0022873261549487623
18	0.009988290866787937
19	4.981832183852708E-4
20	0.0014992239972495412
21	0.008088426167796297
22	9.57220070584614E-4
23	0.011007925353294841
24	0.012700478800990072
25	0.006563434914295752
26	0.0057350481907401975
27	0.015147260964519285
28	0.00849945182069832
29	0.006858840596964849
30	0.01998616226941612
31	0.00868318791427702
32	0.0031483173638514363
33	0.0039045578910317223
34	0.006376412545105797
35	0.006517848555000559
36	0.005306012939221348
37	0.019044756804261938
38	0.0
39	0.0
>>END_MODULE
>>Sequence Length Distribution	warn
#Length	Count
8	1452.0
9	3223.0
10	2156.0
11	3562.0
12	2900.0
13	3579.0
14	3111.0
15	3441.0
16	3426.0
17	3685.0
18	4146.0
19	4019.0
20	4025.0
21	4561.0
22	4325.0
23	4925.0
24	4743.0
25	5618.0
26	5844.0
27	7604.0
28	9023.0
29	17087.0
30	15256.0
31	11896.0
32	20118.0
33	27191.0
34	120811.0
35	402610.0
36	484527.0
37	72488.0
38	228892.0
39	2.1226855E7
>>END_MODULE
>>Sequence Duplication Levels	fail
#Total Duplicate Percentage	75.24925941599662
#Duplication Level	Relative count
1	100.0
2	40.17542659781828
3	23.757822384844236
4	16.494545703245223
5	12.334575795916972
6	9.740792668330883
7	8.078856478473481
8	7.020483534521082
9	5.915945696405977
10++	118.44373012344835
>>END_MODULE
>>Overrepresented sequences	pass
>>END_MODULE
>>Kmer Content	warn
#Sequence	Count	Obs/Exp Overall	Obs/Exp Max	Max Obs/Exp Position
AAAAA	2900415	4.6600475	5.132569	11
TTCTT	2322845	3.4987195	3.926696	1
TTTTT	1966845	3.3715446	4.205272	1
CTTCT	2417615	3.199677	3.5851762	10
CAGCA	2656100	3.1796508	3.5085647	27
TCTTC	2284445	3.0234287	3.3557513	12
>>END_MODULE
