##FastQC	0.10.1
>>Basic Statistics	pass
#Measure	Value	
Filename	Sample_6_L002_poly.fastq	
File type	Conventional base calls	
Encoding	Sanger / Illumina 1.9	
Total Sequences	22663992	
Filtered Sequences	0	
Sequence length	20-39	
%GC	52	
>>END_MODULE
>>Per base sequence quality	pass
#Base	Mean	Median	Lower Quartile	Upper Quartile	10th Percentile	90th Percentile
1	37.61347140433159	39.0	37.0	39.0	35.0	39.0
2	38.97440742125218	41.0	38.0	41.0	35.0	41.0
3	38.95040886883476	41.0	38.0	41.0	35.0	41.0
4	38.92461332496058	41.0	38.0	41.0	35.0	41.0
5	38.915215951364615	40.0	38.0	41.0	35.0	41.0
6	38.91193762334544	40.0	38.0	41.0	35.0	41.0
7	38.94284162295857	41.0	39.0	41.0	35.0	41.0
8	38.86292807551291	40.0	38.0	41.0	35.0	41.0
9	38.86581044504428	40.0	38.0	41.0	35.0	41.0
10	38.8732613830785	40.0	38.0	41.0	35.0	41.0
11	38.851623712186274	40.0	38.0	41.0	35.0	41.0
12	38.830700081433136	40.0	38.0	41.0	35.0	41.0
13	38.79762647286498	40.0	38.0	41.0	34.0	41.0
14	38.74269263773125	40.0	38.0	41.0	34.0	41.0
15	38.689903791000276	40.0	38.0	41.0	34.0	41.0
16	38.64501677374401	40.0	38.0	41.0	34.0	41.0
17	38.60056013080132	40.0	38.0	41.0	34.0	41.0
18	38.56713142150774	40.0	38.0	41.0	34.0	41.0
19	38.52442058751168	40.0	38.0	41.0	34.0	41.0
20	38.47231215930539	40.0	38.0	41.0	34.0	41.0
21	38.409849839576424	40.0	38.0	41.0	34.0	41.0
22	38.360006112603266	40.0	38.0	41.0	34.0	41.0
23	38.294007419450615	40.0	38.0	41.0	33.0	41.0
24	38.09930185898169	40.0	38.0	41.0	33.0	41.0
25	38.10947150564303	40.0	37.0	41.0	33.0	41.0
26	38.07471184596362	40.0	37.0	41.0	33.0	41.0
27	38.00867287531818	40.0	37.0	41.0	33.0	41.0
28	37.937203786595106	40.0	37.0	41.0	33.0	41.0
29	37.88003894912619	40.0	37.0	41.0	33.0	41.0
30	37.75089845678399	40.0	36.0	41.0	33.0	41.0
31	37.7192861396611	40.0	36.0	41.0	33.0	41.0
32	37.64857580540191	40.0	36.0	41.0	33.0	41.0
33	37.58015214955171	40.0	36.0	41.0	33.0	41.0
34	37.50674860917417	39.0	35.0	41.0	32.0	41.0
35	37.425318657484524	39.0	35.0	41.0	32.0	41.0
36	37.346911656785636	39.0	35.0	41.0	32.0	41.0
37	37.21321730239287	39.0	35.0	41.0	32.0	41.0
38	37.17771991295781	39.0	35.0	41.0	32.0	41.0
39	37.31421360230023	39.0	35.0	41.0	32.0	41.0
>>END_MODULE
>>Per sequence quality scores	pass
#Quality	Count
9	2.0
10	13.0
11	32.0
12	107.0
13	242.0
14	462.0
15	798.0
16	1447.0
17	2807.0
18	4673.0
19	7720.0
20	12791.0
21	20241.0
22	30824.0
23	44864.0
24	62541.0
25	84495.0
26	110401.0
27	140825.0
28	177122.0
29	216949.0
30	264141.0
31	321767.0
32	394802.0
33	492181.0
34	654783.0
35	872325.0
36	1197324.0
37	1712151.0
38	2465493.0
39	3845042.0
40	9517079.0
41	7548.0
>>END_MODULE
>>Per base sequence content	pass
#Base	G	A	T	C
1	24.8530289679796	24.15600695199742	25.42316688279513	25.567797197227847
2	24.488250988098255	24.04011720618844	25.637585189651723	25.834046616061574
3	25.1800002920933	23.539005111676932	24.85518547902706	26.425809117202704
4	25.713074983130728	23.788193350412115	23.926214054709074	26.572517611748083
5	25.305699769921308	24.133324302853183	24.029189924013806	26.531786003211703
6	25.123092850071536	23.988120537827655	23.971340614399345	26.91744599770146
7	25.583582097981676	23.805545819112535	23.59669470409273	27.014177378813052
8	25.73052670778623	23.608918817913352	24.10589662279237	26.55465785150805
9	25.311090979142588	23.518001492071846	24.001879121001306	27.169028407784257
10	25.700804664387544	24.21799822211303	23.320009549954214	26.761187563545207
11	25.409409555337714	24.41668186336176	23.769238674035147	26.404669907265376
12	25.331053915339435	23.99370711199593	23.70905342821642	26.966185544448212
13	25.814067818342636	24.104445757742116	23.24657479485656	26.834911629058688
14	25.58257466192363	24.10059194416228	23.588898534157444	26.727934859756648
15	25.295908311856998	23.758318756520293	23.875630494326614	27.070142437296095
16	25.813713022907546	23.93144022469246	23.43280025017603	26.822046502223966
17	25.558006930358818	23.889043837191238	23.77845178450805	26.77449744794189
18	25.35523993185691	23.717037263622373	23.729445850682335	27.19827695383838
19	25.72370775541116	23.91344394311318	23.394018296691403	26.968830004784266
20	25.366559397992898	24.170710696991346	23.862459419053053	26.600270485962703
21	25.237584157307662	23.801372115096804	23.935012238133986	27.026031489461538
22	25.735299408089695	24.21123466454848	23.205320417054097	26.848145510307724
23	25.732174591266038	24.12887588628698	23.6350230068017	26.503926515645283
24	25.679314010829803	23.8356565031493	23.315410566136634	27.169618919884265
25	25.857446390052356	23.96091160545609	22.95872414394518	27.22291786054637
26	25.627472323019123	24.0094334411201	23.411961546773224	26.951132689087554
27	25.420389331360017	23.762390115215425	23.466016896753224	27.35120365667133
28	25.676168743406414	24.050479480390972	22.953511264435992	27.319840511766618
29	25.55675851429293	23.99252451708517	23.506123150487838	26.944593818134067
30	25.481506679669486	23.827864260737634	23.31842567541383	27.372203384179052
31	25.699972770577737	24.090587885711688	23.07622977940263	27.133209564307943
32	25.43152849620102	23.88202188547328	23.62101307487124	27.065436543454457
33	25.437598107697333	23.562173513094905	23.383467116843583	27.616761262364182
34	26.055380913382752	23.675131299368275	22.93584641854863	27.33364136870034
35	26.016461560135127	23.671276121417954	23.202631638070255	27.10963068037666
36	25.397809362587303	23.406440529814226	23.16406786822683	28.03168223937164
37	26.059514972757032	22.706027129308325	22.317168839138056	28.917289058796587
38	27.25940889285649	21.852904299028115	22.564825381712367	28.32286142640303
39	26.639733280689125	22.953989564829694	21.59406273033476	28.812214424146422
>>END_MODULE
>>Per base GC content	pass
#Base	%GC
1	50.42082616520746
2	50.32229760415983
3	51.60580940929601
4	52.28559259487881
5	51.83748577313301
6	52.040538847773
7	52.597759476794735
8	52.28518455929429
9	52.48011938692685
10	52.461992227932754
11	51.81407946260309
12	52.29723945978765
13	52.648979447401324
14	52.31050952168028
15	52.36605074915309
16	52.63575952513151
17	52.33250437830071
18	52.553516885695295
19	52.69253776019542
20	51.9668298839556
21	52.2636156467692
22	52.583444918397426
23	52.23610110691133
24	52.848932930714064
25	53.080364250598734
26	52.57860501210667
27	52.771592988031344
28	52.996009255173036
29	52.501352332427
30	52.85371006384854
31	52.833182334885684
32	52.496965039655485
33	53.05435937006151
34	53.3890222820831
35	53.12609224051179
36	53.429491601958944
37	54.97680403155362
38	55.58227031925952
39	55.45194770483555
>>END_MODULE
>>Per sequence GC content	pass
#GC Content	Count
0	3287.0
1	2133.5
2	767.5
3	554.5
4	579.5
5	604.0
6	820.0
7	1091.0
8	1173.0
9	1739.0
10	2434.5
11	2640.0
12	3917.5
13	5519.5
14	9020.0
15	12616.0
16	14661.5
17	21903.5
18	28286.5
19	38161.5
20	46818.5
21	47983.5
22	65693.5
23	82227.0
24	113301.0
25	144676.0
26	148707.0
27	187998.5
28	225186.5
29	287764.0
30	353065.0
31	358632.5
32	457449.0
33	560085.0
34	568097.5
35	663367.0
36	761412.0
37	899751.5
38	1043499.0
39	1059812.5
40	1197301.0
41	1334790.0
42	1446545.5
43	1559878.0
44	1570810.0
45	1679285.0
46	1789341.0
47	1864807.5
48	1934348.5
49	1933826.0
50	1973084.5
51	2009797.0
52	2007146.5
53	1969894.5
54	1927797.0
55	1831397.5
56	1734483.0
57	1719467.0
58	1621567.0
59	1528072.0
60	1408409.0
61	1288813.5
62	1282641.0
63	1174373.0
64	1063681.0
65	974048.0
66	886994.5
67	882613.5
68	794864.5
69	710258.0
70	706511.5
71	625328.0
72	543673.0
73	474910.5
74	407254.5
75	402953.0
76	349866.0
77	297547.5
78	256860.5
79	214756.0
80	211362.0
81	180167.5
82	149167.5
83	126053.0
84	103294.5
85	101702.0
86	85715.0
87	70057.5
88	57838.0
89	45820.0
90	45112.0
91	36640.5
92	28509.0
93	27750.0
94	21526.5
95	15812.0
96	11577.5
97	7472.0
98	7189.0
99	4918.5
100	2931.0
>>END_MODULE
>>Per base N content	pass
#Base	N-Count
1	8.824570711108616E-6
2	4.412285355554308E-6
3	4.412285355554308E-6
4	4.412285355554308E-6
5	3.0885997488880164E-5
6	1.3236856066662926E-5
7	0.0
8	8.824570711108616E-6
9	9.001062125330788E-4
10	3.971056819998877E-5
11	3.220968309554645E-4
12	0.0013766330309329443
13	4.14754823422105E-4
14	1.3236856066662923E-4
15	0.013250092922729589
16	0.006834630015753624
17	0.002289976099532686
18	0.009998238615686062
19	4.985882451776369E-4
20	0.0014957647355329105
21	0.008089251317945575
22	9.578530531588141E-4
23	0.011002243936790078
24	0.012683115236303175
25	0.006533331053956171
26	0.005713830425974675
27	0.015110632553713702
28	0.008488437522821798
29	0.00680879246198498
30	0.019975557648767808
31	0.008648232457033837
32	0.0031359162978633662
33	0.003894446003706444
34	0.006343953346361728
35	0.006487456788180349
36	0.005341515524726735
37	0.019829456035304654
38	0.0
39	0.0
>>END_MODULE
>>Sequence Length Distribution	warn
#Length	Count
20	4293.0
21	4867.0
22	4907.0
23	5646.0
24	6516.0
25	8460.0
26	9469.0
27	12611.0
28	18783.0
29	30872.0
30	21171.0
31	23041.0
32	45462.0
33	68612.0
34	187188.0
35	570296.0
36	970530.0
37	68844.0
38	219048.0
39	2.0383376E7
>>END_MODULE
>>Sequence Duplication Levels	fail
#Total Duplicate Percentage	75.32298320571935
#Duplication Level	Relative count
1	100.0
2	40.32296773751157
3	23.852298830870506
4	16.55981074502006
5	12.392429800802276
6	9.779888229848801
7	8.123907155346796
8	7.04391949806288
9	5.9673603730243086
10++	118.81064216408956
>>END_MODULE
>>Overrepresented sequences	pass
>>END_MODULE
>>Kmer Content	warn
#Sequence	Count	Obs/Exp Overall	Obs/Exp Max	Max Obs/Exp Position
AAAAA	2501990	4.172072	5.140401	11
TTCTT	2298045	3.510831	3.9743636	35
CTTCT	2404100	3.202385	3.5665138	10
CAGCA	2645620	3.183048	3.516854	27
TTTTT	1758390	3.0810385	4.1338663	1
TCTTC	2284380	3.0429115	3.3491294	12
>>END_MODULE
