##FastQC	0.10.1
>>Basic Statistics	pass
#Measure	Value	
Filename	Sample_7_L002_trimmed.fastq	
File type	Conventional base calls	
Encoding	Sanger / Illumina 1.9	
Total Sequences	15831348	
Filtered Sequences	0	
Sequence length	5-51	
%GC	52	
>>END_MODULE
>>Per base sequence quality	pass
#Base	Mean	Median	Lower Quartile	Upper Quartile	10th Percentile	90th Percentile
1	32.464313019965196	34.0	31.0	34.0	31.0	34.0
2	32.67337026512209	34.0	31.0	34.0	31.0	34.0
3	32.739939201639686	34.0	31.0	34.0	31.0	34.0
4	36.17484348142685	37.0	35.0	37.0	35.0	37.0
5	36.245940017236684	37.0	35.0	37.0	35.0	37.0
6	36.16413145469703	37.0	36.0	37.0	35.0	37.0
7	36.14190969647593	37.0	35.0	37.0	35.0	37.0
8	36.13885427630917	37.0	36.0	37.0	35.0	37.0
9	37.92457035679763	39.0	38.0	39.0	35.0	39.0
10	37.94080037611409	39.0	38.0	39.0	35.0	39.0
11	37.94370788585598	39.0	38.0	39.0	35.0	39.0
12	37.91085541586795	39.0	38.0	39.0	35.0	39.0
13	37.81766846852962	39.0	38.0	39.0	35.0	39.0
14	39.236816345167	41.0	39.0	41.0	36.0	41.0
15	39.215314058918835	41.0	39.0	41.0	36.0	41.0
16	39.189577593428446	41.0	39.0	41.0	36.0	41.0
17	39.182618481179844	41.0	39.0	41.0	36.0	41.0
18	39.18348221537535	41.0	39.0	41.0	36.0	41.0
19	39.218395563725736	41.0	39.0	41.0	36.0	41.0
20	39.14104191042629	41.0	39.0	41.0	36.0	41.0
21	39.14911764674481	40.0	39.0	41.0	36.0	41.0
22	39.161755659835954	40.0	39.0	41.0	36.0	41.0
23	39.142503560025624	40.0	39.0	41.0	36.0	41.0
24	39.12624203754719	41.0	39.0	41.0	35.0	41.0
25	39.10040766005722	40.0	39.0	41.0	35.0	41.0
26	39.0695121486643	40.0	38.0	41.0	35.0	41.0
27	39.03227465541619	40.0	38.0	41.0	35.0	41.0
28	38.99700592060469	40.0	38.0	41.0	35.0	41.0
29	38.9558372880372	40.0	38.0	41.0	35.0	41.0
30	38.92785403350417	40.0	38.0	41.0	35.0	41.0
31	38.890180539611485	40.0	38.0	41.0	35.0	41.0
32	38.841920396969165	40.0	38.0	41.0	35.0	41.0
33	38.78112904901636	40.0	38.0	41.0	35.0	41.0
34	38.7346315659043	40.0	38.0	41.0	35.0	41.0
35	38.67158380682512	40.0	38.0	41.0	34.0	41.0
36	38.475980595361506	40.0	38.0	41.0	34.0	41.0
37	38.48744962345429	40.0	38.0	41.0	34.0	41.0
38	38.45468167264293	40.0	38.0	41.0	34.0	41.0
39	38.39005441076074	40.0	37.0	41.0	34.0	41.0
40	38.317012670338265	40.0	37.0	41.0	34.0	41.0
41	38.25617511395544	40.0	37.0	41.0	33.0	41.0
42	38.122696436195845	40.0	37.0	41.0	33.0	41.0
43	38.08519457761562	40.0	37.0	41.0	33.0	41.0
44	38.00453895375147	40.0	36.0	41.0	33.0	41.0
45	37.92669365477638	40.0	36.0	41.0	33.0	41.0
46	37.84567526655999	40.0	36.0	41.0	33.0	41.0
47	37.7466990040951	39.0	36.0	41.0	33.0	41.0
48	37.651306373383164	39.0	35.0	41.0	33.0	41.0
49	37.51372573948119	39.0	35.0	41.0	33.0	41.0
50	37.400938280794705	39.0	35.0	41.0	33.0	41.0
51	37.26839262827711	39.0	35.0	41.0	32.0	41.0
>>END_MODULE
>>Per sequence quality scores	pass
#Quality	Count
19	1.0
20	0.0
21	0.0
22	1.0
23	3.0
24	9.0
25	106.0
26	1013.0
27	7152.0
28	33787.0
29	97893.0
30	184372.0
31	263224.0
32	344778.0
33	448440.0
34	609963.0
35	922869.0
36	1272204.0
37	1848988.0
38	2891148.0
39	6800216.0
40	105181.0
>>END_MODULE
>>Per base sequence content	fail
#Base	G	A	T	C
1	36.026780536944806	10.2199951640252	12.28913671785877	41.464087581171235
2	25.14954506716674	10.946408353855906	31.690491548792938	32.213555030184416
3	23.812438460704673	16.677468021042806	22.09260386418137	37.417489654071154
4	26.75456316164612	22.5990421030477	18.99176873630723	31.65462599899895
5	27.456733311654823	26.75139223772985	21.682689307316092	24.109185143299232
6	24.85410843607779	29.295829460094293	21.835152116203062	24.014909987624854
7	19.957525266129704	23.926751200874484	34.75236758536992	21.36335594762589
8	22.568782092935457	21.76831803511126	28.95600117977346	26.70689869217982
9	21.924377783860148	20.298018768444916	29.951440547229375	27.826162900465555
10	22.526166270435365	31.82188981939906	24.056694633269526	21.59524927689604
11	26.580666353498454	25.52980302440203	20.627421054656345	27.262109567443165
12	24.803424893967872	21.518835425527154	25.114937939161702	28.562801741343268
13	24.33097240106928	24.299599234349653	25.217730683773116	26.15169768080795
14	23.884397239214067	23.9197756008489	25.94418602051724	26.251641139419796
15	24.33038816314832	23.790495003144944	25.0204820679601	26.858634765746643
16	25.17288562419024	23.523133073319695	24.175485564108502	27.128495738381563
17	24.716540759239265	24.344468478118333	24.147717044791893	26.791273717850505
18	24.394828836276858	23.96328442060806	24.42619443501642	27.215692308098667
19	25.073360340494	23.793347854247717	23.705053769759264	27.42823803549902
20	25.158440427942132	23.756087672055052	24.304450378921505	26.781021521081318
21	24.5385848717174	23.646048974902925	24.463476212388287	27.35188994099139
22	25.25225197721685	24.24065312628292	23.38794530394094	27.119149592559292
23	24.92842513679248	24.568135167023232	23.968831452771806	26.53460824341248
24	24.595418676914154	24.077309372355476	24.059450735424193	27.26782121530618
25	25.303697484692982	24.131494053904436	23.340764910987982	27.2240435504146
26	24.986893734384836	24.25263104808234	23.80424560308005	26.956229614452777
27	24.48276980625455	23.87070226121025	24.263672964267112	27.382854968268088
28	25.24033222421791	24.019622895297566	23.532155271791964	27.20788960869256
29	25.026673115949777	24.130329095526378	23.93496811616267	26.908029672361177
30	24.589927156310434	23.860254015427515	24.134638643459873	27.41518018480218
31	25.193046448225815	23.97008530311102	23.40091552567063	27.435952722992536
32	24.857597418727018	24.355834553133498	24.0360513774092	26.750516650730276
33	24.482702080261546	23.863212478933608	24.407619787988416	27.246465652816426
34	25.20499791316469	24.1857915840461	23.300512841777113	27.308697661012094
35	25.183914692894394	24.268699628032053	23.827939456141518	26.719446222932035
36	24.84037926853354	23.899279085656772	23.779944661592566	27.48039698421712
37	25.242976222719964	24.038729533299094	23.094611816826045	27.623682427154893
38	25.037801739197104	24.178892951985695	23.651690990988325	27.131614317828877
39	24.60045123877187	23.89787001105689	23.93210381913013	27.569574931041107
40	25.166109346506214	24.17730659246037	23.080010951399654	27.576573109633763
41	25.019454245648205	24.24950562533861	23.654037159564925	27.077002969448266
42	24.712599603423303	24.0060381816541	23.76818490361845	27.513177311304148
43	25.172155824650115	24.156442540815775	23.163488755691482	27.50791287884262
44	24.8999537718418	24.122984978861595	23.844669084151604	27.132392165145003
45	24.719427127792578	23.76345453552572	23.792253349083584	27.724864987598114
46	25.39457537059816	23.914676301176247	23.076100940955957	27.614647387269635
47	25.176478232910092	24.062263901231383	23.64844139446513	27.112816471393398
48	24.538639492235585	23.818720694534356	23.710341444792075	27.932298368437987
49	25.571369398478954	23.722861438884102	23.01984784866338	27.685921313973566
50	25.43772630832243	24.10616416180385	23.521146027969912	26.934963501903802
51	25.061770832907964	23.87529831717321	23.523144045702978	27.53978680421585
>>END_MODULE
>>Per base GC content	fail
#Base	%GC
1	77.49086811811603
2	57.36310009735115
3	61.229928114775824
4	58.40918916064507
5	51.56591845495405
6	48.86901842370264
7	41.3208812137556
8	49.27568078511528
9	49.750540684325706
10	44.12141554733141
11	53.84277592094162
12	53.36622663531114
13	50.48267008187723
14	50.13603837863386
15	51.18902292889496
16	52.301381362571796
17	51.507814477089774
18	51.61052114437552
19	52.50159837599302
20	51.939461949023446
21	51.89047481270879
22	52.37140156977615
23	51.46303338020496
24	51.86323989222033
25	52.52774103510758
26	51.94312334883762
27	51.86562477452264
28	52.44822183291047
29	51.93470278831095
30	52.00510734111261
31	52.62899917121835
32	51.6081140694573
33	51.72916773307797
34	52.513695574176786
35	51.903360915826426
36	52.320776252750655
37	52.866658649874864
38	52.16941605702598
39	52.17002616981298
40	52.742682456139974
41	52.09645721509647
42	52.22577691472745
43	52.68006870349274
44	52.0323459369868
45	52.4442921153907
46	53.0092227578678
47	52.289294704303494
48	52.47093786067357
49	53.25729071245252
50	52.372689810226234
51	52.60155763712381
>>END_MODULE
>>Per sequence GC content	pass
#GC Content	Count
0	87575.0
1	85532.0
2	79687.0
3	47628.5
4	12882.5
5	5221.0
6	4423.0
7	5259.0
8	6442.0
9	7246.0
10	8669.0
11	10488.5
12	11118.5
13	12229.0
14	13780.5
15	15862.0
16	17588.0
17	20401.5
18	23641.5
19	29020.5
20	34237.0
21	41924.0
22	49889.5
23	59449.5
24	69422.0
25	84101.5
26	111727.5
27	127894.0
28	153417.0
29	179671.0
30	211842.5
31	246262.0
32	285327.5
33	321910.0
34	371536.5
35	425396.0
36	491438.0
37	555735.0
38	624501.0
39	696614.0
40	763755.5
41	826214.5
42	883080.0
43	940347.5
44	1007426.5
45	1075969.5
46	1115717.0
47	1152880.5
48	1178121.5
49	1201606.5
50	1216344.0
51	1230359.5
52	1225089.5
53	1219742.0
54	1198058.5
55	1174204.5
56	1129763.0
57	1086005.0
58	1035065.0
59	980368.5
60	925022.5
61	867921.0
62	821668.0
63	777951.0
64	730810.0
65	680875.5
66	640090.5
67	604773.0
68	559231.5
69	509442.0
70	467304.0
71	425706.5
72	386071.5
73	346855.5
74	318717.5
75	265187.5
76	232894.0
77	211534.0
78	190211.5
79	168691.5
80	148124.5
81	132499.0
82	116498.0
83	104655.5
84	93496.0
85	84260.0
86	74511.5
87	68358.5
88	61925.5
89	55848.0
90	47710.0
91	40733.5
92	33953.0
93	26492.0
94	20809.5
95	16802.0
96	14084.0
97	12537.0
98	11327.0
99	10732.5
100	10320.0
>>END_MODULE
>>Per base N content	pass
#Base	N-Count
1	0.0
2	0.0
3	0.0
4	0.0
5	0.0
6	0.0
7	0.0
8	0.0
9	0.0
10	0.0
11	0.0
12	0.0
13	0.0
14	0.0
15	0.0
16	0.0
17	0.0
18	0.0
19	0.0
20	0.0
21	0.0
22	0.0
23	0.0
24	0.0
25	0.0
26	0.0
27	0.0
28	0.0
29	0.0
30	0.0
31	0.0
32	0.0
33	0.0
34	0.0
35	0.0
36	0.0
37	0.0
38	0.0
39	0.0
40	0.0
41	0.0
42	0.0
43	0.0
44	0.0
45	0.0
46	0.0
47	0.0
48	0.0
49	0.0
50	0.0
51	0.0
>>END_MODULE
>>Sequence Length Distribution	warn
#Length	Count
5	48907.0
6	49323.0
7	41970.0
8	50321.0
9	45559.0
10	50906.0
11	54481.0
12	49935.0
13	52009.0
14	53792.0
15	64946.0
16	47963.0
17	77256.0
18	48971.0
19	59705.0
20	49016.0
21	49636.0
22	44203.0
23	48091.0
24	46244.0
25	45628.0
26	47573.0
27	49991.0
28	46580.0
29	48124.0
30	48555.0
31	46862.0
32	47287.0
33	44075.0
34	44785.0
35	45265.0
36	46605.0
37	45638.0
38	44312.0
39	44527.0
40	41109.0
41	43733.0
42	40883.0
43	37026.0
44	22316.0
45	41564.0
46	55983.0
47	62447.0
48	39588.0
49	4066.0
50	0.0
51	1.3713592E7
>>END_MODULE
>>Sequence Duplication Levels	fail
#Total Duplicate Percentage	76.00706174669253
#Duplication Level	Relative count
1	100.0
2	63.38365945386167
3	35.23373485220109
4	20.882614778074526
5	14.639995639614106
6	10.764702676186843
7	8.693519376464817
8	7.0311222543195075
9	6.090005632165114
10++	96.64613651641504
>>END_MODULE
>>Overrepresented sequences	warn
#Sequence	Count	Percentage	Possible Source
ATATATATATATATATA	26940	0.1701687057855086	No Hit
>>END_MODULE
>>Kmer Content	warn
#Sequence	Count	Obs/Exp Overall	Obs/Exp Max	Max Obs/Exp Position
AAAAA	2515170	5.1245837	8.136065	10
TTCTT	2123070	3.365239	6.060304	6
CAGCA	2365680	3.2792842	4.745367	9
CTTCT	2282200	3.149267	5.268214	1
TTTTT	1720070	3.1317973	4.397417	11
TCTTC	2094665	2.8904827	5.339673	7
ATATA	1274300	2.4821353	7.922783	7
TCTTG	1566500	2.38458	5.056785	7
CTCCT	1870885	2.2475376	6.6545753	1
TTGAA	1169295	2.138646	6.049858	7
TATAT	1109820	2.1136718	7.510931	8
CTCCA	1672505	2.0549252	6.8903737	1
GCCAG	1557720	2.0275588	5.9862223	1
TCCAG	1477190	2.0021226	5.1428633	2
GTCCA	1153580	1.563515	5.184475	1
>>END_MODULE
