##FastQC	0.10.1
>>Basic Statistics	pass
#Measure	Value	
Filename	Iron_attach_trimmed.fastq	
File type	Conventional base calls	
Encoding	Sanger / Illumina 1.9	
Total Sequences	211629698	
Filtered Sequences	0	
Sequence length	51	
%GC	52	
>>END_MODULE
>>Per base sequence quality	pass
#Base	Mean	Median	Lower Quartile	Upper Quartile	10th Percentile	90th Percentile
1	32.247856730391405	33.0	31.0	34.0	30.0	34.0
2	32.468135748131154	34.0	31.0	34.0	31.0	34.0
3	32.551777232134974	34.0	31.0	34.0	31.0	34.0
4	35.97851452304204	37.0	35.0	37.0	35.0	37.0
5	36.06022762457469	37.0	35.0	37.0	35.0	37.0
6	35.92342495806047	37.0	35.0	37.0	35.0	37.0
7	35.893758970444686	37.0	35.0	37.0	35.0	37.0
8	35.885434080239534	37.0	35.0	37.0	35.0	37.0
9	37.618015279689146	39.0	37.0	39.0	35.0	39.0
10	37.62819165389538	39.0	37.0	39.0	35.0	39.0
11	37.62986556357511	39.0	37.0	39.0	35.0	39.0
12	37.602331658574684	39.0	37.0	39.0	35.0	39.0
13	37.489999768368996	39.0	37.0	39.0	34.0	39.0
14	38.869480686023564	40.0	38.0	41.0	35.0	41.0
15	38.83818201640112	40.0	38.0	41.0	35.0	41.0
16	38.787242568384706	40.0	38.0	41.0	34.0	41.0
17	38.78886645672953	40.0	38.0	41.0	34.0	41.0
18	38.788862251270615	40.0	38.0	41.0	34.0	41.0
19	38.826514419540494	40.0	38.0	41.0	34.0	41.0
20	38.77804741279742	40.0	38.0	41.0	34.0	41.0
21	38.76013483703029	40.0	38.0	41.0	34.0	41.0
22	38.71502929612459	40.0	38.0	41.0	34.0	41.0
23	38.70237717770594	40.0	38.0	41.0	34.0	41.0
24	38.70357688645381	40.0	38.0	41.0	34.0	41.0
25	38.674764304582624	40.0	38.0	41.0	34.0	41.0
26	38.60714072842461	40.0	38.0	41.0	34.0	41.0
27	38.5521237052467	40.0	38.0	41.0	34.0	41.0
28	38.513073855069244	40.0	38.0	41.0	34.0	41.0
29	38.46304099531437	40.0	38.0	41.0	34.0	41.0
30	38.428238138864614	40.0	38.0	41.0	34.0	41.0
31	38.36578838760144	40.0	38.0	41.0	34.0	41.0
32	38.3164151139128	40.0	38.0	41.0	33.0	41.0
33	38.260353648475174	40.0	38.0	41.0	33.0	41.0
34	38.20494805979452	40.0	38.0	41.0	33.0	41.0
35	38.13135441416166	40.0	38.0	41.0	33.0	41.0
36	38.000290138863214	40.0	37.0	41.0	33.0	41.0
37	37.97371659057038	40.0	37.0	41.0	33.0	41.0
38	37.91968262885297	40.0	37.0	41.0	33.0	41.0
39	37.845326221653444	40.0	37.0	41.0	33.0	41.0
40	37.75830887402202	40.0	37.0	41.0	33.0	41.0
41	37.68188315422536	40.0	37.0	41.0	32.0	41.0
42	37.56819118553011	40.0	36.0	41.0	32.0	41.0
43	37.51785492317813	40.0	36.0	41.0	32.0	41.0
44	37.42585015643693	40.0	36.0	41.0	32.0	41.0
45	37.35026388876669	40.0	35.0	41.0	32.0	41.0
46	37.263792778270656	39.0	35.0	41.0	31.0	41.0
47	37.157294062764294	39.0	35.0	41.0	31.0	41.0
48	37.04947755016879	39.0	35.0	41.0	31.0	41.0
49	36.91715240740928	39.0	35.0	41.0	31.0	41.0
50	36.798295714621304	39.0	35.0	41.0	31.0	41.0
51	36.66525940040797	39.0	35.0	41.0	31.0	41.0
>>END_MODULE
>>Per sequence quality scores	pass
#Quality	Count
8	25.0
9	280.0
10	1260.0
11	3487.0
12	6599.0
13	10206.0
14	13875.0
15	18723.0
16	27566.0
17	41445.0
18	62663.0
19	94431.0
20	140810.0
21	211424.0
22	309172.0
23	445856.0
24	624005.0
25	842373.0
26	1110043.0
27	1427253.0
28	1802933.0
29	2245904.0
30	2773765.0
31	3424209.0
32	4254675.0
33	5394485.0
34	7199070.0
35	9938807.0
36	1.4581232E7
37	2.2475697E7
38	3.6091693E7
39	9.4320646E7
40	1735086.0
>>END_MODULE
>>Per base sequence content	fail
#Base	G	A	T	C
1	36.29292019902331	9.974151994425055	11.284267392137112	42.448660414414526
2	24.550704184974432	10.785176785002601	32.68044255482969	31.983676475193278
3	23.614562618294986	15.833584590093208	22.456023357076006	38.0958294345358
4	26.93650571369741	22.175885833182345	18.589631432051252	32.29797702106899
5	27.787007564964515	26.038030450899562	21.83544543498781	24.33951654914811
6	25.45862890139493	29.187815191244322	21.579958637340862	23.773597270019888
7	20.349684570262912	24.2665507182267	34.3855908162757	20.998173895234686
8	22.703814943779772	22.03775719606234	28.827348229736643	26.431079630421245
9	22.460585375876686	19.92698444430989	30.157902980138452	27.45452719967497
10	23.09920982829168	31.82068095187661	23.575261162069985	21.504848057761723
11	26.818091003465877	25.651219329340062	20.71334194315204	26.81734772404202
12	25.2045929773051	21.95971710926885	24.503811842135693	28.331878071290355
13	24.84721720251313	24.219455547736185	24.899535950257036	26.033791299493654
14	24.317029378403713	24.23104427217518	25.43136318397391	26.020563165447204
15	24.799950252708022	23.70288496019059	24.79749407467131	26.69967071243008
16	25.702224752586726	23.82928463932133	23.559094633446705	26.90939597464524
17	25.13579947252013	24.45805571475397	23.940501202269882	26.465643610456013
18	24.826796401830126	24.16118613069696	24.058898028852727	26.953119438620188
19	25.572732235340617	23.996872121416533	23.301833564020868	27.12856207922198
20	25.51266851836345	24.01954525461861	24.088536522436094	26.37924970458184
21	24.977152878265755	23.78557891906459	24.111520982570546	27.12574722009911
22	25.74801550648072	24.467212860094012	22.927870425658003	26.856901207767265
23	25.301226982440344	24.774106136010353	23.687526674371075	26.237140207178232
24	25.012980323964694	24.219455365074566	23.749039352070614	27.01852495889013
25	25.79121641409945	24.2923435149764	22.915412217146653	27.001027853777494
26	25.436620675203446	24.401849727691967	23.530506740887148	26.63102285621744
27	24.958785279943317	23.960611342556536	23.943963130926285	27.13664024657386
28	25.763384321485734	24.12804864782851	23.072322310160946	27.03624472052481
29	25.450738038498333	24.285153504642764	23.6538829686552	26.610225488203703
30	25.04959957680774	23.945173496554553	23.761987961368376	27.243238965269327
31	25.72923279369262	24.09998526112009	22.9756956952382	27.195086249949092
32	25.271506114631357	24.50742858860219	23.807756043040865	26.413309253725586
33	24.953264858302717	23.97037353474957	24.021691294349143	27.05467031259857
34	25.758268076650737	24.35323793876718	22.81785447370791	27.070639510874173
35	25.588947349780995	24.47053696842058	23.543702027630367	26.396813654168056
36	25.293942450076006	23.971348815683534	23.454201883100325	27.280506851140128
37	25.800607085628407	24.153113450129855	22.646067331993944	27.4002121322478
38	25.483892752565684	24.341656253957932	23.377399097544238	26.797051895932146
39	25.030488020577213	23.97773663814508	23.59723995963687	27.39453538164084
40	25.66292725815907	24.27556141338725	22.636857412967604	27.424653915486076
41	25.40682974804238	24.421647707436783	23.405176769110632	26.766345775410205
42	25.13276290361881	24.10506637879329	23.41720736465768	27.344963352930225
43	25.705626333849768	24.330990282915867	22.713513969512107	27.249869413722255
44	25.314854663988772	24.333475754477792	23.546038301275594	26.805631280257835
45	25.108977845984594	23.89567561264562	23.449874916696274	27.54547162467351
46	25.950730342465018	23.99897281590632	22.651382293122374	27.398914548506287
47	25.76581552341914	24.265465168983628	23.219312103407955	26.74940720418928
48	25.129930548225833	24.008480155945296	23.306179818583857	27.555409477245014
49	25.902231476329213	24.090258793917645	22.611828426028136	27.395681303725006
50	25.63541786423912	24.2945069265015	23.31513884927766	26.75493635998172
51	25.224741334842992	23.839474296550563	23.390380757437864	27.545403611168577
>>END_MODULE
>>Per base GC content	fail
#Base	%GC
1	78.74158061343783
2	56.53438066016771
3	61.710392052830784
4	59.2344827347664
5	52.12652411411263
6	49.232226171414815
7	41.3478584654976
8	49.13489457420101
9	49.91511257555166
10	44.6040578860534
11	53.63543872750789
12	53.53647104859546
13	50.881008502006786
14	50.33759254385092
15	51.49962096513811
16	52.611620727231966
17	51.601443082976154
18	51.77991584045031
19	52.701294314562595
20	51.8919182229453
21	52.10290009836487
22	52.604916714247985
23	51.53836718961857
24	52.031505282854816
25	52.79224426787694
26	52.067643531420885
27	52.09542552651718
28	52.799629042010544
29	52.06096352670204
30	52.29283854207707
31	52.92431904364171
32	51.68481536835695
33	52.007935170901284
34	52.82890758752491
35	51.98576100394905
36	52.57444930121614
37	53.2008192178762
38	52.28094464849783
39	52.42502340221805
40	53.08758117364515
41	52.173175523452585
42	52.477726256549026
43	52.95549574757202
44	52.12048594424661
45	52.65444947065811
46	53.349644890971305
47	52.515222727608425
48	52.68534002547085
49	53.29791278005421
50	52.390354224220836
51	52.77014494601156
>>END_MODULE
>>Per sequence GC content	pass
#GC Content	Count
0	34524.0
1	22535.0
2	10546.0
3	11612.5
4	12679.0
5	13126.0
6	13573.0
7	14589.5
8	15606.0
9	16639.0
10	17672.0
11	20667.5
12	23663.0
13	30839.0
14	38015.0
15	51479.0
16	64943.0
17	87579.5
18	110216.0
19	146683.5
20	183151.0
21	249972.5
22	316794.0
23	403929.0
24	491064.0
25	610269.5
26	906436.0
27	1083397.0
28	1367089.5
29	1650782.0
30	2006385.0
31	2361988.0
32	2807900.0
33	3253812.0
34	3886780.5
35	4519749.0
36	5313495.5
37	6107242.0
38	6904049.0
39	7700856.0
40	8589391.0
41	9477926.0
42	1.0280844E7
43	1.1083762E7
44	1.1932242E7
45	1.2780722E7
46	1.32111095E7
47	1.3641497E7
48	1.40119E7
49	1.4382303E7
50	1.44718935E7
51	1.4561484E7
52	1.4506598E7
53	1.4451712E7
54	1.4107214E7
55	1.3762716E7
56	1.32111345E7
57	1.2659553E7
58	1.1919824E7
59	1.1180095E7
60	1.04775675E7
61	9775040.0
62	9115951.0
63	8456862.0
64	7851138.5
65	7245415.0
66	6779501.0
67	6313587.0
68	5705158.5
69	5096730.0
70	4667120.5
71	4237511.0
72	3793772.0
73	3350033.0
74	3018729.0
75	2386098.0
76	2084771.0
77	1844756.5
78	1604742.0
79	1397166.5
80	1189591.0
81	1034935.0
82	880279.0
83	767413.0
84	654547.0
85	567299.0
86	480051.0
87	411680.5
88	343310.0
89	285575.5
90	227841.0
91	185184.0
92	142527.0
93	110352.5
94	78178.0
95	58259.0
96	38340.0
97	27263.0
98	16186.0
99	10700.5
100	5215.0
>>END_MODULE
>>Per base N content	pass
#Base	N-Count
1	0.07322601764521726
2	5.391492832919887E-4
3	0.0016779308544871618
4	4.725234735249681E-6
5	1.3466918995461591E-4
6	0.0023654525084659903
7	0.0
8	0.0
9	0.0
10	0.0
11	0.0
12	0.0
13	7.087852102874522E-6
14	1.1340563364599235E-5
15	4.1582065670197195E-5
16	0.024535308839310443
17	4.725234735249681E-6
18	4.725234735249681E-7
19	0.0
20	8.032899049924457E-6
21	6.095552808472089E-4
22	3.6053541029955067E-4
23	4.711059031043932E-4
24	8.023448580453959E-4
25	6.36489118838132E-4
26	2.8823931885023054E-5
27	0.007265993452393435
28	0.005257296166438795
29	0.0018659951969500993
30	0.00541559153006966
31	0.002715592402347992
32	0.00445022607365815
33	0.0070160285348987265
34	0.006290232479564375
35	0.01468224936936781
36	0.015395287290916987
37	0.011323552519552336
38	0.013843992727334515
39	0.01775506951770068
40	0.010937973365155963
41	0.012987307669833748
42	0.02170442070942236
43	0.016950834565761182
44	0.010651624140199833
45	0.013001955897513023
46	0.012263874231867023
47	0.014705403019570535
48	0.013865728807116664
49	0.024025928534850527
50	0.018175142885664373
51	0.001925533154614245
>>END_MODULE
>>Sequence Length Distribution	pass
#Length	Count
51	2.11629698E8
>>END_MODULE
>>Sequence Duplication Levels	fail
#Total Duplicate Percentage	91.07838873006287
#Duplication Level	Relative count
1	100.0
2	72.91144033700951
3	52.57253751124154
4	36.90064845931746
5	28.82567330903583
6	22.800208264306338
7	19.36858048942112
8	16.893075211814267
9	15.316893075211814
10++	581.0668812420126
>>END_MODULE
>>Overrepresented sequences	pass
>>END_MODULE
>>Kmer Content	warn
#Sequence	Count	Obs/Exp Overall	Obs/Exp Max	Max Obs/Exp Position
AAAAA	37954300	5.245239	8.435981	10
TTCTT	30195945	3.5243168	6.5189753	6
TTTTT	26047795	3.5117464	4.8921237	11
CTTCT	32388335	3.2725713	5.7922935	1
CAGCA	33177160	3.160135	4.4911294	9
TCTTC	29478845	2.9785914	5.5538826	7
TCTTG	22285970	2.4278564	5.076734	7
CTCCT	26333560	2.3034785	7.607118	1
TCCTC	24326715	2.1279333	5.2467237	2
TTGAA	16527690	2.1005368	6.050748	7
CTCCA	23339580	2.05172	7.5887175	1
GCCAG	22797340	2.0168116	5.714798	1
TCCAG	20776195	1.9691646	5.489298	2
GTCCA	16054660	1.5216582	5.3806677	1
>>END_MODULE
