##FastQC	0.10.1
>>Basic Statistics	pass
#Measure	Value	
Filename	Sample_2_L001_poly_any.fastq	
File type	Conventional base calls	
Encoding	Sanger / Illumina 1.9	
Total Sequences	14313038	
Filtered Sequences	0	
Sequence length	20-39	
%GC	53	
>>END_MODULE
>>Per base sequence quality	pass
#Base	Mean	Median	Lower Quartile	Upper Quartile	10th Percentile	90th Percentile
1	37.52459799240385	39.0	37.0	39.0	34.0	39.0
2	38.86664193862966	40.0	38.0	41.0	35.0	41.0
3	38.83280355994304	40.0	38.0	41.0	34.0	41.0
4	38.777689055251585	40.0	38.0	41.0	34.0	41.0
5	38.784866287646274	40.0	38.0	41.0	34.0	41.0
6	38.78609118483441	40.0	38.0	41.0	34.0	41.0
7	38.82739031364271	40.0	38.0	41.0	34.0	41.0
8	38.81469748071653	40.0	38.0	41.0	34.0	41.0
9	38.78017021962773	40.0	38.0	41.0	34.0	41.0
10	38.68396415911143	40.0	38.0	41.0	34.0	41.0
11	38.686411019100206	40.0	38.0	41.0	34.0	41.0
12	38.719247863381625	40.0	38.0	41.0	34.0	41.0
13	38.697982077599455	40.0	38.0	41.0	34.0	41.0
14	38.63063278389955	40.0	38.0	41.0	34.0	41.0
15	38.57847900634373	40.0	38.0	41.0	34.0	41.0
16	38.552033467667734	40.0	38.0	41.0	34.0	41.0
17	38.505129029909654	40.0	38.0	41.0	34.0	41.0
18	38.477474313978625	40.0	38.0	41.0	34.0	41.0
19	38.402930880222634	40.0	38.0	41.0	34.0	41.0
20	38.3661650307922	40.0	38.0	41.0	34.0	41.0
21	38.32756636821796	40.0	38.0	41.0	33.0	41.0
22	38.27515248672783	40.0	38.0	41.0	33.0	41.0
23	38.20330153474136	40.0	38.0	41.0	33.0	41.0
24	38.154102765225254	40.0	38.0	41.0	33.0	41.0
25	38.09928086013807	40.0	37.0	41.0	33.0	41.0
26	38.03482210244282	40.0	37.0	41.0	33.0	41.0
27	37.96123504995538	40.0	37.0	41.0	33.0	41.0
28	37.86901558175883	40.0	37.0	41.0	33.0	41.0
29	37.784094118733364	40.0	37.0	41.0	33.0	41.0
30	37.70634336040227	40.0	36.0	41.0	32.0	41.0
31	37.64709495960133	40.0	36.0	41.0	32.0	41.0
32	37.55633896979592	40.0	36.0	41.0	32.0	41.0
33	37.495777583641384	40.0	36.0	41.0	32.0	41.0
34	37.42282675064222	39.0	35.0	41.0	32.0	41.0
35	37.329843598654776	39.0	35.0	41.0	32.0	41.0
36	37.24112963514207	39.0	35.0	41.0	32.0	41.0
37	37.15323715668568	39.0	35.0	41.0	31.0	41.0
38	37.11911443494438	39.0	35.0	41.0	31.0	41.0
39	37.26211160961236	39.0	35.0	41.0	32.0	41.0
>>END_MODULE
>>Per sequence quality scores	pass
#Quality	Count
9	1.0
10	5.0
11	20.0
12	65.0
13	135.0
14	296.0
15	576.0
16	1020.0
17	1843.0
18	3405.0
19	5561.0
20	9252.0
21	14576.0
22	22278.0
23	31731.0
24	43505.0
25	58644.0
26	76179.0
27	96330.0
28	120151.0
29	146792.0
30	176570.0
31	214661.0
32	260946.0
33	322530.0
34	416714.0
35	551245.0
36	753262.0
37	1066750.0
38	1518821.0
39	2367339.0
40	6026222.0
41	5613.0
>>END_MODULE
>>Per base sequence content	pass
#Base	G	A	T	C
1	25.110853474992524	23.904533754469178	24.499068611429664	26.48554415910864
2	24.457854440126546	23.915069602973176	25.44396933760673	26.183106619293543
3	25.06918517228837	23.235213935713716	24.340031794787382	27.35556909721053
4	25.85904543815226	23.634346530764468	23.140461165547105	27.366146865536162
5	25.272307668015692	24.095492515285713	23.852699895018795	26.7794999216798
6	25.327537033018427	23.5526098652152	23.353930870581074	27.765922231185304
7	26.034982929549965	23.682756938114746	22.620557564368934	27.66170256796635
8	25.673564200695896	23.55152693648965	23.941849382360335	26.833059480454114
9	25.387049206464763	22.987775201882368	23.61979336602055	28.005382225632324
10	26.174128790826938	23.797561356296264	22.515939662844463	27.512370190032332
11	25.39512575876624	24.182029000412072	23.630385107620057	26.79246013320163
12	25.39094774987672	23.44943121090016	23.230539875601533	27.92908116362159
13	26.19061725400296	23.836945028721367	22.365873688031847	27.606564029243824
14	25.614974263325507	23.859560772492884	23.424558783397348	27.10090618078426
15	25.42416920852163	23.138456000745613	23.470964025946135	27.966410764786627
16	26.20413639647991	23.364096427327308	22.618678159032346	27.813089017160436
17	25.63181205834848	23.69853975095993	23.539691573515	27.129956617176592
18	25.503432604594494	23.15205898286583	23.120444450716892	28.224063961822782
19	26.20398967710419	23.47113170523267	22.405271333730823	27.91960728393231
20	25.46878587201403	23.896310482791982	23.59494189842855	27.039961746765435
21	25.457682167515294	23.150816488826127	23.402073547021164	27.98942779663742
22	26.290523083904464	23.671027641799977	22.217082780164386	27.821366494131173
23	25.92635949298321	23.774110258244193	23.350317665085438	26.949212583687153
24	25.872318382378833	22.947831651704238	22.88275130916063	28.297098656756305
25	26.48158260326346	23.400317981785964	21.88228784569674	28.235811569253833
26	25.843547650554726	23.562810293682375	23.11284404259609	27.480798013166808
27	25.711849532404745	23.00936934499023	22.826614180449177	28.45216694215585
28	26.44285025702831	23.51030470288536	21.946618068759413	28.10022697132692
29	25.925702655060352	23.536417408651573	23.132461600011407	27.40541833627667
30	25.86823699193406	23.048683767345487	22.618596094944788	28.464483145775667
31	26.56454618290065	23.496881416701147	21.903724736452478	28.034847663945726
32	25.81575520321266	23.43999128069314	23.123789063187633	27.620464452906567
33	25.84934525648353	22.864783065129213	22.695993325509484	28.589878352877772
34	26.850335331020407	23.04678372127573	21.740560064167134	28.36232088353673
35	26.608213295849787	23.297054572711193	22.390072702013068	27.70465942942595
36	25.734600470281748	22.603938459817282	22.434804845060743	29.226656224840227
37	26.40701971988485	22.598495555701632	21.502622793801322	29.491861930612195
38	27.79346326528574	21.37336334272057	21.832097763755716	29.00107562823797
39	26.39820369658082	22.857524386315664	21.29482263941688	29.44944927768664
>>END_MODULE
>>Per base GC content	pass
#Base	%GC
1	51.596397634101166
2	50.640961059420086
3	52.4247542694989
4	53.22519230368843
5	52.0518075896955
6	53.09345926420372
7	53.69668549751631
8	52.50662368115001
9	53.392431432097084
10	53.68649898085926
11	52.18758589196787
12	53.320028913498305
13	53.797181283246786
14	52.715880444109764
15	53.39057997330825
16	54.01722541364035
17	52.76176867552507
18	53.72749656641728
19	54.123596961036505
20	52.50874761877946
21	53.44710996415271
22	54.111889578035644
23	52.875572076670366
24	54.16941703913514
25	54.717394172517295
26	53.32434566372153
27	54.1640164745606
28	54.54307722835523
29	53.33112099133702
30	54.33272013770972
31	54.599393846846375
32	53.43621965611922
33	54.4392236093613
34	55.21265621455714
35	54.31287272527574
36	54.961256695121975
37	55.898881650497046
38	56.794538893523715
39	55.84765297426746
>>END_MODULE
>>Per sequence GC content	pass
#GC Content	Count
0	124.0
1	197.0
2	313.5
3	373.5
4	495.0
5	613.5
6	857.5
7	1167.5
8	1306.5
9	1729.0
10	2180.5
11	2322.5
12	3255.5
13	4398.0
14	5994.5
15	7651.0
16	8329.0
17	10978.0
18	14084.0
19	19274.5
20	24224.0
21	25466.0
22	32755.0
23	40591.5
24	53450.5
25	66842.5
26	70493.0
27	89126.0
28	109609.5
29	140680.0
30	171266.0
31	178342.5
32	230286.5
33	285170.5
34	296997.5
35	348011.0
36	400693.5
37	486791.0
38	575568.0
39	593689.5
40	683601.0
41	773188.5
42	861290.5
43	952098.5
44	971083.5
45	1058758.0
46	1144288.0
47	1220526.5
48	1292171.5
49	1297337.5
50	1339013.5
51	1378662.5
52	1380306.0
53	1379444.0
54	1379224.0
55	1331220.0
56	1275469.5
57	1259754.0
58	1194377.0
59	1131617.5
60	1033287.0
61	931037.5
62	916389.5
63	833456.0
64	746661.0
65	676321.5
66	608399.0
67	596500.0
68	533538.5
69	471961.0
70	463292.0
71	410227.5
72	355785.0
73	308552.0
74	263721.5
75	257852.5
76	223284.5
77	189087.0
78	162439.5
79	136154.5
80	132511.0
81	112685.0
82	93667.0
83	78667.0
84	64277.0
85	62559.5
86	52554.5
87	43181.0
88	35867.0
89	28608.0
90	27903.5
91	22508.0
92	17418.0
93	16692.5
94	12979.0
95	9802.0
96	7113.0
97	4518.0
98	4393.0
99	3103.0
100	1938.0
>>END_MODULE
>>Per base N content	pass
#Base	N-Count
1	0.0
2	0.0
3	0.0
4	0.0
5	0.0
6	0.0
7	0.0
8	0.0
9	0.0
10	0.0
11	0.0
12	0.0
13	0.0
14	0.0
15	0.0
16	0.0
17	0.0
18	0.0
19	0.0
20	0.0
21	0.0
22	0.0
23	0.0
24	0.0
25	0.0
26	0.0
27	0.0
28	0.0
29	0.0
30	0.0
31	0.0
32	0.0
33	0.0
34	0.0
35	0.0
36	0.0
37	0.0
38	0.0
39	0.0
>>END_MODULE
>>Sequence Length Distribution	warn
#Length	Count
20	81000.0
21	75724.0
22	78437.0
23	78258.0
24	76180.0
25	81512.0
26	80346.0
27	79236.0
28	79867.0
29	84769.0
30	86450.0
31	81574.0
32	68072.0
33	122228.0
34	194407.0
35	451203.0
36	358988.0
37	238960.0
38	143651.0
39	1.1772176E7
>>END_MODULE
>>Sequence Duplication Levels	fail
#Total Duplicate Percentage	79.42672529551585
#Duplication Level	Relative count
1	100.0
2	57.8205977477302
3	32.81572692202782
4	21.242645053189417
5	15.278806063203834
6	12.126407668627985
7	9.809842964579355
8	8.124537271558275
9	6.969177414955383
10++	125.47831508397303
>>END_MODULE
>>Overrepresented sequences	pass
>>END_MODULE
>>Kmer Content	warn
#Sequence	Count	Obs/Exp Overall	Obs/Exp Max	Max Obs/Exp Position
CAGCA	1696680	3.2261646	3.68479	27
CATCA	1412250	3.0202432	3.5161602	1
>>END_MODULE
