##FastQC	0.10.1
>>Basic Statistics	pass
#Measure	Value	
Filename	Sample_6_L002_trimmed.fastq	
File type	Conventional base calls	
Encoding	Sanger / Illumina 1.9	
Total Sequences	21628127	
Filtered Sequences	0	
Sequence length	5-51	
%GC	52	
>>END_MODULE
>>Per base sequence quality	pass
#Base	Mean	Median	Lower Quartile	Upper Quartile	10th Percentile	90th Percentile
1	32.512484738045046	34.0	31.0	34.0	31.0	34.0
2	32.713795235250835	34.0	31.0	34.0	31.0	34.0
3	32.780823277022556	34.0	31.0	34.0	31.0	34.0
4	36.20630427220998	37.0	37.0	37.0	35.0	37.0
5	36.275200991745606	37.0	37.0	37.0	35.0	37.0
6	36.194714797398404	37.0	36.0	37.0	35.0	37.0
7	36.16987622088967	37.0	36.0	37.0	35.0	37.0
8	36.168043214556945	37.0	36.0	37.0	35.0	37.0
9	37.96152592807003	39.0	38.0	39.0	35.0	39.0
10	37.97626264003692	39.0	38.0	39.0	35.0	39.0
11	37.980379265012445	39.0	38.0	39.0	35.0	39.0
12	37.95084867322139	39.0	38.0	39.0	35.0	39.0
13	37.86151157748069	39.0	38.0	39.0	35.0	39.0
14	39.298730335270136	41.0	39.0	41.0	36.0	41.0
15	39.277192376238794	41.0	39.0	41.0	36.0	41.0
16	39.25599929096872	41.0	39.0	41.0	36.0	41.0
17	39.24792545676473	41.0	39.0	41.0	36.0	41.0
18	39.24879826648175	41.0	39.0	41.0	36.0	41.0
19	39.28379066931823	41.0	39.0	41.0	36.0	41.0
20	39.20672728521937	41.0	39.0	41.0	36.0	41.0
21	39.215241603139916	41.0	39.0	41.0	36.0	41.0
22	39.23019217869358	41.0	39.0	41.0	36.0	41.0
23	39.21253684659104	41.0	39.0	41.0	36.0	41.0
24	39.19778588159136	41.0	39.0	41.0	36.0	41.0
25	39.172461588844854	41.0	39.0	41.0	36.0	41.0
26	39.14170129958921	41.0	39.0	41.0	35.0	41.0
27	39.10660434989044	40.0	39.0	41.0	35.0	41.0
28	39.07389891766728	40.0	38.0	41.0	35.0	41.0
29	39.03332388116095	40.0	38.0	41.0	35.0	41.0
30	39.006110631390285	40.0	38.0	41.0	35.0	41.0
31	38.970819481253336	40.0	38.0	41.0	35.0	41.0
32	38.92383354098494	40.0	38.0	41.0	35.0	41.0
33	38.86589133498267	40.0	38.0	41.0	35.0	41.0
34	38.82069232061907	40.0	38.0	41.0	35.0	41.0
35	38.758471757479	40.0	38.0	41.0	35.0	41.0
36	38.56440914684052	40.0	38.0	41.0	34.0	41.0
37	38.57848507065962	40.0	38.0	41.0	34.0	41.0
38	38.546751039781796	40.0	38.0	41.0	34.0	41.0
39	38.48299704655066	40.0	38.0	41.0	34.0	41.0
40	38.41398237462025	40.0	37.0	41.0	34.0	41.0
41	38.35292310741078	40.0	37.0	41.0	34.0	41.0
42	38.22152039519719	40.0	37.0	41.0	33.0	41.0
43	38.186942205758264	40.0	37.0	41.0	33.0	41.0
44	38.10744514940014	40.0	37.0	41.0	33.0	41.0
45	38.030307101021414	40.0	36.0	41.0	33.0	41.0
46	37.94907879003895	40.0	36.0	41.0	33.0	41.0
47	37.84864019602165	40.0	36.0	41.0	33.0	41.0
48	37.75119296447997	39.0	36.0	41.0	33.0	41.0
49	37.6159575682602	39.0	35.0	41.0	33.0	41.0
50	37.50428985368296	39.0	35.0	41.0	33.0	41.0
51	37.37171356588528	39.0	35.0	41.0	33.0	41.0
>>END_MODULE
>>Per sequence quality scores	pass
#Quality	Count
22	1.0
23	3.0
24	12.0
25	125.0
26	1235.0
27	8697.0
28	41692.0
29	122191.0
30	229497.0
31	333220.0
32	440160.0
33	579874.0
34	798507.0
35	1223338.0
36	1696429.0
37	2495647.0
38	3971961.0
39	9525883.0
40	159655.0
>>END_MODULE
>>Per base sequence content	fail
#Base	G	A	T	C
1	37.56227249821494	9.244425095155027	11.896272848776965	41.297029557853065
2	25.45026668282464	9.928377061961953	31.94757456343769	32.673781691775716
3	24.332333539561702	15.349600083261949	22.404274766834874	37.91379161034148
4	27.465619191157884	21.532248261719566	19.13092150790496	31.871211039217588
5	28.0778035009689	25.538929006658783	22.317110492277024	24.06615700009529
6	25.33257015843919	28.468476825984062	22.29421412621886	23.904738889357883
7	20.077923638240634	23.729200560072663	35.4255729072319	20.7673028944548
8	22.882053218680028	21.559585578531536	29.592296688050084	25.966064514738353
9	22.157023742745853	19.73956503960619	30.71656895866083	27.386842258987127
10	22.579131065923306	31.514084631007883	24.546422781008328	21.360361522060487
11	26.621033801270748	25.427210603389426	21.241534494381998	26.710221100957828
12	24.830612921812563	21.6274192643668	25.357609119567133	28.184358694253508
13	24.498989597892766	24.148747839017545	25.553213404851256	25.79904915823843
14	24.017402464199964	24.005467335192392	26.150928027605815	25.826202173001832
15	24.47889767969332	23.620544144305082	25.376052138669504	26.524506037332102
16	25.33915409693128	23.565291960399644	24.2262911675302	26.869262775138875
17	24.86185089430738	24.25381318058185	24.355829577018078	26.52850634809269
18	24.49386230671913	23.89805350910532	24.52650070116308	27.081583483012466
19	25.24827155382394	23.655649072892075	23.751966187888403	27.344113185395578
20	25.304390931939793	23.64532685126994	24.41816383627082	26.632118380519447
21	24.642385389582405	23.466471058751402	24.57064602091225	27.32049753075394
22	25.38928123380603	24.079077329432337	23.44013633401717	27.091505102744463
23	25.034889483771018	24.442101801755136	24.10072637619467	26.422282338279174
24	24.68568773162862	23.939171799043663	24.197121656893966	27.178018812433752
25	25.453393165323014	23.986393923217918	23.41332073712498	27.14689217433409
26	25.131781019958733	24.168051166705425	23.907442209799196	26.79272560353665
27	24.58053634609998	23.72743951256434	24.442958346660205	27.249065794675474
28	25.387313884760093	23.83824271505674	23.6441566156726	27.130286784510567
29	25.12525877883631	24.027832074035054	24.093617394356478	26.753291752772157
30	24.719724402976595	23.696065133528165	24.277599446896208	27.30661101659903
31	25.33171779545499	23.861637030301903	23.519078257815494	27.287566916427615
32	24.951018216367483	24.251871211653903	24.177844534993845	26.61926603698477
33	24.537587588966566	23.733277364993263	24.518736765932136	27.210398280108034
34	25.347292143386486	24.116168825719328	23.318906685074037	27.217632345820146
35	25.27076958419809	24.213074542292972	23.93590690012843	26.58024897338051
36	24.929419276540553	23.835524139767877	23.859091092663114	27.375965491028452
37	25.41096749326639	23.910132379562448	23.118198913749538	27.560701213421623
38	25.168407426838655	24.123652909086616	23.722244165982502	26.985695498092234
39	24.6793203938717	23.77569558217203	24.0184562970325	27.52652772692377
40	25.296938076720863	24.04284801664512	23.08192401852279	27.578289888111218
41	25.067959979198374	24.158392529029374	23.788963193438203	26.98468429833405
42	24.760393888588133	23.90576142389012	23.867107714863568	27.46673697265818
43	25.26838545517243	24.0843179924188	23.193487796148794	27.453808756259978
44	25.016074980603676	24.042397925051876	23.923060118908232	27.018466975436212
45	24.76365269930203	23.653662726578588	23.88759753033777	27.695087043781612
46	25.54529059059187	23.799188049739346	23.111129310242283	27.544392049426502
47	25.300866843194946	23.948498657012433	23.732422040977504	27.018212458815118
48	24.629607901952923	23.719922382053372	23.79571933308027	27.854750382913434
49	25.71237850843114	23.61124423213239	23.081156325399746	27.595220934036725
50	25.621200257799227	24.0189887239471	23.59183564766729	26.767975370586388
51	25.140159686379786	23.767858189120233	23.602722871158978	27.489259253341004
>>END_MODULE
>>Per base GC content	fail
#Base	%GC
1	78.859302056068
2	58.124048374600356
3	62.24612514990318
4	59.33683023037547
5	52.14396050106419
6	49.237309047797076
7	40.845226532695435
8	48.84811773341838
9	49.54386600173299
10	43.93949258798379
11	53.33125490222857
12	53.01497161606606
13	50.298038756131206
14	49.8436046372018
15	51.00340371702542
16	52.20841687207015
17	51.390357242400064
18	51.5754457897316
19	52.592384739219526
20	51.936509312459236
21	51.96288292033635
22	52.48078633655049
23	51.4571718220502
24	51.863706544062374
25	52.600285339657106
26	51.92450662349538
27	51.82960214077546
28	52.51760066927066
29	51.87855053160847
30	52.02633541957562
31	52.61928471188261
32	51.57028425335225
33	51.7479858690746
34	52.56492448920663
35	51.8510185575786
36	52.30538476756901
37	52.971668706688014
38	52.15410292493089
39	52.20584812079547
40	52.875227964832085
41	52.05264427753242
42	52.22713086124631
43	52.7221942114324
44	52.034541956039895
45	52.45873974308364
46	53.08968264001837
47	52.31907930201006
48	52.48435828486636
49	53.30759944246787
50	52.38917562838561
51	52.629418939720786
>>END_MODULE
>>Per sequence GC content	pass
#GC Content	Count
0	60475.0
1	59026.5
2	56102.0
3	31915.5
4	6828.0
5	4275.0
6	4757.0
7	6141.0
8	7981.0
9	9226.5
10	11071.5
11	13266.5
12	13972.5
13	15219.5
14	17007.0
15	19492.5
16	21491.5
17	25141.0
18	29401.0
19	35739.5
20	41861.0
21	51868.0
22	62106.5
23	73486.0
24	85541.5
25	104607.5
26	141133.0
27	162811.0
28	197311.5
29	233096.5
30	278187.5
31	326174.5
32	379547.0
33	429569.0
34	496651.0
35	570060.0
36	660640.0
37	748309.0
38	842052.5
39	941409.0
40	1037931.0
41	1127025.0
42	1207408.0
43	1288798.5
44	1389201.0
45	1491905.0
46	1548075.5
47	1599898.0
48	1633447.5
49	1664993.5
50	1688231.5
51	1710369.5
52	1705124.0
53	1698554.0
54	1667442.5
55	1634758.0
56	1577272.0
57	1520782.5
58	1447398.0
59	1368638.5
60	1293350.0
61	1214710.0
62	1147857.0
63	1084645.5
64	1017328.5
65	946576.0
66	889595.0
67	840325.0
68	772868.0
69	698606.5
70	638966.5
71	580915.5
72	522473.5
73	464374.5
74	424240.5
75	349373.5
76	304769.0
77	275796.5
78	247403.0
79	218671.0
80	190795.5
81	169904.0
82	148827.0
83	133685.5
84	119253.5
85	107940.5
86	96068.0
87	88150.5
88	79830.5
89	72276.5
90	61670.0
91	52534.0
92	44001.5
93	34711.5
94	27367.0
95	21917.0
96	18584.0
97	16843.5
98	15501.0
99	14850.5
100	14407.0
>>END_MODULE
>>Per base N content	pass
#Base	N-Count
1	0.0
2	0.0
3	0.0
4	0.0
5	0.0
6	0.0
7	0.0
8	0.0
9	0.0
10	0.0
11	0.0
12	0.0
13	0.0
14	0.0
15	0.0
16	0.0
17	0.0
18	0.0
19	0.0
20	0.0
21	0.0
22	0.0
23	0.0
24	0.0
25	0.0
26	0.0
27	0.0
28	0.0
29	0.0
30	0.0
31	0.0
32	0.0
33	0.0
34	0.0
35	0.0
36	0.0
37	0.0
38	0.0
39	0.0
40	0.0
41	0.0
42	0.0
43	0.0
44	0.0
45	0.0
46	0.0
47	0.0
48	0.0
49	0.0
50	0.0
51	0.0
>>END_MODULE
>>Sequence Length Distribution	warn
#Length	Count
5	69067.0
6	68277.0
7	57820.0
8	68627.0
9	61293.0
10	69078.0
11	72522.0
12	66871.0
13	64217.0
14	72091.0
15	84714.0
16	64150.0
17	94533.0
18	66408.0
19	68181.0
20	67134.0
21	65716.0
22	60196.0
23	64290.0
24	62877.0
25	60836.0
26	64469.0
27	66347.0
28	62430.0
29	66145.0
30	66168.0
31	63244.0
32	65930.0
33	59628.0
34	61726.0
35	61852.0
36	63945.0
37	61296.0
38	61415.0
39	61348.0
40	57100.0
41	60098.0
42	56638.0
43	50780.0
44	31651.0
45	57333.0
46	77694.0
47	86142.0
48	55946.0
49	5604.0
50	0.0
51	1.87743E7
>>END_MODULE
>>Sequence Duplication Levels	fail
#Total Duplicate Percentage	71.26475882084449
#Duplication Level	Relative count
1	100.0
2	36.530652001258744
3	20.33776392489473
4	13.918151439317878
5	10.204846178052838
6	8.036503678839555
7	6.80472929435212
8	5.814214856218063
9	4.80571831028127
10++	93.24921702905608
>>END_MODULE
>>Overrepresented sequences	warn
#Sequence	Count	Percentage	Possible Source
ATATATATATATATATA	25847	0.11950641865567001	No Hit
>>END_MODULE
>>Kmer Content	warn
#Sequence	Count	Obs/Exp Overall	Obs/Exp Max	Max Obs/Exp Position
AAAAA	3357680	5.2671065	8.719639	10
TTCTT	3023835	3.4106438	6.363839	6
CAGCA	3186165	3.304033	4.6562614	9
CTTCT	3212545	3.1956632	5.279282	5
TTTTT	2405050	3.0758762	4.3017263	11
TCTTC	2937840	2.9224017	5.5855274	7
TCTTG	2256530	2.445167	5.2063384	7
CTCCT	2584485	2.2673538	7.3761573	1
TTGAA	1645810	2.194264	6.342032	7
TCCTC	2399430	2.105006	5.1122103	2
CTCCA	2273075	2.0772877	6.9986963	1
GCCAG	2129645	2.0367367	6.049379	1
TCCAG	2040295	2.0311007	5.2494893	2
GGCAG	1917270	1.9974071	5.265852	1
GTCCA	1599760	1.5925511	5.3116894	1
>>END_MODULE
