##FastQC	0.10.1
>>Basic Statistics	pass
#Measure	Value	
Filename	Sample_6_L002_poly_any.fastq	
File type	Conventional base calls	
Encoding	Sanger / Illumina 1.9	
Total Sequences	20141380	
Filtered Sequences	0	
Sequence length	20-39	
%GC	54	
>>END_MODULE
>>Per base sequence quality	pass
#Base	Mean	Median	Lower Quartile	Upper Quartile	10th Percentile	90th Percentile
1	37.61273373522569	39.0	37.0	39.0	35.0	39.0
2	38.96940626709789	41.0	38.0	41.0	35.0	41.0
3	38.94264201360582	41.0	38.0	41.0	35.0	41.0
4	38.915153529698564	41.0	38.0	41.0	35.0	41.0
5	38.90278794203773	40.0	38.0	41.0	35.0	41.0
6	38.89650158032865	40.0	38.0	41.0	35.0	41.0
7	38.92517394538011	40.0	39.0	41.0	35.0	41.0
8	38.84304466724723	40.0	38.0	41.0	35.0	41.0
9	38.845998387399476	40.0	38.0	41.0	35.0	41.0
10	38.85258398381839	40.0	38.0	41.0	35.0	41.0
11	38.82948258758834	40.0	38.0	41.0	35.0	41.0
12	38.807828361313874	40.0	38.0	41.0	34.0	41.0
13	38.77366535957318	40.0	38.0	41.0	34.0	41.0
14	38.7168959624415	40.0	38.0	41.0	34.0	41.0
15	38.66621711124064	40.0	38.0	41.0	34.0	41.0
16	38.62007638006929	40.0	38.0	41.0	34.0	41.0
17	38.570947621265276	40.0	38.0	41.0	34.0	41.0
18	38.53598998678343	40.0	38.0	41.0	34.0	41.0
19	38.49028909637771	40.0	38.0	41.0	34.0	41.0
20	38.435102510354305	40.0	38.0	41.0	34.0	41.0
21	38.37097231121649	40.0	38.0	41.0	34.0	41.0
22	38.31631604794954	40.0	38.0	41.0	33.0	41.0
23	38.24698383293215	40.0	38.0	41.0	33.0	41.0
24	38.04806871298104	40.0	37.0	41.0	33.0	41.0
25	38.051475190589905	40.0	37.0	41.0	33.0	41.0
26	38.00787460598553	40.0	37.0	41.0	33.0	41.0
27	37.937062797026215	40.0	37.0	41.0	33.0	41.0
28	37.858062615375005	40.0	37.0	41.0	33.0	41.0
29	37.788871130561446	40.0	36.0	41.0	33.0	41.0
30	37.65282488869629	40.0	36.0	41.0	33.0	41.0
31	37.61074449766569	40.0	36.0	41.0	33.0	41.0
32	37.52743107742685	40.0	35.0	41.0	32.0	41.0
33	37.45089114628784	39.0	35.0	41.0	32.0	41.0
34	37.36713720758476	39.0	35.0	41.0	32.0	41.0
35	37.27483809062739	39.0	35.0	41.0	32.0	41.0
36	37.184460283839	39.0	35.0	41.0	32.0	41.0
37	37.06985248179248	39.0	35.0	41.0	32.0	41.0
38	37.03671706608678	39.0	35.0	41.0	32.0	41.0
39	37.16865317800108	39.0	35.0	41.0	32.0	41.0
>>END_MODULE
>>Per sequence quality scores	pass
#Quality	Count
9	1.0
10	9.0
11	25.0
12	82.0
13	210.0
14	409.0
15	695.0
16	1317.0
17	2546.0
18	4278.0
19	7161.0
20	11703.0
21	18619.0
22	28092.0
23	40880.0
24	56605.0
25	76385.0
26	99466.0
27	126850.0
28	159303.0
29	194387.0
30	236456.0
31	287801.0
32	353069.0
33	441152.0
34	587964.0
35	785876.0
36	1084487.0
37	1552899.0
38	2221556.0
39	3429779.0
40	8324088.0
41	7230.0
>>END_MODULE
>>Per base sequence content	pass
#Base	G	A	T	C
1	25.554813026714157	23.47841607675343	24.79895121386916	26.16781968266325
2	25.243339830736524	23.260566058532238	24.989881527482225	26.50621258324901
3	25.961642151630127	22.742691910881977	24.180006533812477	27.11565940367542
4	26.509658226000404	22.96371450218406	23.21607556185326	27.310551709962276
5	26.191909392504385	23.231163902374117	23.25475712190525	27.322169583216244
6	26.050027356616077	22.97954261326682	23.074670156662553	27.89575987345455
7	26.48834886189526	22.832601341119627	22.66940001131998	28.00964978566513
8	26.70509170672516	22.531410459462062	23.208146611602583	27.555351222210195
9	26.192609443841487	22.451152800850785	23.1663272327914	28.189910522516332
10	26.645418536366428	23.14708326837585	22.484626177550894	27.72287201770683
11	26.33443686579569	23.387265420740782	22.91996874097008	27.358328972493446
12	26.28492188717953	22.914616575428298	22.880686427642992	27.919775109749185
13	26.7262322641249	23.131150894327995	22.414854394286788	27.727762447260318
14	26.51810352617348	23.05490984232461	22.785633357793756	27.64135327370816
15	26.214450052578325	22.727330500690616	23.04714969877933	28.011069747951726
16	26.734771897456877	22.897577027989144	22.596371251622283	27.771279822931692
17	26.48928226367806	22.90233837006203	22.893937754016854	27.71444161224305
18	26.2951297279531	22.715186347708052	22.865146280940035	28.12453764339881
19	26.69630879314128	22.89274617727286	22.490792587201074	27.920152442384783
20	26.379046520149068	23.098650638635483	22.954474817514985	27.567828023700464
21	26.216415941566474	22.686508060493455	23.05837073588232	28.03870526205775
22	26.77054171779304	23.108432790988722	22.25444530488959	27.866580186328648
23	26.767973254399436	22.998749337275793	22.74115082647638	27.492126581848385
24	26.748246415122296	22.7038251363905	22.37970672761821	28.168221720868996
25	26.99815483402419	22.829938645557522	21.93968553238106	28.23222098803723
26	26.722294206961934	22.837278999367857	22.463753126284217	27.97667366738599
27	26.563619502926926	22.526400127996876	22.458998941287096	28.450981427789095
28	26.823321629562002	22.877970601551972	21.908312103029896	28.390395665856126
29	26.68731137269119	22.76506003347177	22.537476759617096	28.010151834219936
30	26.621095799571926	22.66590880959129	22.18819716112392	28.524798229712868
31	26.9184474445323	22.92082002494937	21.93836619007621	28.22236634044212
32	26.631242704317625	22.67805303608662	22.51278615739788	28.177918102197875
33	26.588346782610696	22.424480940455695	22.327146304007503	28.660025972926107
34	27.31356381608327	22.531957421593212	21.77790397100752	28.376574791315996
35	27.41688632220296	22.49729635507621	21.85543652426026	28.23038079846057
36	26.55882440545603	22.23822334520445	22.069480029380873	29.13347221995865
37	26.87299768350242	21.96417232475187	21.59567873564847	29.56715125609724
38	28.67247314203265	20.54154900823606	21.223769613339265	29.562208236392017
39	27.198225818752725	22.436435368829493	20.91161815497075	29.45372065744703
>>END_MODULE
>>Per base GC content	pass
#Base	%GC
1	51.722632709377415
2	51.74955241398553
3	53.077301555305546
4	53.82020993596268
5	53.514078975720636
6	53.94578723007063
7	54.497998647560394
8	54.26044292893536
9	54.38251996635781
10	54.36829055407325
11	53.692765838289134
12	54.20469699692872
13	54.45399471138522
14	54.15945679988163
15	54.22551980053005
16	54.50605172038857
17	54.20372387592111
18	54.419667371351906
19	54.61646123552607
20	53.94687454384953
21	54.25512120362422
22	54.637121904121685
23	54.26009983624782
24	54.916468135991295
25	55.23037582206142
26	54.69896787434793
27	55.01460093071603
28	55.21371729541813
29	54.69746320691114
30	55.14589402928479
31	55.14081378497442
32	54.8091608065155
33	55.2483727555368
34	55.69013860739926
35	55.647267120663535
36	55.692296625414684
37	56.44014893959965
38	58.23468137842467
39	56.651946476199754
>>END_MODULE
>>Per sequence GC content	pass
#GC Content	Count
0	3212.0
1	2066.0
2	712.5
3	511.0
4	489.5
5	452.0
6	556.5
7	709.5
8	788.0
9	1071.0
10	1397.5
11	1556.0
12	2364.5
13	3369.0
14	4837.5
15	6374.5
16	7083.5
17	9901.5
18	13086.0
19	18371.5
20	23634.0
21	25175.5
22	34192.0
23	43980.0
24	59544.0
25	75309.0
26	78524.0
27	99710.5
28	124425.5
29	166629.0
30	208679.0
31	218589.5
32	283774.5
33	351249.5
34	365044.0
35	434900.0
36	507323.0
37	622744.5
38	742263.0
39	766226.5
40	892172.0
41	1018183.5
42	1142192.0
43	1270845.0
44	1295965.5
45	1417976.0
46	1539224.5
47	1648903.5
48	1752792.5
49	1761918.5
50	1835560.5
51	1906339.0
52	1908345.0
53	1907876.5
54	1907292.5
55	1847918.0
56	1781922.5
57	1763135.0
58	1678109.0
59	1595650.5
60	1479875.5
61	1362424.0
62	1346847.5
63	1239670.5
64	1128270.5
65	1035372.5
66	943586.5
67	927358.0
68	837823.5
69	749749.5
70	737425.0
71	654617.5
72	570023.5
73	497687.0
74	428186.5
75	419693.5
76	365838.0
77	312271.5
78	269099.5
79	226082.5
80	220258.0
81	187521.5
82	155718.5
83	131369.5
84	108023.5
85	105224.5
86	88447.5
87	72665.0
88	59960.0
89	47465.0
90	46510.0
91	37905.0
92	29709.0
93	28662.0
94	22263.0
95	16614.5
96	12217.0
97	7976.0
98	7703.0
99	5453.5
100	3477.0
>>END_MODULE
>>Per base N content	pass
#Base	N-Count
1	0.0
2	0.0
3	0.0
4	0.0
5	0.0
6	0.0
7	0.0
8	0.0
9	0.0
10	0.0
11	0.0
12	0.0
13	0.0
14	0.0
15	0.0
16	0.0
17	0.0
18	0.0
19	0.0
20	0.0
21	0.0
22	0.0
23	0.0
24	0.0
25	0.0
26	0.0
27	0.0
28	0.0
29	0.0
30	0.0
31	0.0
32	0.0
33	0.0
34	0.0
35	0.0
36	0.0
37	0.0
38	0.0
39	0.0
>>END_MODULE
>>Sequence Length Distribution	warn
#Length	Count
20	105758.0
21	98913.0
22	100026.0
23	102537.0
24	99056.0
25	104716.0
26	104900.0
27	102073.0
28	103623.0
29	113273.0
30	112839.0
31	106639.0
32	88991.0
33	166996.0
34	284511.0
35	552639.0
36	571338.0
37	328310.0
38	189748.0
39	1.6704494E7
>>END_MODULE
>>Sequence Duplication Levels	fail
#Total Duplicate Percentage	75.78076801227219
#Duplication Level	Relative count
1	100.0
2	40.9328743545611
3	24.00344234079174
4	16.74526678141136
5	12.516351118760758
6	10.06196213425129
7	8.296041308089501
8	7.091222030981067
9	6.027538726333907
10++	118.5593803786575
>>END_MODULE
>>Overrepresented sequences	pass
>>END_MODULE
>>Kmer Content	warn
#Sequence	Count	Obs/Exp Overall	Obs/Exp Max	Max Obs/Exp Position
CAGCA	2418345	3.2947094	3.6303232	27
>>END_MODULE
