##FastQC	0.10.1
>>Basic Statistics	pass
#Measure	Value	
Filename	Sample_5_L002_poly_any.fastq	
File type	Conventional base calls	
Encoding	Sanger / Illumina 1.9	
Total Sequences	16237856	
Filtered Sequences	0	
Sequence length	20-39	
%GC	54	
>>END_MODULE
>>Per base sequence quality	pass
#Base	Mean	Median	Lower Quartile	Upper Quartile	10th Percentile	90th Percentile
1	37.51109111941872	39.0	37.0	39.0	34.0	39.0
2	38.84374815246545	40.0	38.0	41.0	35.0	41.0
3	38.813923094280426	40.0	38.0	41.0	34.0	41.0
4	38.78480958323562	40.0	38.0	41.0	34.0	41.0
5	38.771835271848694	40.0	38.0	41.0	34.0	41.0
6	38.7637877192654	40.0	38.0	41.0	34.0	41.0
7	38.79414628384437	40.0	38.0	41.0	34.0	41.0
8	38.70852931569291	40.0	38.0	41.0	34.0	41.0
9	38.71219039015988	40.0	38.0	41.0	34.0	41.0
10	38.71729371168213	40.0	38.0	41.0	34.0	41.0
11	38.69362740992407	40.0	38.0	41.0	34.0	41.0
12	38.667478452820376	40.0	38.0	41.0	34.0	41.0
13	38.63346090764692	40.0	38.0	41.0	34.0	41.0
14	38.571957960459805	40.0	38.0	41.0	34.0	41.0
15	38.518195320860094	40.0	38.0	41.0	34.0	41.0
16	38.470206411486835	40.0	38.0	41.0	34.0	41.0
17	38.418126136849594	40.0	38.0	41.0	34.0	41.0
18	38.38275330191375	40.0	38.0	41.0	34.0	41.0
19	38.33680832001466	40.0	38.0	41.0	33.0	41.0
20	38.279043612654284	40.0	38.0	41.0	33.0	41.0
21	38.21482194354541	40.0	38.0	41.0	33.0	41.0
22	38.161592748660524	40.0	38.0	41.0	33.0	41.0
23	38.09076472614558	40.0	37.0	41.0	33.0	41.0
24	37.89020233539082	40.0	37.0	41.0	33.0	41.0
25	37.89093902569601	40.0	37.0	41.0	33.0	41.0
26	37.847660062809965	40.0	37.0	41.0	33.0	41.0
27	37.77642793108538	40.0	37.0	41.0	33.0	41.0
28	37.696493108115085	40.0	36.0	41.0	32.0	41.0
29	37.6276078795505	40.0	36.0	41.0	32.0	41.0
30	37.491231307463174	40.0	36.0	41.0	32.0	41.0
31	37.44898998752968	40.0	35.0	41.0	32.0	41.0
32	37.36559552938338	39.0	35.0	41.0	32.0	41.0
33	37.2905913199151	39.0	35.0	41.0	32.0	41.0
34	37.206679874116304	39.0	35.0	41.0	31.0	41.0
35	37.116673712499555	39.0	35.0	41.0	31.0	41.0
36	37.029675804204594	39.0	35.0	41.0	31.0	41.0
37	36.91821840585304	39.0	35.0	41.0	31.0	41.0
38	36.89336487466699	39.0	35.0	41.0	31.0	41.0
39	37.05181468696582	38.0	35.0	41.0	32.0	41.0
>>END_MODULE
>>Per sequence quality scores	pass
#Quality	Count
10	6.0
11	25.0
12	67.0
13	187.0
14	391.0
15	808.0
16	1390.0
17	2495.0
18	4150.0
19	7013.0
20	11572.0
21	18204.0
22	27080.0
23	38986.0
24	53419.0
25	71433.0
26	92687.0
27	116194.0
28	143015.0
29	173055.0
30	209362.0
31	251538.0
32	305487.0
33	377838.0
34	494760.0
35	653395.0
36	897482.0
37	1267620.0
38	1790838.0
39	2734989.0
40	6486732.0
41	5638.0
>>END_MODULE
>>Per base sequence content	pass
#Base	G	A	T	C
1	25.494923714066687	23.564601139460777	24.518938953517015	26.421536192955525
2	25.21196148062897	23.266624608569014	24.718331040748236	26.803082870053778
3	25.888146809529534	22.821405732382402	23.931847899131512	27.358599558956552
4	26.509620481915842	23.02587853962986	23.0020145516748	27.4624864267795
5	26.13385658796334	23.332710919471143	23.128749263449556	27.40468322911596
6	26.027149150725315	23.055285131239	22.955512107017086	27.9620536110186
7	26.398054028807742	22.936513293380603	22.634558404754916	28.03087427305674
8	26.614209412868302	22.68506384094058	23.182075269050298	27.518651477140825
9	26.152861560048322	22.558390713650866	23.09364610697373	28.195101619327083
10	26.620608040864507	23.35696904813049	22.309909633390024	27.712513277614974
11	26.333020812599887	23.540817211336275	22.775149625664866	27.351012350398967
12	26.247036554579616	23.066351863201646	22.71060292688887	27.976008655329863
13	26.676871626401912	23.259874949008047	22.314220547343197	27.749032877246847
14	26.471721389818953	23.15577869393595	22.701611592072254	27.67088832417285
15	26.224816872375268	22.8192318000603	22.948922567117236	28.007028760447195
16	26.725997570122555	23.063716047241705	22.451375353987622	27.758911028648114
17	26.439358742927638	23.05219974853823	22.789880634487705	27.718560874046428
18	26.248748603263877	22.86837006067796	22.742097232541045	28.140784103517113
19	26.699602459832132	23.017786338294908	22.328939239269026	27.95367196260393
20	26.32862983881616	23.19286487083024	22.894247861294005	27.5842574290596
21	26.23410833821241	22.76421420171922	22.95248575162	28.049191708448372
22	26.778682101460603	23.172988745518072	22.118030420855693	27.93029873216563
23	26.74620844603413	23.113283701508212	22.64656931586234	27.493938536595312
24	26.76887674888003	22.744190480478483	22.247378825835213	28.23955394480628
25	26.985350790067265	22.956069056822876	21.817384147128465	28.241196005981394
26	26.691305801485456	22.94032417731204	22.404951739075475	27.963418282127034
27	26.546294621947865	22.60618948517229	22.356676543074194	28.490839349805658
28	26.81850663107686	23.015918798504835	21.825734739966663	28.33983983045164
29	26.65068336277966	22.878685651312853	22.464738361724915	28.00589262418257
30	26.609933769025528	22.761539578586866	22.125498714007392	28.50302793838021
31	26.9432570903635	22.996097321070348	21.814809106276982	28.24583648228917
32	26.581003298259944	22.783254057405436	22.463526991456344	28.172215652878275
33	26.596023581229417	22.511963322081147	22.2500282119541	28.64198488473534
34	27.35294866736282	22.567943980927293	21.688428911326827	28.39067844038306
35	27.423516609606143	22.580907203165378	21.764001265880626	28.231574921347857
36	26.58885967576929	22.310683272753938	21.930977894630256	29.169479156846517
37	26.839648501158663	22.070477313347432	21.455702213886106	29.6341719716078
38	28.603077856136338	20.700126339528374	21.078813711206166	29.617982093129125
39	27.13452245568139	22.545714710044216	20.80583319305216	29.51392964122223
>>END_MODULE
>>Per base GC content	pass
#Base	%GC
1	51.91645990702221
2	52.01504435068275
3	53.246746368486086
4	53.97210690869534
5	53.5385398170793
6	53.98920276174392
7	54.42892830186449
8	54.13286089000913
9	54.347963179375405
10	54.333121318479485
11	53.68403316299886
12	54.22304520990948
13	54.42590450364876
14	54.142609713991796
15	54.23184563282246
16	54.48490859877067
17	54.15791961697406
18	54.389532706781
19	54.65327442243606
20	53.91288726787577
21	54.283300046660784
22	54.70898083362624
23	54.24014698262945
24	55.00843069368631
25	55.22654679604866
26	54.654724083612486
27	55.03713397175352
28	55.158346461528495
29	54.65657598696223
30	55.11296170740574
31	55.189093572652666
32	54.753218951138216
33	55.23800846596475
34	55.74362710774587
35	55.655091530953996
36	55.758338832615806
37	56.473820472766455
38	58.22105994926547
39	56.648452096903625
>>END_MODULE
>>Per sequence GC content	pass
#GC Content	Count
0	5472.0
1	3880.5
2	1782.0
3	1271.0
4	1241.5
5	1159.0
6	1193.5
7	1250.5
8	1246.5
9	1562.5
10	1900.0
11	2027.5
12	2882.0
13	3931.0
14	5417.5
15	6953.5
16	7599.5
17	10168.5
18	13159.5
19	18060.0
20	22855.0
21	24233.5
22	31565.5
23	39379.0
24	52535.5
25	66108.0
26	69258.5
27	87075.5
28	107440.5
29	141386.0
30	175033.5
31	182913.5
32	234456.0
33	287994.5
34	299105.0
35	354458.0
36	412114.0
37	503749.0
38	598302.5
39	617114.5
40	714664.5
41	812398.5
42	912127.0
43	1015709.5
44	1035997.5
45	1129266.0
46	1221751.0
47	1311984.5
48	1397393.5
49	1404612.0
50	1464186.0
51	1521081.0
52	1522824.5
53	1524819.5
54	1526342.0
55	1481070.5
56	1430728.5
57	1415971.0
58	1353030.5
59	1292753.0
60	1197878.0
61	1100295.5
62	1086927.5
63	1001506.5
64	913084.0
65	839356.0
66	766125.5
67	752673.0
68	679493.5
69	607544.5
70	597403.5
71	529511.0
72	460510.5
73	404157.0
74	349581.0
75	342327.0
76	299099.5
77	256225.5
78	221822.5
79	187633.5
80	182909.5
81	155970.5
82	129912.0
83	110129.5
84	91042.0
85	88558.5
86	74471.5
87	61277.5
88	50901.5
89	40738.0
90	39914.5
91	32372.0
92	25211.0
93	24298.5
94	18985.0
95	14313.5
96	10519.0
97	6864.0
98	6661.5
99	4740.5
100	3022.0
>>END_MODULE
>>Per base N content	pass
#Base	N-Count
1	0.0
2	0.0
3	0.0
4	0.0
5	0.0
6	0.0
7	0.0
8	0.0
9	0.0
10	0.0
11	0.0
12	0.0
13	0.0
14	0.0
15	0.0
16	0.0
17	0.0
18	0.0
19	0.0
20	0.0
21	0.0
22	0.0
23	0.0
24	0.0
25	0.0
26	0.0
27	0.0
28	0.0
29	0.0
30	0.0
31	0.0
32	0.0
33	0.0
34	0.0
35	0.0
36	0.0
37	0.0
38	0.0
39	0.0
>>END_MODULE
>>Sequence Length Distribution	warn
#Length	Count
20	87248.0
21	81632.0
22	82325.0
23	84045.0
24	81548.0
25	85657.0
26	85311.0
27	83086.0
28	84598.0
29	91571.0
30	92113.0
31	89187.0
32	74107.0
33	136822.0
34	226281.0
35	452275.0
36	464414.0
37	269231.0
38	166928.0
39	1.3419477E7
>>END_MODULE
>>Sequence Duplication Levels	fail
#Total Duplicate Percentage	74.74023392547025
#Duplication Level	Relative count
1	100.0
2	45.160862794473346
3	24.977634935886815
4	16.642921043040324
5	11.944600907855936
6	9.462907127000431
7	7.854279182266989
8	6.550478778039164
9	5.730426427222425
10++	103.01017196249296
>>END_MODULE
>>Overrepresented sequences	pass
>>END_MODULE
>>Kmer Content	warn
#Sequence	Count	Obs/Exp Overall	Obs/Exp Max	Max Obs/Exp Position
CAGCA	1954775	3.2685623	3.5995102	27
>>END_MODULE
