##FastQC	0.10.1
>>Basic Statistics	pass
#Measure	Value	
Filename	Sample_3_L001_trimmed.fastq	
File type	Conventional base calls	
Encoding	Sanger / Illumina 1.9	
Total Sequences	14915891	
Filtered Sequences	0	
Sequence length	5-51	
%GC	52	
>>END_MODULE
>>Per base sequence quality	pass
#Base	Mean	Median	Lower Quartile	Upper Quartile	10th Percentile	90th Percentile
1	32.47994799640196	34.0	31.0	34.0	31.0	34.0
2	32.69430589161586	34.0	31.0	34.0	31.0	34.0
3	32.77008185431229	34.0	31.0	34.0	31.0	34.0
4	36.18652657089007	37.0	35.0	37.0	35.0	37.0
5	36.26129515159369	37.0	37.0	37.0	35.0	37.0
6	36.16885807982438	37.0	36.0	37.0	35.0	37.0
7	36.14020206654365	37.0	35.0	37.0	35.0	37.0
8	36.14823149620212	37.0	36.0	37.0	35.0	37.0
9	37.916513221150666	39.0	38.0	39.0	35.0	39.0
10	37.93366603659532	39.0	38.0	39.0	35.0	39.0
11	37.936591530702465	39.0	38.0	39.0	35.0	39.0
12	37.929114666511644	39.0	38.0	39.0	35.0	39.0
13	37.82528599907536	39.0	38.0	39.0	35.0	39.0
14	39.26128363115138	41.0	39.0	41.0	36.0	41.0
15	39.22967341302228	41.0	39.0	41.0	36.0	41.0
16	39.17954440035947	41.0	39.0	41.0	36.0	41.0
17	39.192297973218395	41.0	39.0	41.0	36.0	41.0
18	39.198346170167966	41.0	39.0	41.0	36.0	41.0
19	39.23874087086613	41.0	39.0	41.0	36.0	41.0
20	39.23367362853183	41.0	39.0	41.0	36.0	41.0
21	39.199520496287846	41.0	39.0	41.0	36.0	41.0
22	39.104859066110116	40.0	39.0	41.0	36.0	41.0
23	39.11348983489521	40.0	39.0	41.0	35.0	41.0
24	39.14454052904326	41.0	39.0	41.0	35.0	41.0
25	39.125233586263114	40.0	39.0	41.0	35.0	41.0
26	39.08700642988806	40.0	38.0	41.0	35.0	41.0
27	39.05119443229861	40.0	38.0	41.0	35.0	41.0
28	39.028253117691335	40.0	38.0	41.0	35.0	41.0
29	38.984467857855755	40.0	38.0	41.0	35.0	41.0
30	38.957633767745996	40.0	38.0	41.0	35.0	41.0
31	38.884575182187916	40.0	38.0	41.0	35.0	41.0
32	38.85080732205026	40.0	38.0	41.0	35.0	41.0
33	38.80933477392306	40.0	38.0	41.0	35.0	41.0
34	38.756333252665115	40.0	38.0	41.0	35.0	41.0
35	38.69007983429107	40.0	38.0	41.0	35.0	41.0
36	38.63288860386121	40.0	38.0	41.0	34.0	41.0
37	38.57291411880307	40.0	38.0	41.0	34.0	41.0
38	38.511889564429595	40.0	38.0	41.0	34.0	41.0
39	38.43276823695612	40.0	37.0	41.0	34.0	41.0
40	38.33503316819085	40.0	37.0	41.0	34.0	41.0
41	38.254283449610355	40.0	37.0	41.0	33.0	41.0
42	38.16724786510851	40.0	37.0	41.0	33.0	41.0
43	38.09857491927105	40.0	37.0	41.0	33.0	41.0
44	38.002860501896606	40.0	36.0	41.0	33.0	41.0
45	37.92633523040013	40.0	36.0	41.0	33.0	41.0
46	37.84113519857055	40.0	36.0	41.0	33.0	41.0
47	37.734033032116606	39.0	35.0	41.0	33.0	41.0
48	37.62141117925414	39.0	35.0	41.0	33.0	41.0
49	37.49925723193404	39.0	35.0	41.0	33.0	41.0
50	37.37528109764778	39.0	35.0	41.0	33.0	41.0
51	37.21766796306712	39.0	35.0	41.0	32.0	41.0
>>END_MODULE
>>Per sequence quality scores	pass
#Quality	Count
24	13.0
25	118.0
26	972.0
27	6609.0
28	30440.0
29	87897.0
30	164637.0
31	238714.0
32	319055.0
33	422191.0
34	584582.0
35	894853.0
36	1246640.0
37	1799075.0
38	2711278.0
39	6288865.0
40	119952.0
>>END_MODULE
>>Per base sequence content	fail
#Base	G	A	T	C
1	36.803855699937735	10.841719076654556	12.165783458728681	40.188641764679026
2	24.360763966430167	10.358610156108005	31.21668695487249	34.06393892258934
3	24.65225174949321	16.920873181494823	20.541394409492533	37.88548065951943
4	27.37651408152554	21.343880831523908	19.339689462734743	31.939915624215807
5	27.767037182022854	26.66346918196171	20.784812653833416	24.78468098218202
6	25.615940664378183	28.697345554132724	21.90863454895673	23.778079232532363
7	20.01341937747312	25.895836214777507	32.86182898895887	21.2289154187905
8	22.732565761569486	21.923418434034005	29.053059375668433	26.29095642872808
9	21.90047691782466	21.454034441418624	29.08561537097578	27.559873269780933
10	22.34838848601436	31.272425619525922	24.787209701329303	21.591976193130414
11	26.154411196877586	26.662953601778778	20.22283442045291	26.95980078089073
12	24.666144197188537	21.551516349748162	25.416935853617872	28.365403599445425
13	24.2403756287082	25.287127188651564	24.3641035176017	26.108393665038538
14	23.786574989922148	23.67165638368709	26.160508518289827	26.381260108100935
15	24.37178672039149	24.518656693364555	24.168298535972173	26.941258050271777
16	25.15741086074993	23.358165940726817	24.269519020136748	27.214904178386508
17	24.63564002830367	24.792693282002013	23.584520116499807	26.987146573194508
18	24.48802672395788	23.817481408661305	24.268843434831222	27.425648432549593
19	25.06007815374304	24.19221717438506	23.19278514474447	27.55491952712743
20	25.203907666688437	23.70865734539766	24.055255232105594	27.032179755808304
21	24.795034256864138	23.82564954547984	23.872959661716198	27.506356535939823
22	25.474300476693863	24.29658833699936	22.987132054349026	27.24197913195775
23	25.064015993996847	24.729820175661487	23.366387449311436	26.839776381030234
24	24.843792390707485	24.064421938156503	23.588054384542094	27.50373128659392
25	25.407088308542647	24.288131100174517	22.86371479279644	27.4410657984864
26	25.08953216087259	24.120847409469153	23.4105538360222	27.379066593636054
27	24.68888106166046	23.87732392351788	23.751232825000134	27.682562189821525
28	25.341940458302055	23.96434636592809	23.165286508805995	27.528426666963856
29	25.168298399295224	24.173828251124966	23.444833060785417	27.21304028879439
30	24.80630196551506	23.82271038781826	23.61355666289353	27.75743098377315
31	25.37573746959832	24.045990984596383	22.896260801700148	27.682010744105153
32	24.9400677061594	24.281040974955616	23.62121170350388	27.1576796153811
33	24.73738721723376	23.816547413957302	23.830331570467195	27.61573379834174
34	25.399060878378155	24.158540266252977	22.85571617072665	27.586682684642216
35	25.274632451841896	24.289310372816583	23.33959122790514	27.09646594743639
36	24.998634144814364	23.84200690257306	23.308232201100843	27.851126751511735
37	25.492987071498412	23.979480601208238	22.605853729830734	27.921678597462613
38	25.130848935885176	24.1543883021926	23.160168881895434	27.55459388002679
39	24.821839758860616	23.89041897527914	23.38459413920449	27.90314712665576
40	25.320473452493975	24.18230846950858	22.595645236749107	27.901572841248335
41	25.101417797464254	24.217482671538377	23.238428124049847	27.44267140694752
42	24.95090928114876	23.94129273567742	23.202132189461008	27.905665793712814
43	25.3451040068696	24.205854304666307	22.680097339836493	27.7689443486276
44	25.039249813491608	24.076759370143876	23.350742838705905	27.533247977658608
45	24.889873010623543	23.719286917804528	23.197975679810572	28.19286439176135
46	25.530244674943187	23.894065973683745	22.65931653808355	27.916372813289513
47	25.33261284936507	23.96173141627581	23.138638090924818	27.567017643434298
48	24.742966690794944	23.820185088975233	23.131990314116415	28.304857906113412
49	25.782921871858548	23.743264393397727	22.497754308285835	27.976059426457894
50	25.647724271520016	24.048921782951364	22.971625306344826	27.331728639183794
51	25.355413272987683	23.83559978166382	22.88864063477006	27.920346310578438
>>END_MODULE
>>Per base GC content	fail
#Base	%GC
1	76.99249746461676
2	58.4247028890195
3	62.53773240901265
4	59.31642970574135
5	52.55171816420487
6	49.39401989691055
7	41.24233479626363
8	49.02352219029756
9	49.4603501876056
10	43.94036467914477
11	53.11421197776831
12	53.03154779663397
13	50.34876929374674
14	50.16783509802308
15	51.313044770663275
16	52.37231503913644
17	51.622786601498184
18	51.91367515650748
19	52.61499768087047
20	52.236087422496745
21	52.30139079280396
22	52.71627960865162
23	51.90379237502708
24	52.34752367730141
25	52.848154107029046
26	52.46859875450865
27	52.371443251481985
28	52.870367125265915
29	52.38133868808962
30	52.56373294928821
31	53.05774821370347
32	52.0977473215405
33	52.353121015575496
34	52.98574356302037
35	52.37109839927828
36	52.8497608963261
37	53.41466566896103
38	52.68544281591196
39	52.724986885516365
40	53.22204629374231
41	52.54408920441177
42	52.85657507486158
43	53.114048355497204
44	52.57249779115022
45	53.08273740238489
46	53.446617488232704
47	52.899630492799375
48	53.047824596908356
49	53.75898129831644
50	52.979452910703806
51	53.27575958356612
>>END_MODULE
>>Per sequence GC content	warn
#GC Content	Count
0	283077.0
1	278659.0
2	257247.0
3	154997.5
4	44836.0
5	13926.5
6	7640.0
7	7205.5
8	7334.0
9	7323.5
10	7830.5
11	9046.5
12	9443.5
13	10120.5
14	11265.0
15	13007.0
16	14435.0
17	16941.5
18	19921.0
19	24297.0
20	28499.5
21	35561.5
22	42868.5
23	50772.5
24	58999.5
25	71782.5
26	95213.5
27	108615.5
28	130072.5
29	152031.5
30	180441.0
31	211045.0
32	246058.0
33	278840.0
34	321901.0
35	368867.5
36	427487.0
37	484249.0
38	540946.5
39	601156.0
40	658935.5
41	712483.0
42	767430.0
43	822331.0
44	881083.5
45	942461.0
46	981449.0
47	1017182.5
48	1046083.0
49	1073442.5
50	1094384.0
51	1114835.5
52	1115344.0
53	1115125.5
54	1102413.5
55	1088809.0
56	1058634.5
57	1029829.5
58	992209.5
59	950931.5
60	906591.5
61	860124.0
62	812130.5
63	766301.0
64	723427.5
65	677708.0
66	640454.5
67	608662.0
68	564276.5
69	515510.0
70	474594.5
71	433495.5
72	393311.0
73	353179.5
74	324374.5
75	270175.0
76	237591.0
77	216635.0
78	195776.5
79	174259.5
80	153635.5
81	137887.5
82	121856.0
83	109819.5
84	98416.0
85	88723.0
86	78564.0
87	71967.0
88	64933.5
89	58261.0
90	49757.0
91	42664.0
92	35731.5
93	28316.5
94	22047.0
95	17440.0
96	14679.5
97	13209.5
98	12020.5
99	11417.0
100	11037.0
>>END_MODULE
>>Per base N content	pass
#Base	N-Count
1	0.0
2	0.0
3	0.0
4	0.0
5	0.0
6	0.0
7	0.0
8	0.0
9	0.0
10	0.0
11	0.0
12	0.0
13	0.0
14	0.0
15	0.0
16	0.0
17	0.0
18	0.0
19	0.0
20	0.0
21	0.0
22	0.0
23	0.0
24	0.0
25	0.0
26	0.0
27	0.0
28	0.0
29	0.0
30	0.0
31	0.0
32	0.0
33	0.0
34	0.0
35	0.0
36	0.0
37	0.0
38	0.0
39	0.0
40	0.0
41	0.0
42	0.0
43	0.0
44	0.0
45	0.0
46	0.0
47	0.0
48	0.0
49	0.0
50	0.0
51	0.0
>>END_MODULE
>>Sequence Length Distribution	warn
#Length	Count
5	47251.0
6	46790.0
7	39128.0
8	46221.0
9	42927.0
10	47991.0
11	58447.0
12	49589.0
13	75137.0
14	57151.0
15	100814.0
16	46224.0
17	114807.0
18	47608.0
19	85911.0
20	46708.0
21	49855.0
22	40627.0
23	50395.0
24	42069.0
25	47187.0
26	42952.0
27	51324.0
28	42392.0
29	47978.0
30	44631.0
31	46508.0
32	43318.0
33	42307.0
34	41282.0
35	41984.0
36	41986.0
37	41661.0
38	39897.0
39	40814.0
40	37313.0
41	40962.0
42	37710.0
43	34088.0
44	20265.0
45	39078.0
46	52879.0
47	57937.0
48	36007.0
49	3978.0
50	0.0
51	1.2763803E7
>>END_MODULE
>>Sequence Duplication Levels	fail
#Total Duplicate Percentage	73.8820823750784
#Duplication Level	Relative count
1	100.0
2	51.85315636957461
3	26.286802965050192
4	16.33819503370103
5	11.256624133459278
6	8.677414706777029
7	7.172475624789869
8	5.8948784041241735
9	4.99991995004883
10++	87.72033749059413
>>END_MODULE
>>Overrepresented sequences	warn
#Sequence	Count	Percentage	Possible Source
ATATATATATATATATA	67259	0.45092177195448796	No Hit
ATATATATATATATA	53268	0.3571224809835363	No Hit
ATATATATATATATATATA	43473	0.2914542617668633	No Hit
ATATATATATATA	33621	0.22540389977373795	No Hit
>>END_MODULE
>>Kmer Content	fail
#Sequence	Count	Obs/Exp Overall	Obs/Exp Max	Max Obs/Exp Position
ATATA	2720470	5.836784	26.354342	7
AAAAA	2505155	5.386996	8.367123	10
TATAT	2385130	5.111526	25.893806	6
TTCTT	1989740	3.6063292	6.2855787	6
CTTCT	2178080	3.3462286	5.360205	5
CAGCA	2300285	3.3210335	4.5642734	9
TTTTT	1525200	3.261242	4.408968	11
TCTTC	1964715	3.0184321	5.3277173	7
CTCCT	1814605	2.3630702	6.646159	1
GCCAG	1580975	2.1377301	6.3564134	1
CTCCA	1579260	2.0589197	6.669178	1
GGCAG	1375905	2.0579317	5.1177125	1
TTGAA	1019925	2.0494354	5.7819037	7
TCCAG	1417775	2.044597	5.1572533	2
GTCCA	1112030	1.6036773	5.0805774	1
>>END_MODULE
