##FastQC	0.10.1
>>Basic Statistics	pass
#Measure	Value	
Filename	Sample_6_L001_trimmed.fastq	
File type	Conventional base calls	
Encoding	Sanger / Illumina 1.9	
Total Sequences	22851589	
Filtered Sequences	0	
Sequence length	20-51	
%GC	52	
>>END_MODULE
>>Per base sequence quality	pass
#Base	Mean	Median	Lower Quartile	Upper Quartile	10th Percentile	90th Percentile
1	32.376827624547246	34.0	31.0	34.0	30.0	34.0
2	32.58613429464358	34.0	31.0	34.0	31.0	34.0
3	32.676850655768405	34.0	31.0	34.0	31.0	34.0
4	36.01357717399871	37.0	35.0	37.0	35.0	37.0
5	36.123546025617735	37.0	35.0	37.0	35.0	37.0
6	36.00014773589705	37.0	35.0	37.0	35.0	37.0
7	35.96872488823425	37.0	35.0	37.0	35.0	37.0
8	35.96758155417551	37.0	35.0	37.0	35.0	37.0
9	37.66201584493752	39.0	37.0	39.0	35.0	39.0
10	37.6848418287236	39.0	38.0	39.0	35.0	39.0
11	37.701447238526825	39.0	38.0	39.0	35.0	39.0
12	37.684505878343955	39.0	38.0	39.0	35.0	39.0
13	37.57225473467075	39.0	37.0	39.0	35.0	39.0
14	38.92778567827384	41.0	38.0	41.0	35.0	41.0
15	38.89694983574228	40.0	38.0	41.0	35.0	41.0
16	38.825859855960125	40.0	38.0	41.0	35.0	41.0
17	38.84561550621272	40.0	38.0	41.0	35.0	41.0
18	38.85008193522122	40.0	38.0	41.0	35.0	41.0
19	38.89006541295662	40.0	38.0	41.0	35.0	41.0
20	38.879508379045326	40.0	38.0	41.0	35.0	41.0
21	38.8427399583688	40.0	38.0	41.0	35.0	41.0
22	38.7470687940228	40.0	38.0	41.0	34.0	41.0
23	38.74987921642154	40.0	38.0	41.0	34.0	41.0
24	38.77697392549394	40.0	38.0	41.0	34.0	41.0
25	38.754419443027224	40.0	38.0	41.0	34.0	41.0
26	38.69299075032535	40.0	38.0	41.0	34.0	41.0
27	38.645450908140866	40.0	38.0	41.0	34.0	41.0
28	38.615857656880124	40.0	38.0	41.0	34.0	41.0
29	38.57135399719191	40.0	38.0	41.0	34.0	41.0
30	38.54257663189915	40.0	38.0	41.0	34.0	41.0
31	38.464402148188924	40.0	38.0	41.0	34.0	41.0
32	38.430601920853704	40.0	38.0	41.0	34.0	41.0
33	38.38871941522284	40.0	38.0	41.0	34.0	41.0
34	38.333169659265316	40.0	38.0	41.0	33.0	41.0
35	38.26598232087455	40.0	38.0	41.0	33.0	41.0
36	38.211521675829076	40.0	38.0	41.0	33.0	41.0
37	38.152193586437065	40.0	37.0	41.0	33.0	41.0
38	38.09502930610917	40.0	37.0	41.0	33.0	41.0
39	38.020542792040104	40.0	37.0	41.0	33.0	41.0
40	37.92839746085422	40.0	37.0	41.0	33.0	41.0
41	37.850297423835016	40.0	37.0	41.0	33.0	41.0
42	37.77081626752176	40.0	36.0	41.0	33.0	41.0
43	37.71311509774322	40.0	36.0	41.0	33.0	41.0
44	37.627156127574345	40.0	36.0	41.0	33.0	41.0
45	37.56133094308029	40.0	36.0	41.0	32.0	41.0
46	37.489520023479976	39.0	35.0	41.0	32.0	41.0
47	37.40558584819121	39.0	35.0	41.0	32.0	41.0
48	37.320550293155996	39.0	35.0	41.0	32.0	41.0
49	37.23929856904858	39.0	35.0	41.0	32.0	41.0
50	37.21284748048409	39.0	35.0	41.0	32.0	41.0
51	37.33525167612507	39.0	35.0	41.0	32.0	41.0
>>END_MODULE
>>Per sequence quality scores	pass
#Quality	Count
9	1.0
10	2.0
11	9.0
12	17.0
13	73.0
14	127.0
15	306.0
16	546.0
17	1030.0
18	1929.0
19	3541.0
20	6677.0
21	11970.0
22	19673.0
23	32535.0
24	50306.0
25	74316.0
26	105288.0
27	141911.0
28	183869.0
29	232269.0
30	290656.0
31	361577.0
32	452432.0
33	575166.0
34	772627.0
35	1069087.0
36	1571434.0
37	2430060.0
38	3898498.0
39	1.0188155E7
40	375492.0
41	10.0
>>END_MODULE
>>Per base sequence content	fail
#Base	G	A	T	C
1	38.119688775287884	9.62865302885286	11.696497878958874	40.555160316900384
2	25.990756173407455	10.65998744319758	30.238604189798952	33.11065219359601
3	24.45935378935793	15.771686599124463	21.248557376031926	38.520402235485676
4	26.548185622810983	22.05891774348461	19.206905883302287	32.18599075040211
5	27.9765038083003	25.294806260919124	22.35801423038008	24.370675700400493
6	25.83182432024394	28.374812595015314	21.901916628959572	23.891446455781175
7	20.38533075314806	23.655155884345724	35.20728471004795	20.75222865245826
8	23.189962851161027	21.596651331336304	28.957548641365815	26.255837176136854
9	22.965456314498258	19.739929648646708	29.986955828798926	27.307658208056107
10	23.03980025544834	31.517570311418634	24.22082982682997	21.221799606303055
11	26.906369756657185	25.310451615794253	21.150182035807816	26.632996591740742
12	25.479358466322477	21.913423612450984	24.607399791706662	27.999818129519877
13	24.830662078725084	24.179597511707875	25.435804052574763	25.55393635699228
14	24.497650775440807	24.040811527148907	25.64288434634922	25.81865335106106
15	25.160539164256807	23.56611174829024	24.848989713581844	26.424359373871116
16	25.695286481046203	23.813625732855513	23.944103796477336	26.546983989620948
17	25.290611158097885	24.17664894375151	24.011478767138364	26.521261131012235
18	25.123147902156646	24.032007054914832	23.965000767780374	26.87984427514816
19	25.59028282848439	23.803172891091858	23.609947807565934	26.996596472857814
20	25.670905292963038	23.608785840947757	24.134491146478847	26.58581771961036
21	25.289294189398593	23.558093585252333	23.99723397223364	27.155378253115437
22	25.760121848850943	24.278671557591817	23.284815386192452	26.676391207364787
23	25.429191322155198	24.417927066300585	23.778433243855822	26.374448367688398
24	25.3386459171825	24.024642580917902	23.690552045753986	26.94615945614561
25	25.807756729231695	24.129464562311224	23.25058453709728	26.8121941713598
26	25.584091782664046	24.10463769538901	23.592910752826	26.71835976912094
27	25.294855848495178	23.785123124254806	23.869599163885617	27.0504218633644
28	25.80648679962193	23.95245775188623	23.431534067114058	26.80952138137778
29	25.579529954874868	23.904244783638937	23.773021939726956	26.743203321759236
30	25.354995172227788	23.72748710238799	23.74174146408902	27.175776261295205
31	25.690443119239475	23.936788748626206	23.399809451324735	26.972958680809583
32	25.327732807506703	24.218887256688003	23.869973632688872	26.58340630311642
33	25.219357413231425	23.85042265107793	23.942127189288566	26.988092746402074
34	25.7222618073556	24.24534776505611	23.217128736919786	26.8152616906685
35	25.73376566613936	24.160896086306792	23.640878266548203	26.46445998100565
36	25.578363530457278	23.861142742683867	23.367228126961194	27.193265599897664
37	25.802629728003325	24.028208765999874	22.97260025012016	27.196561255876645
38	25.586501280006235	24.0549486259464	23.437456658683377	26.921093435363986
39	25.40603790651478	23.807691063278657	23.478713007748503	27.30755802245806
40	25.628783131722205	24.13358579352399	22.971249812760547	27.26638126199326
41	25.532607519523154	24.07891510749635	23.4767032411562	26.911774131824295
42	25.435247325897553	23.927747352278043	23.330704077720444	27.30630124410396
43	25.628274860008293	24.210206993040835	23.105645754712313	27.055872392238555
44	25.351356671656617	24.005293503872053	23.662410417694502	26.980939406776827
45	25.32095553987751	23.76144044820743	23.426153713503258	27.491450298411802
46	25.895953614436678	23.891243562143348	23.050133807902775	27.1626690155172
47	25.789453516427365	23.990776703205817	23.340741041009707	26.879028739357114
48	24.982799863762907	23.969286945334844	23.500921126970358	27.546992063931892
49	25.000071573836628	23.98715863782152	23.2455844253115	27.76718536303035
50	26.164112046453535	23.188652620310446	23.455950469331814	27.1912848639042
51	25.547321613449054	24.229067747723583	22.52600200259243	27.69760863623493
>>END_MODULE
>>Per base GC content	fail
#Base	%GC
1	78.67484909218827
2	59.10140836700347
3	62.97975602484362
4	58.734176373213096
5	52.34717950870079
6	49.72327077602511
7	41.137559405606325
8	49.44580002729788
9	50.273114522554366
10	44.26159986175139
11	53.539366348397934
12	53.47917659584235
13	50.384598435717365
14	50.316304126501876
15	51.58489853812792
16	52.24227047066715
17	51.81187228911013
18	52.0029921773048
19	52.58687930134221
20	52.25672301257339
21	52.444672442514026
22	52.43651305621573
23	51.80363968984359
24	52.28480537332811
25	52.6199509005915
26	52.30245155178499
27	52.34527771185957
28	52.61600818099971
29	52.322733276634104
30	52.53077143352299
31	52.66340180004906
32	51.911139110623125
33	52.20745015963351
34	52.53752349802411
35	52.198225647145
36	52.771629130354945
37	52.99919098387996
38	52.50759471537022
39	52.71359592897284
40	52.89516439371547
41	52.44438165134745
42	52.74154857000152
43	52.68414725224685
44	52.33229607843345
45	52.81240583828931
46	53.05862262995388
47	52.668482255784475
48	52.52979192769479
49	52.76725693686698
50	53.35539691035775
51	53.24493024968399
>>END_MODULE
>>Per sequence GC content	pass
#GC Content	Count
0	7898.0
1	6269.5
2	3004.5
3	1227.0
4	1053.0
5	999.5
6	923.0
7	789.0
8	710.5
9	820.0
10	959.0
11	1229.5
12	1498.5
13	1989.0
14	2526.0
15	3642.0
16	4820.5
17	6821.0
18	9091.0
19	12637.5
20	16060.5
21	22183.0
22	28372.5
23	36341.0
24	44918.0
25	56956.5
26	86183.0
27	104911.5
28	135094.5
29	165558.5
30	203465.0
31	241645.0
32	288691.5
33	335958.5
34	403527.5
35	473620.0
36	558522.0
37	641650.5
38	729870.5
39	821308.5
40	921802.5
41	1021859.5
42	1112867.5
43	1201617.0
44	1299155.5
45	1398332.5
46	1450407.0
47	1499238.5
48	1537952.0
49	1576617.5
50	1585303.0
51	1593111.0
52	1589154.0
53	1584327.5
54	1547162.0
55	1508768.0
56	1448050.0
57	1387842.5
58	1305203.5
59	1220375.0
60	1141933.5
61	1064839.5
62	998880.0
63	932691.0
64	865821.5
65	799362.5
66	749051.5
67	699673.5
68	632552.0
69	564613.0
70	517259.5
71	470148.5
72	418412.5
73	366505.0
74	328932.5
75	261625.5
76	227968.0
77	200342.5
78	173531.5
79	150292.5
80	127520.0
81	110712.5
82	93840.5
83	81617.0
84	69534.0
85	59872.0
86	50296.5
87	43146.0
88	36249.0
89	30340.5
90	24474.5
91	19919.5
92	15428.0
93	12153.5
94	8868.5
95	6707.0
96	4631.0
97	3385.5
98	2081.5
99	1348.5
100	757.0
>>END_MODULE
>>Per base N content	pass
#Base	N-Count
1	0.07563587810020564
2	0.0010064945593061384
3	0.0
4	4.376063301331037E-6
5	2.4505954487453807E-4
6	3.938456971197933E-5
7	0.0
8	0.0
9	1.312818990399311E-5
10	8.752126602662073E-6
11	1.794185953545725E-4
12	7.089222548156279E-4
13	4.0259782372245535E-4
14	2.625637980798622E-5
15	0.0
16	0.047996662288998806
17	2.625637980798622E-5
18	8.752126602662073E-6
19	4.376063301331037E-6
20	1.312818990399311E-5
21	3.326014351226765E-4
22	6.959391512825086E-4
23	4.5962764295196684E-4
24	3.940261606226629E-5
25	6.56795123532654E-5
26	8.758622480642459E-6
27	9.154005632998395E-4
28	0.0022910409653456617
29	0.0012223540427125552
30	1.0954769509458566E-4
31	4.075844006493302E-4
32	0.001323783506516653
33	0.0016966608093142207
34	0.003985883045860106
35	0.008025878942290905
36	0.00424628338344211
37	0.004896506027046088
38	0.007767916084036388
39	0.006716343317170358
40	0.0046327404859977505
41	0.004638976283365541
42	0.010643395219335052
43	0.009766293047301193
44	0.006553943821389406
45	0.008198652513351777
46	0.006272265550256329
47	0.007978009253869878
48	0.006747264411066109
49	0.008957471311389497
50	0.0
51	0.0
>>END_MODULE
>>Sequence Length Distribution	warn
#Length	Count
20	1417.0
21	3347.0
22	2246.0
23	3456.0
24	2951.0
25	3531.0
26	3106.0
27	3484.0
28	3240.0
29	3701.0
30	3750.0
31	3962.0
32	3889.0
33	4023.0
34	4245.0
35	4835.0
36	4644.0
37	5728.0
38	5781.0
39	7555.0
40	9055.0
41	17142.0
42	15256.0
43	12100.0
44	20293.0
45	27618.0
46	121749.0
47	407178.0
48	484409.0
49	79348.0
50	237213.0
51	2.1341337E7
>>END_MODULE
>>Sequence Duplication Levels	fail
#Total Duplicate Percentage	69.55985047739932
#Duplication Level	Relative count
1	100.0
2	34.57471198486846
3	18.864274660400067
4	12.957815097151373
5	9.425689230240156
6	7.750616151773944
7	6.172981028257007
8	5.304636900326703
9	4.493609216484209
10++	87.03788616954205
>>END_MODULE
>>Overrepresented sequences	pass
>>END_MODULE
>>Kmer Content	warn
#Sequence	Count	Obs/Exp Overall	Obs/Exp Max	Max Obs/Exp Position
AAAAA	3808300	5.1577024	8.562237	10
TTCTT	3298480	3.5331812	6.477407	6
TTTTT	2748155	3.378111	4.829082	11
CTTCT	3504555	3.2711787	5.420775	5
CAGCA	3533450	3.189395	4.5103183	9
TCTTC	3205900	2.992412	5.6189337	7
TCTTG	2472605	2.463813	5.1251955	7
CTCCT	2831035	2.3026931	7.6516614	1
TTGAA	1801395	2.1413102	6.1917744	7
TCCTC	2627280	2.1369636	5.253765	2
CTCCA	2493490	2.06784	7.201693	1
GCCAG	2431370	2.0023634	5.973365	1
TCCAG	2247565	1.9897714	5.274612	2
GGCAG	2194865	1.9296623	5.0685763	1
GTCCA	1745560	1.5453458	5.3189144	1
>>END_MODULE
