##FastQC	0.10.1
>>Basic Statistics	pass
#Measure	Value	
Filename	Control_4.fastq	
File type	Conventional base calls	
Encoding	Sanger / Illumina 1.9	
Total Sequences	27870787	
Filtered Sequences	0	
Sequence length	39	
%GC	52	
>>END_MODULE
>>Per base sequence quality	pass
#Base	Mean	Median	Lower Quartile	Upper Quartile	10th Percentile	90th Percentile
1	37.4599325092614	39.0	37.0	39.0	34.0	39.0
2	38.829118316608714	40.0	38.0	41.0	34.0	41.0
3	38.79534435105833	40.0	38.0	41.0	34.0	41.0
4	38.752498269962736	40.0	38.0	41.0	34.0	41.0
5	38.749198291386605	40.0	38.0	41.0	34.0	41.0
6	38.7467011606095	40.0	38.0	41.0	34.0	41.0
7	38.78374780016079	40.0	38.0	41.0	34.0	41.0
8	38.73665759779227	40.0	38.0	41.0	34.0	41.0
9	38.71843583031939	40.0	38.0	41.0	34.0	41.0
10	38.672455140933046	40.0	38.0	41.0	34.0	41.0
11	38.65975625302579	40.0	38.0	41.0	34.0	41.0
12	38.66200050253335	40.0	38.0	41.0	34.0	41.0
13	38.63346094245563	40.0	38.0	41.0	34.0	41.0
14	38.56453604987904	40.0	38.0	41.0	34.0	41.0
15	38.51044425117956	40.0	38.0	41.0	34.0	41.0
16	38.471329245205744	40.0	38.0	41.0	34.0	41.0
17	38.42010729729304	40.0	38.0	41.0	34.0	41.0
18	38.386223575243854	40.0	38.0	41.0	34.0	41.0
19	38.32169970657807	40.0	38.0	41.0	33.0	41.0
20	38.2740868422553	40.0	38.0	41.0	33.0	41.0
21	38.218062123613514	40.0	38.0	41.0	33.0	41.0
22	38.163832151564286	40.0	38.0	41.0	33.0	41.0
23	38.091475063118956	40.0	38.0	41.0	33.0	41.0
24	37.963037283446646	40.0	37.0	41.0	33.0	41.0
25	37.93425607249627	40.0	37.0	41.0	33.0	41.0
26	37.88199389561551	40.0	37.0	41.0	33.0	41.0
27	37.809695578384634	40.0	37.0	41.0	33.0	41.0
28	37.722978902605085	40.0	37.0	41.0	32.0	41.0
29	37.64669853061559	40.0	36.0	41.0	32.0	41.0
30	37.53525847691348	40.0	36.0	41.0	32.0	41.0
31	37.484417250219735	40.0	36.0	41.0	32.0	41.0
32	37.39412909294596	40.0	36.0	41.0	32.0	41.0
33	37.31804057058023	39.0	35.0	41.0	31.0	41.0
34	37.235538235787885	39.0	35.0	41.0	31.0	41.0
35	37.13287863023028	39.0	35.0	41.0	31.0	41.0
36	37.03132717422009	39.0	35.0	41.0	31.0	41.0
37	36.90519550093796	39.0	35.0	41.0	31.0	41.0
38	36.78999760573679	39.0	35.0	41.0	31.0	41.0
39	36.65116417415841	39.0	35.0	41.0	31.0	41.0
>>END_MODULE
>>Per sequence quality scores	pass
#Quality	Count
7	9.0
8	33.0
9	226.0
10	608.0
11	1200.0
12	1933.0
13	2816.0
14	3997.0
15	5421.0
16	7545.0
17	10751.0
18	15669.0
19	22337.0
20	30771.0
21	42594.0
22	56874.0
23	75076.0
24	97441.0
25	123735.0
26	155522.0
27	192389.0
28	236009.0
29	287091.0
30	348936.0
31	422130.0
32	514721.0
33	641372.0
34	842157.0
35	1117413.0
36	1520165.0
37	2147907.0
38	3039151.0
39	4650869.0
40	1.1255919E7
>>END_MODULE
>>Per base sequence content	pass
#Base	G	A	T	C
1	24.469563776580834	24.087145440134144	24.848193199567707	26.595097583717315
2	23.90270141994914	24.10907879996356	25.354719979740793	26.633499800346506
3	24.33162364593436	23.70839043762919	24.805151716741978	27.154834199694466
4	25.270441771163476	23.82047912748212	23.67006356871085	27.239015532643553
5	24.682116080898613	24.38547214328752	24.09217579682985	26.84023597898402
6	24.37778667678096	24.237047916874396	24.136358259277	27.248807147067645
7	25.098340423612726	24.02519526987164	23.560805799994096	27.31565850652154
8	24.987891443467312	24.174383737351945	24.18015680719744	26.6575680119833
9	24.543178490079953	24.010570637994544	24.23722731618594	27.209023555739563
10	25.315521230168347	24.620650288777277	23.01592703499905	27.047901446055327
11	24.880929985938323	24.943163607113068	23.717177415908637	26.458728991039976
12	24.51785448326235	24.420085446456895	23.781538712918294	27.28052135736246
13	25.2718733776696	24.479857709077248	23.070001575484753	27.178267337768396
14	24.910523696370685	24.56975829207837	23.55246731999351	26.96725069155744
15	24.4991467230545	24.122185713664994	24.00667049696157	27.371997066318936
16	25.29252941440082	24.30910185636308	23.175463254769234	27.22290547446687
17	24.991709060816977	24.47379042436082	23.694702270158356	26.839798244663847
18	24.607564902993232	24.118102585334242	23.863072112028984	27.411260399643538
19	25.24640585140276	24.26132423171258	23.07616932381565	27.41610059306901
20	24.83806790242414	24.606926241444132	23.85476233591825	26.70024352021348
21	24.477977604292263	24.084511858240674	24.150168418279687	27.287342119187375
22	25.301072409616566	24.387535235370283	23.01988099582549	27.29151135918767
23	25.079733127019345	24.615702455764886	23.60225062894708	26.7023137882687
24	24.757732890714568	24.147025342341426	23.583944723197085	27.511297043746918
25	25.334749248379673	24.240804538458136	22.79763036472562	27.62681584843657
26	24.931646171311918	24.475010339679322	23.462451921433004	27.130891567575755
27	24.501701369250895	24.181064567713857	23.72047118726859	27.596762875766657
28	25.18296307886821	24.50058550553309	22.792126393847436	27.524325021751267
29	24.917401865975293	24.573184818928866	23.53840241396843	26.971010901127407
30	24.68335393614827	24.25355624152271	23.51442390198741	27.54866592034161
31	25.25258436369235	24.42678780473619	22.886041933440918	27.434585898130543
32	24.812826419289845	24.462516971623373	23.667024544373287	27.057632064713495
33	24.643444765302107	24.058111455553803	23.554135733590876	27.74430804555322
34	25.36496368042998	24.160225543684863	22.822879023832375	27.651931752052782
35	25.13366414805581	24.329707661287067	23.39524176335602	27.1413864273011
36	24.512210580921163	24.09419942106407	23.440999351758528	27.952590646256237
37	25.54513082102777	24.071835502886948	22.74443488086648	27.638598795218805
38	25.33788156035924	24.419705119916422	23.327188428514773	26.915224891209565
39	25.012060118718573	24.15140268554311	23.278266236256624	27.558270959481696
>>END_MODULE
>>Per base GC content	pass
#Base	%GC
1	51.064661360298146
2	50.53620122029564
3	51.48645784562883
4	52.509457303807025
5	51.52235205988263
6	51.62659382384861
7	52.41399893013426
8	51.64545945545061
9	51.752202045819516
10	52.36342267622367
11	51.3396589769783
12	51.798375840624814
13	52.450140715437996
14	51.87777438792812
15	51.87114378937344
16	52.51543488886769
17	51.83150730548083
18	52.01882530263677
19	52.66250644447177
20	51.53831142263762
21	51.76531972347964
22	52.59258376880423
23	51.782046915288035
24	52.269029934461486
25	52.961565096816244
26	52.06253773888767
27	52.09846424501755
28	52.70728810061948
29	51.8884127671027
30	52.23201985648988
31	52.68717026182289
32	51.87045848400334
33	52.387752810855325
34	53.01689543248277
35	52.27505057535692
36	52.464801227177404
37	53.18372961624658
38	52.25310645156881
39	52.57033107820027
>>END_MODULE
>>Per sequence GC content	pass
#GC Content	Count
0	4765.0
1	4168.5
2	3572.0
3	3572.0
4	4225.0
5	4878.0
6	5621.5
7	6365.0
8	6365.0
9	8145.5
10	9926.0
11	9926.0
12	13783.5
13	17641.0
14	28878.0
15	40115.0
16	40115.0
17	45917.5
18	51720.0
19	67425.0
20	83130.0
21	83130.0
22	110940.0
23	138750.0
24	183972.0
25	229194.0
26	229194.0
27	278858.0
28	328522.0
29	416470.0
30	504418.0
31	504418.0
32	636794.5
33	769171.0
34	769171.0
35	889330.5
36	1009490.0
37	1175931.5
38	1342373.0
39	1342373.0
40	1490275.0
41	1638177.0
42	1758597.0
43	1879017.0
44	1879017.0
45	2013800.0
46	2148583.0
47	2221308.5
48	2294034.0
49	2294034.0
50	2324500.5
51	2354967.0
52	2354967.0
53	2308428.0
54	2261889.0
55	2151193.0
56	2040497.0
57	2040497.0
58	1917175.5
59	1793854.0
60	1646403.0
61	1498952.0
62	1498952.0
63	1364278.5
64	1229605.0
65	1130272.0
66	1030939.0
67	1030939.0
68	929435.0
69	827931.0
70	827931.0
71	732218.0
72	636505.0
73	563896.0
74	491287.0
75	491287.0
76	430401.5
77	369516.0
78	318670.5
79	267825.0
80	267825.0
81	229147.5
82	190470.0
83	162857.0
84	135244.0
85	135244.0
86	115380.0
87	95516.0
88	80018.5
89	64521.0
90	64521.0
91	52351.0
92	40181.0
93	40181.0
94	31647.5
95	23114.0
96	16719.0
97	10324.0
98	10324.0
99	7066.5
100	3809.0
>>END_MODULE
>>Per base N content	pass
#Base	N-Count
1	0.0
2	0.0
3	0.0
4	0.0
5	0.0
6	0.0
7	0.0
8	0.0
9	0.0
10	0.0
11	0.0
12	0.0
13	0.0
14	0.0
15	0.0
16	0.0
17	0.0
18	0.0
19	0.0
20	0.0
21	0.0
22	0.0
23	0.0
24	0.0
25	0.0
26	0.0
27	0.0
28	0.0
29	0.0
30	0.0
31	0.0
32	0.0
33	0.0
34	0.0
35	0.0
36	0.0
37	0.0
38	0.0
39	0.0
>>END_MODULE
>>Sequence Length Distribution	pass
#Length	Count
39	2.7870787E7
>>END_MODULE
>>Sequence Duplication Levels	fail
#Total Duplicate Percentage	88.15028782640586
#Duplication Level	Relative count
1	100.0
2	91.21257432972841
3	67.85826059741976
4	47.00420767117571
5	33.11193796293077
6	25.068678930347392
7	19.84560280975067
8	16.100427721945962
9	13.940953506972216
10++	281.34019543067774
>>END_MODULE
>>Overrepresented sequences	pass
>>END_MODULE
>>Kmer Content	warn
#Sequence	Count	Obs/Exp Overall	Obs/Exp Max	Max Obs/Exp Position
AAAAA	4484960	5.439346	5.9921575	29
TTTTT	2641275	3.6863441	4.5485177	1
TTCTT	2922155	3.539989	3.8537433	1
CTTCT	3081895	3.2406566	3.6125822	2
CAGCA	3414190	3.2203438	3.5805702	27
TCTTC	2889485	3.0383344	3.3612175	6
>>END_MODULE
