##FastQC	0.10.1
>>Basic Statistics	pass
#Measure	Value	
Filename	Sample_7_L002_poly.fastq	
File type	Conventional base calls	
Encoding	Sanger / Illumina 1.9	
Total Sequences	16630696	
Filtered Sequences	0	
Sequence length	20-39	
%GC	52	
>>END_MODULE
>>Per base sequence quality	pass
#Base	Mean	Median	Lower Quartile	Upper Quartile	10th Percentile	90th Percentile
1	37.522889541123234	39.0	37.0	39.0	34.0	39.0
2	38.861836750548505	40.0	38.0	41.0	35.0	41.0
3	38.83600103086486	40.0	38.0	41.0	35.0	41.0
4	38.80705858612291	40.0	38.0	41.0	34.0	41.0
5	38.797109874415355	40.0	38.0	41.0	34.0	41.0
6	38.79507694686981	40.0	38.0	41.0	34.0	41.0
7	38.82545402790118	40.0	38.0	41.0	34.0	41.0
8	38.744604615465285	40.0	38.0	41.0	34.0	41.0
9	38.74583992155229	40.0	38.0	41.0	34.0	41.0
10	38.750686742154386	40.0	38.0	41.0	34.0	41.0
11	38.72564485575348	40.0	38.0	41.0	34.0	41.0
12	38.702310895467036	40.0	38.0	41.0	34.0	41.0
13	38.66827112948249	40.0	38.0	41.0	34.0	41.0
14	38.60909735828254	40.0	38.0	41.0	34.0	41.0
15	38.55239269601224	40.0	38.0	41.0	34.0	41.0
16	38.50465542752991	40.0	38.0	41.0	34.0	41.0
17	38.45899413951166	40.0	38.0	41.0	34.0	41.0
18	38.42417358840544	40.0	38.0	41.0	34.0	41.0
19	38.379473414702545	40.0	38.0	41.0	34.0	41.0
20	38.32527592350915	40.0	38.0	41.0	33.0	41.0
21	38.258703748966745	40.0	38.0	41.0	33.0	41.0
22	38.20841276979093	40.0	38.0	41.0	33.0	41.0
23	38.13983762576085	40.0	38.0	41.0	33.0	41.0
24	37.94419425522919	40.0	37.0	41.0	33.0	41.0
25	37.9516989707561	40.0	37.0	41.0	33.0	41.0
26	37.91670721621291	40.0	37.0	41.0	33.0	41.0
27	37.851080741218134	40.0	37.0	41.0	33.0	41.0
28	37.775482457801296	40.0	37.0	41.0	33.0	41.0
29	37.71795088611803	40.0	36.0	41.0	33.0	41.0
30	37.58867446456323	40.0	36.0	41.0	32.0	41.0
31	37.555303435474734	40.0	36.0	41.0	32.0	41.0
32	37.48432686703477	40.0	36.0	41.0	32.0	41.0
33	37.41677329174546	39.0	35.0	41.0	32.0	41.0
34	37.34320540540212	39.0	35.0	41.0	32.0	41.0
35	37.26604438929133	39.0	35.0	41.0	32.0	41.0
36	37.19138640484288	39.0	35.0	41.0	31.0	41.0
37	37.05884457728578	39.0	35.0	41.0	31.0	41.0
38	37.030076588246956	39.0	35.0	41.0	31.0	41.0
39	37.19419032943424	39.0	35.0	41.0	32.0	41.0
>>END_MODULE
>>Per sequence quality scores	pass
#Quality	Count
9	3.0
10	8.0
11	35.0
12	96.0
13	192.0
14	387.0
15	722.0
16	1472.0
17	2438.0
18	4236.0
19	7138.0
20	11386.0
21	18102.0
22	27158.0
23	39439.0
24	53895.0
25	72024.0
26	92882.0
27	116999.0
28	143810.0
29	175878.0
30	211379.0
31	254152.0
32	309490.0
33	381480.0
34	500365.0
35	660997.0
36	901536.0
37	1273978.0
38	1809499.0
39	2790713.0
40	6763811.0
41	4996.0
>>END_MODULE
>>Per base sequence content	pass
#Base	G	A	T	C
1	24.758309860171206	24.12994165306982	25.118655594369326	25.993092892389647
2	24.405057972318176	23.959261837267665	25.308080912548697	26.32759927786546
3	25.08951519527505	23.55924851250964	24.549285249396657	26.80195104281865
4	25.600395798227567	23.754766487223385	23.757328015616423	26.887509698932625
5	25.205344695456205	24.099834673175113	23.855797968755965	26.839022662612717
6	25.05972089201799	24.054988438246962	23.79872736534899	27.086563304386058
7	25.435094564598774	23.860458026558724	23.560909510997586	27.143537897844915
8	25.597954673203017	23.70585060441261	23.98203273802437	26.71416198436
9	25.20216264710507	23.66763085635498	23.89095486648213	27.239251630057826
10	25.59449889231876	24.356414139716538	23.23891971510257	26.810167252862133
11	25.317808241253214	24.517489600211082	23.63207494414221	26.532627214393496
12	25.256607392313285	24.121064812142343	23.54667314153111	27.07565465401326
13	25.69409886385529	24.221232054496078	23.165012169113517	26.91965691253511
14	25.467921504564394	24.171353488138845	23.458682432233356	26.902042575063405
15	25.208003429278232	23.88499746099665	23.695347982977733	27.211651126747384
16	25.68371451688604	24.08166419265928	23.30843290248422	26.926188387970463
17	25.464533966969	23.984603596178246	23.608292223321214	26.942570213531543
18	25.255987719853813	23.848023689530617	23.585706710361908	27.31028188025366
19	25.61576052548394	24.00388368125697	23.242222039560417	27.138133753698675
20	25.28117061259596	24.27226960245025	23.705111917448885	26.741447867504903
21	25.195013477267285	23.916703065974552	23.821008273058446	27.067275183699717
22	25.605372862374274	24.261020265844525	23.167289591886924	26.966317279894277
23	25.65661544164729	24.1750797983737	23.505074358122584	26.663230401856424
24	25.598127241011287	23.891480679121347	23.223810338785917	27.28658174108145
25	25.69423502877331	24.066776194407968	22.92826013231966	27.31072864449906
26	25.51962278451777	24.053167657891635	23.3194521476802	27.107757409910395
27	25.337301278757085	23.882098642428883	23.370693451383207	27.40990662743083
28	25.564746725005122	24.154965022616885	22.935409288874624	27.344878963503366
29	25.50611549304514	24.07226998105783	23.358537250503492	27.06307727539354
30	25.43490589152103	23.909222249486113	23.21344899267786	27.442422866314992
31	25.614442344759087	24.144466285689944	23.019088850573937	27.222002518977035
32	25.331067805802306	23.948523027957133	23.525350783055814	27.19505838318475
33	25.3956578994648	23.65790966185592	23.283744485092388	27.66268795358689
34	25.92679262171925	23.749228574777632	22.881950248210916	27.442028555292197
35	25.906728784772596	23.73871201278577	23.09408235896217	27.260476843479463
36	25.34192613363369	23.46720437306532	23.056778960136736	28.13409053316425
37	25.936083286829987	22.757359715204192	22.26038986784955	29.046167130116267
38	27.067127984781564	21.919063400863617	22.491092653294217	28.5227159610606
39	26.528561678328426	23.031400808365508	21.52360446715257	28.916433046153493
>>END_MODULE
>>Per base GC content	pass
#Base	%GC
1	50.75140275256085
2	50.732657250183635
3	51.891466238093706
4	52.48790549716019
5	52.044367358068925
6	52.146284196404046
7	52.5786324624437
8	52.31211665756301
9	52.44141427716289
10	52.40466614518089
11	51.8504354556467
12	52.33226204632655
13	52.613755776390406
14	52.369964079627806
15	52.41965455602562
16	52.6099029048565
17	52.40710418050054
18	52.566269600107475
19	52.75389427918261
20	52.02261848010087
21	52.262288660967
22	52.571690142268544
23	52.31984584350371
24	52.88470898209275
25	53.00496367327238
26	52.62738019442816
27	52.74720790618791
28	52.90962568850849
29	52.569192768438676
30	52.877328757836025
31	52.83644486373612
32	52.52612618898706
33	53.05834585305169
34	53.36882117701145
35	53.16720562825207
36	53.476016666797946
37	54.98225041694626
38	55.58984394584216
39	55.44499472448192
>>END_MODULE
>>Per sequence GC content	pass
#GC Content	Count
0	4959.0
1	3566.5
2	1615.5
3	1041.0
4	1122.5
5	1174.5
6	1353.5
7	1585.5
8	1606.5
9	2231.0
10	2981.0
11	3162.5
12	4366.0
13	5812.0
14	8698.5
15	11669.0
16	13316.0
17	19416.5
18	24868.5
19	32454.5
20	39048.0
21	40034.0
22	53980.5
23	66921.0
24	89938.5
25	113208.0
26	116325.0
27	144658.5
28	171410.0
29	217347.5
30	265249.5
31	269507.0
32	340537.0
33	414433.5
34	420512.0
35	491042.5
36	563496.0
37	662842.5
38	766076.0
39	778019.0
40	875746.5
41	973167.0
42	1054436.5
43	1137642.5
44	1146260.5
45	1223837.0
46	1301603.5
47	1355715.0
48	1406522.5
49	1406591.0
50	1432407.5
51	1455755.0
52	1453683.0
53	1423752.0
54	1390218.0
55	1322801.0
56	1255470.0
57	1244512.5
58	1173037.0
59	1105489.5
60	1018281.0
61	930509.5
62	925505.5
63	848855.5
64	770770.5
65	708906.0
66	648906.0
67	645871.0
68	583666.5
69	523593.5
70	520899.0
71	464687.0
72	408048.0
73	359646.0
74	311794.0
75	308517.0
76	270059.5
77	232132.0
78	202171.0
79	171264.5
80	168800.0
81	144516.5
82	120397.5
83	102884.5
84	85593.0
85	84230.5
86	70995.0
87	58165.0
88	48531.0
89	39008.0
90	38383.5
91	31146.5
92	24190.0
93	23587.0
94	18610.0
95	13997.5
96	10347.0
97	6813.0
98	6606.5
99	4551.0
100	2702.0
>>END_MODULE
>>Per base N content	pass
#Base	N-Count
1	6.012977448448339E-6
2	0.0
3	0.0
4	0.0
5	6.012977448448339E-6
6	0.0
7	6.012977448448339E-6
8	2.4051909793793356E-5
9	9.079595947156992E-4
10	5.4116797036035053E-5
11	4.209084213913837E-4
12	0.0013950107680400147
13	4.0888246649448703E-4
14	1.3228550386586347E-4
15	0.012771564100504272
16	0.006800677494195071
17	0.0019181398060550202
18	0.00948847841365148
19	4.990771282212121E-4
20	0.0013469069484524279
21	0.007902766858514251
22	0.0010648009589224454
23	0.010626617836374877
24	0.012080429295239673
25	0.006370380164779697
26	0.005559875887667617
27	0.014343109106343548
28	0.008164883859652762
29	0.006790037729070977
30	0.019365096806445315
31	0.008324903561800307
32	0.0031313256791297263
33	0.003708434503493121
34	0.0063628066248690145
35	0.00667313352854244
36	0.005355772971934175
37	0.019088244366477138
38	0.0
39	0.0
>>END_MODULE
>>Sequence Length Distribution	warn
#Length	Count
20	3608.0
21	4263.0
22	4179.0
23	4998.0
24	5534.0
25	7024.0
26	7756.0
27	10122.0
28	14821.0
29	23160.0
30	16511.0
31	18141.0
32	34624.0
33	52385.0
34	134371.0
35	418474.0
36	714800.0
37	56872.0
38	176348.0
39	1.4922705E7
>>END_MODULE
>>Sequence Duplication Levels	fail
#Total Duplicate Percentage	78.04883293836315
#Duplication Level	Relative count
1	100.0
2	61.85783141972648
3	36.77064148281673
4	23.04165523727419
5	16.419138680982797
6	12.410360907559074
7	9.841686586464986
8	8.076335279595595
9	6.7949371056859595
10++	116.65229828755045
>>END_MODULE
>>Overrepresented sequences	pass
>>END_MODULE
>>Kmer Content	warn
#Sequence	Count	Obs/Exp Overall	Obs/Exp Max	Max Obs/Exp Position
AAAAA	1874120	4.194849	5.1016665	11
TTCTT	1638410	3.4706306	3.90309	1
CTTCT	1730435	3.1604176	3.3996375	1
CAGCA	1941980	3.1417832	3.4208202	6
TTTTT	1266320	3.1111853	4.0782447	1
TCTTC	1651940	3.0170565	3.2638507	13
>>END_MODULE
