##FastQC	0.10.1
>>Basic Statistics	pass
#Measure	Value	
Filename	Sample_8_L001_trimmed.fastq	
File type	Conventional base calls	
Encoding	Sanger / Illumina 1.9	
Total Sequences	13529463	
Filtered Sequences	0	
Sequence length	5-51	
%GC	53	
>>END_MODULE
>>Per base sequence quality	pass
#Base	Mean	Median	Lower Quartile	Upper Quartile	10th Percentile	90th Percentile
1	32.52251031692832	34.0	31.0	34.0	31.0	34.0
2	32.71690908944427	34.0	31.0	34.0	31.0	34.0
3	32.800492155527536	34.0	31.0	34.0	31.0	34.0
4	36.22809789272494	37.0	37.0	37.0	35.0	37.0
5	36.29775557241259	37.0	37.0	37.0	35.0	37.0
6	36.212246674605986	37.0	36.0	37.0	35.0	37.0
7	36.18465899242083	37.0	36.0	37.0	35.0	37.0
8	36.18643288088965	37.0	36.0	37.0	35.0	37.0
9	37.97355909013937	39.0	38.0	39.0	35.0	39.0
10	37.984320596189406	39.0	38.0	39.0	35.0	39.0
11	37.99273656163022	39.0	38.0	39.0	35.0	39.0
12	37.97776883620157	39.0	38.0	39.0	35.0	39.0
13	37.88381283231016	39.0	38.0	39.0	35.0	39.0
14	39.32495462932845	41.0	39.0	41.0	36.0	41.0
15	39.29240669260297	41.0	39.0	41.0	36.0	41.0
16	39.23977342271639	41.0	39.0	41.0	36.0	41.0
17	39.24942879923447	41.0	39.0	41.0	36.0	41.0
18	39.25418789750625	41.0	39.0	41.0	36.0	41.0
19	39.298867372103956	41.0	39.0	41.0	36.0	41.0
20	39.28479047818805	41.0	39.0	41.0	36.0	41.0
21	39.25492896893992	41.0	39.0	41.0	36.0	41.0
22	39.15721793203538	41.0	39.0	41.0	36.0	41.0
23	39.17293292195278	40.0	39.0	41.0	36.0	41.0
24	39.204749020881984	41.0	39.0	41.0	36.0	41.0
25	39.18392836881221	41.0	39.0	41.0	36.0	41.0
26	39.14854142452044	40.0	39.0	41.0	35.0	41.0
27	39.10910054601246	40.0	39.0	41.0	35.0	41.0
28	39.08960838761457	40.0	38.0	41.0	35.0	41.0
29	39.049442744362935	40.0	38.0	41.0	35.0	41.0
30	39.02421600634437	40.0	38.0	41.0	35.0	41.0
31	38.95680586186715	40.0	38.0	41.0	35.0	41.0
32	38.918564404069144	40.0	38.0	41.0	35.0	41.0
33	38.87455311518658	40.0	38.0	41.0	35.0	41.0
34	38.82857513175542	40.0	38.0	41.0	35.0	41.0
35	38.76378725359069	40.0	38.0	41.0	35.0	41.0
36	38.71005930767803	40.0	38.0	41.0	35.0	41.0
37	38.65206192904164	40.0	38.0	41.0	35.0	41.0
38	38.59280246151382	40.0	38.0	41.0	34.0	41.0
39	38.51136079503508	40.0	38.0	41.0	34.0	41.0
40	38.415086154662006	40.0	37.0	41.0	34.0	41.0
41	38.33358511109294	40.0	37.0	41.0	34.0	41.0
42	38.24896704218049	40.0	37.0	41.0	34.0	41.0
43	38.183848305833614	40.0	37.0	41.0	33.0	41.0
44	38.090189634420504	40.0	37.0	41.0	33.0	41.0
45	38.01393426693934	40.0	36.0	41.0	33.0	41.0
46	37.92875533277569	40.0	36.0	41.0	33.0	41.0
47	37.822638490789735	39.0	36.0	41.0	33.0	41.0
48	37.71294074997773	39.0	35.0	41.0	33.0	41.0
49	37.58893479219961	39.0	35.0	41.0	33.0	41.0
50	37.469513029661584	39.0	35.0	41.0	33.0	41.0
51	37.318597815140265	39.0	35.0	41.0	33.0	41.0
>>END_MODULE
>>Per sequence quality scores	pass
#Quality	Count
23	1.0
24	13.0
25	71.0
26	714.0
27	5075.0
28	24035.0
29	70285.0
30	133669.0
31	195777.0
32	265779.0
33	354184.0
34	494434.0
35	769329.0
36	1084368.0
37	1610807.0
38	2528856.0
39	5897237.0
40	94829.0
>>END_MODULE
>>Per base sequence content	fail
#Base	G	A	T	C
1	37.95655452104788	9.661211239500044	11.295245051485043	41.086989187967035
2	25.065481165069155	10.45377780330232	31.01638993358421	33.46435109804432
3	23.828447588791956	15.473489228656007	22.00226276534405	38.695800417207984
4	27.172549272650365	21.68588657214259	18.582873540509333	32.55869061469772
5	27.785249126295703	25.956935615256864	21.50523638669177	24.752578871755667
6	25.70073159409801	28.91396910190262	21.36090146392973	24.024397840069646
7	20.4985670862669	24.54019322649381	33.743314346352236	21.21792534088706
8	22.946026024711838	22.104049614642108	28.57253470906449	26.377389651581563
9	22.164179679657543	20.173430219232444	29.881475731270562	27.78091436983945
10	22.758912891467297	31.7470274352608	23.709444713515193	21.784614959756706
11	26.69997364320671	25.554668965527107	20.60595329269072	27.139404098575458
12	24.982294772697813	21.76438481737481	24.435389063305855	28.817931346621517
13	24.656257517525898	24.233423559428942	24.749072325465544	26.36124659757962
14	24.240698632344046	24.069148855321515	25.366088880917566	26.324063631416873
15	24.5942559885559	23.697104965769878	24.574475872681326	27.1341631729929
16	25.525595374221886	23.66924994588829	23.48281329455047	27.322341385339357
17	24.996689664637888	24.25771534585501	23.802535597907205	26.943059391599895
18	24.698081180385227	23.911078057173466	23.9619896843456	27.428851078095708
19	25.374982787250726	23.84645972502744	23.216563949432363	27.561993538289464
20	25.361220965336813	23.85996807901313	23.90048986055667	26.878321095093387
21	24.77906433630649	23.615884562628604	24.109830260357842	27.495220840707063
22	25.68872580748173	24.288538015403446	22.76287963052463	27.25985654659019
23	25.205442959083367	24.677571054725043	23.47175285092409	26.6452331352675
24	24.876494757508038	24.106319144710877	23.58072664633855	27.436459451442534
25	25.626776832935157	24.162895000598844	22.73990002458412	27.470428141881882
26	25.25470944862854	24.262259945773998	23.32498955414061	27.158041051456856
27	24.7186302852843	23.770679203485802	23.921951197856668	27.588739313373228
28	25.44308841882711	23.952093045823734	23.003514990212278	27.60130354513688
29	25.234681194690722	24.216624302482984	23.47598645729095	27.072708045535343
30	24.82111635433065	23.777845865994067	23.702935487909166	27.69810229176612
31	25.52710132255945	23.93225022693648	22.83656301574647	27.70408543475761
32	25.053750509190976	24.377917049054957	23.601522147723017	26.966810294031053
33	24.669633749620374	23.781973710347685	23.97491868833943	27.57347385169251
34	25.546755199088523	24.16240937534095	22.7872311900081	27.503604235562428
35	25.32738441274397	24.388018684218014	23.35065431350947	26.93394258952854
36	24.884302564736576	23.877008252056164	23.475406771859696	27.76328241134756
37	25.582149287019895	23.97225859820173	22.524988170989573	27.9206039437888
38	25.181800696678387	24.249969557655504	23.22314353393115	27.34508621173496
39	24.77632066485128	23.942696938636267	23.533617454716406	27.74736494179605
40	25.425308466479045	24.226336649552298	22.519712235537067	27.82864264843159
41	25.110717089771413	24.346136690487867	23.275159535594213	27.26798668414651
42	24.88629034896759	23.96450514938421	23.349879260572113	27.799325241076083
43	25.47125418200868	24.249953567939475	22.655164286208056	27.623627963843795
44	25.154033347903574	24.205431235343653	23.376881241668556	27.263654175084216
45	24.808433828433508	23.79262052555141	23.355502796603535	28.043442849411548
46	25.662153068219695	23.908151521059615	22.58611371416951	27.843581696551173
47	25.34604593512228	24.082931117525607	23.21193040010509	27.359092547247027
48	24.542937304948367	23.905873305640586	23.258591787364633	28.292597602046417
49	25.782275007212363	23.83571374464332	22.482682487573573	27.89932876057074
50	25.690493279851246	24.182692809454835	23.022221007911583	27.104592902782336
51	25.311303098525723	23.8140495948412	23.044604674996027	27.83004263163705
>>END_MODULE
>>Per base GC content	fail
#Base	%GC
1	79.04354370901491
2	58.52983226311347
3	62.52424800599994
4	59.731239887348075
5	52.53782799805137
6	49.725129434167656
7	41.71649242715396
8	49.3234156762934
9	49.945094049496994
10	44.543527851224
11	53.839377741782165
12	53.80022611931934
13	51.01750411510552
14	50.56476226376092
15	51.7284191615488
16	52.84793675956124
17	51.93974905623778
18	52.12693225848094
19	52.9369763255402
20	52.239542060430196
21	52.27428517701356
22	52.948582354071924
23	51.85067609435087
24	52.31295420895057
25	53.09720497481704
26	52.412750500085394
27	52.30736959865753
28	53.04439196396399
29	52.307389240226065
30	52.51921864609677
31	53.23118675731705
32	52.020560803222025
33	52.24310760131288
34	53.05035943465095
35	52.261327002272516
36	52.64758497608414
37	53.5027532308087
38	52.52688690841335
39	52.523685606647334
40	53.253951114910635
41	52.37870377391792
42	52.685615590043675
43	53.09488214585247
44	52.41768752298779
45	52.851876677845055
46	53.50573476477087
47	52.70513848236931
48	52.83553490699477
49	53.6816037677831
50	52.79508618263359
51	53.14134573016277
>>END_MODULE
>>Per sequence GC content	pass
#GC Content	Count
0	26803.0
1	25902.5
2	24163.0
3	14820.5
4	4511.0
5	2550.0
6	2741.0
7	3455.0
8	4570.5
9	5510.5
10	6749.0
11	8209.0
12	8726.5
13	9569.5
14	10830.0
15	12489.5
16	13714.5
17	15886.0
18	18515.5
19	22467.5
20	26292.5
21	32854.5
22	39757.0
23	46921.5
24	54316.5
25	66055.0
26	87561.5
27	100022.0
28	120085.5
29	140461.0
30	166370.0
31	194207.0
32	226967.5
33	257903.0
34	300199.0
35	346053.0
36	403658.5
37	459031.0
38	507228.0
39	559375.0
40	611670.5
41	659834.0
42	709113.0
43	758140.5
44	819699.5
45	883543.5
46	915665.0
47	945796.5
48	975085.0
49	1002392.0
50	1020288.0
51	1038423.0
52	1040302.0
53	1040954.0
54	1034113.0
55	1025730.0
56	997577.5
57	970703.5
58	934819.5
59	896054.5
60	852891.5
61	807203.0
62	761353.0
63	717966.5
64	673015.5
65	625028.5
66	587403.0
67	555062.5
68	511356.5
69	463895.5
70	424067.0
71	383679.5
72	344761.0
73	305418.5
74	279138.0
75	230512.0
76	200748.0
77	182235.0
78	164106.5
79	145869.5
80	128162.0
81	115170.0
82	102068.5
83	91800.5
84	81993.5
85	74382.0
86	66496.0
87	61131.0
88	55453.0
89	50480.5
90	43444.0
91	37057.0
92	30949.0
93	24344.5
94	19049.0
95	15158.5
96	12743.5
97	11439.0
98	10340.0
99	9773.5
100	9383.0
>>END_MODULE
>>Per base N content	pass
#Base	N-Count
1	0.0
2	0.0
3	0.0
4	0.0
5	0.0
6	0.0
7	0.0
8	0.0
9	0.0
10	0.0
11	0.0
12	0.0
13	0.0
14	0.0
15	0.0
16	0.0
17	0.0
18	0.0
19	0.0
20	0.0
21	0.0
22	0.0
23	0.0
24	0.0
25	0.0
26	0.0
27	0.0
28	0.0
29	0.0
30	0.0
31	0.0
32	0.0
33	0.0
34	0.0
35	0.0
36	0.0
37	0.0
38	0.0
39	0.0
40	0.0
41	0.0
42	0.0
43	0.0
44	0.0
45	0.0
46	0.0
47	0.0
48	0.0
49	0.0
50	0.0
51	0.0
>>END_MODULE
>>Sequence Length Distribution	warn
#Length	Count
5	43843.0
6	43778.0
7	36122.0
8	41959.0
9	38063.0
10	42595.0
11	44075.0
12	40703.0
13	40045.0
14	44100.0
15	48616.0
16	38183.0
17	51956.0
18	41698.0
19	41895.0
20	43861.0
21	40189.0
22	37449.0
23	40509.0
24	38704.0
25	37781.0
26	38975.0
27	42494.0
28	38484.0
29	39790.0
30	40772.0
31	38523.0
32	40307.0
33	37120.0
34	37724.0
35	36994.0
36	37972.0
37	37212.0
38	36766.0
39	36410.0
40	34360.0
41	37802.0
42	34844.0
43	30325.0
44	17673.0
45	33717.0
46	49195.0
47	53049.0
48	34042.0
49	3410.0
50	0.0
51	1.1785379E7
>>END_MODULE
>>Sequence Duplication Levels	fail
#Total Duplicate Percentage	72.52200177479627
#Duplication Level	Relative count
1	100.0
2	41.23520436128765
3	21.362013540138957
4	13.430514199368917
5	10.015851147356413
6	7.940387834614758
7	6.227871353865754
8	5.270876849917782
9	4.694606165651897
10++	86.10580270506496
>>END_MODULE
>>Overrepresented sequences	pass
>>END_MODULE
>>Kmer Content	warn
#Sequence	Count	Obs/Exp Overall	Obs/Exp Max	Max Obs/Exp Position
AAAAA	2288385	5.5123153	8.804404	10
TTCTT	1860745	3.694036	6.835367	6
CTTCT	2053770	3.4494512	5.7030854	5
CAGCA	2122480	3.3511956	4.7261887	9
TTTTT	1360515	3.1925206	4.390924	11
TCTTC	1773240	2.9782815	5.540755	7
TCTTG	1367940	2.5263267	5.153676	7
CTCCT	1682835	2.3912427	6.993556	1
GCCAG	1484565	2.1691456	6.400266	1
TTGAA	981685	2.1655116	6.3219395	7
CTCCA	1457640	2.0821273	7.0237217	1
TCCAG	1298540	2.0395606	5.372307	2
GGCAG	1248760	2.0062854	5.096942	1
GTCCA	1025185	1.6102139	5.5664325	1
>>END_MODULE
