##FastQC	0.10.1
>>Basic Statistics	pass
#Measure	Value	
Filename	Sample_2_L001_shorten.fastq	
File type	Conventional base calls	
Encoding	Sanger / Illumina 1.9	
Total Sequences	16300011	
Filtered Sequences	0	
Sequence length	8-39	
%GC	51	
>>END_MODULE
>>Per base sequence quality	pass
#Base	Mean	Median	Lower Quartile	Upper Quartile	10th Percentile	90th Percentile
1	37.51479069554002	39.0	37.0	39.0	34.0	39.0
2	38.860503897819456	40.0	38.0	41.0	35.0	41.0
3	38.829130053961315	40.0	38.0	41.0	34.0	41.0
4	38.75858685003342	40.0	38.0	41.0	34.0	41.0
5	38.77605947627888	40.0	38.0	41.0	34.0	41.0
6	38.78484965439594	40.0	38.0	41.0	34.0	41.0
7	38.82997618835963	40.0	38.0	41.0	34.0	41.0
8	38.82064809649515	40.0	38.0	41.0	34.0	41.0
9	38.787320676203116	40.0	38.0	41.0	34.0	41.0
10	38.692636249114834	40.0	38.0	41.0	34.0	41.0
11	38.697132967510925	40.0	38.0	41.0	34.0	41.0
12	38.730966588148426	40.0	38.0	41.0	34.0	41.0
13	38.71158088440634	40.0	38.0	41.0	34.0	41.0
14	38.646575364833495	40.0	38.0	41.0	34.0	41.0
15	38.597994289271966	40.0	38.0	41.0	34.0	41.0
16	38.57354374835326	40.0	38.0	41.0	34.0	41.0
17	38.529596804929035	40.0	38.0	41.0	34.0	41.0
18	38.50561820802805	40.0	38.0	41.0	34.0	41.0
19	38.433784305528725	40.0	38.0	41.0	34.0	41.0
20	38.39969149380112	40.0	38.0	41.0	34.0	41.0
21	38.363358259624626	40.0	38.0	41.0	34.0	41.0
22	38.31339123950905	40.0	38.0	41.0	33.0	41.0
23	38.24513359724187	40.0	38.0	41.0	33.0	41.0
24	38.19960032663991	40.0	38.0	41.0	33.0	41.0
25	38.15030261613374	40.0	38.0	41.0	33.0	41.0
26	38.093003187801244	40.0	37.0	41.0	33.0	41.0
27	38.02573373481603	40.0	37.0	41.0	33.0	41.0
28	37.942063854875364	40.0	37.0	41.0	33.0	41.0
29	37.86800444312178	40.0	37.0	41.0	33.0	41.0
30	37.79793940943246	40.0	37.0	41.0	33.0	41.0
31	37.74700607518426	40.0	37.0	41.0	33.0	41.0
32	37.66662174379363	40.0	36.0	41.0	32.0	41.0
33	37.61118874993924	40.0	36.0	41.0	32.0	41.0
34	37.54782308316222	40.0	36.0	41.0	32.0	41.0
35	37.467561911535626	39.0	35.0	41.0	32.0	41.0
36	37.39495426303582	39.0	35.0	41.0	32.0	41.0
37	37.32358866659688	39.0	35.0	41.0	32.0	41.0
38	37.302213119871574	39.0	35.0	41.0	32.0	41.0
39	37.447072036582405	39.0	35.0	41.0	32.0	41.0
>>END_MODULE
>>Per sequence quality scores	pass
#Quality	Count
10	9.0
11	28.0
12	66.0
13	151.0
14	343.0
15	646.0
16	1128.0
17	2046.0
18	3737.0
19	6135.0
20	10360.0
21	16672.0
22	25619.0
23	36519.0
24	50345.0
25	67603.0
26	87234.0
27	110210.0
28	136888.0
29	167253.0
30	201339.0
31	244328.0
32	296111.0
33	365765.0
34	471185.0
35	620788.0
36	844647.0
37	1194674.0
38	1707637.0
39	2681477.0
40	6943202.0
41	5866.0
>>END_MODULE
>>Per base sequence content	pass
#Base	G	A	T	C
1	24.35095775276766	24.608945815206265	25.168425063615114	25.871671368410965
2	23.656253974307134	24.755155073208233	26.088448651967166	25.500142300517464
3	24.258235163154186	24.122032801082156	25.020572072006576	26.59915996375708
4	25.000604582378433	24.53630372942011	23.869292849760726	26.593798838440737
5	24.35450189015233	25.083311303693144	24.57694348512323	25.98524332103129
6	24.391774801078306	24.722578339997032	24.210038682805475	26.675608176119187
7	25.072061314325733	24.764527722931177	23.535160228142217	26.62825073460087
8	24.665188835171808	24.715667334907607	24.832378926907342	25.786764903013243
9	24.4770035690612	24.198722078286693	24.431681670074244	26.89259268257786
10	25.171888947492814	24.97870869394588	23.33400131993826	26.515401038623043
11	24.450689878408355	25.316086117443476	24.45575236172517	25.777471642422995
12	24.425941101263952	24.652419468817893	24.082958687274825	26.838680742643334
13	25.256171384089303	24.884745816598283	23.232977356211766	26.626105443100652
14	24.65551257229638	25.003824296004197	24.20554087085911	26.135122260840316
15	24.47495350755142	24.309667488512645	24.297892041498443	26.917486962437494
16	25.24827585571684	24.537525908600934	23.452120168627346	26.762078067054883
17	24.68162598342701	24.794950232642346	24.37564498343217	26.14777880049847
18	24.55301225324917	24.27340057223227	23.97773965734978	27.19584751716878
19	25.184768638519134	24.627240674889144	23.339465770300468	26.84852491629125
20	24.46433501021866	25.06373493443656	24.479289901927494	25.992640153417284
21	24.459609127987473	24.37058994474063	24.292773437944085	26.87702748932781
22	25.20416993960582	24.87310830263224	23.242576113506143	26.68014564425579
23	24.88678346890791	25.005085775781378	24.206534445718066	25.901596309592644
24	24.80352962907486	24.255494615634547	23.79597334122363	27.145002414066965
25	25.266033294330555	24.66984121614869	22.933954097675056	27.130171391845703
26	24.72468329296936	24.849512522510757	24.023963816195216	26.401840368324663
27	24.552142829891686	24.400330073214228	23.845026810756792	27.202500286137294
28	25.18709346692801	24.84493027933386	23.01730845783302	26.950667795905108
29	24.724348392940076	24.967901660911238	24.0449535622475	26.262796383901183
30	24.636601644694327	24.466912916972714	23.706176611751687	27.190308826581276
31	25.174395677825856	24.942824198682924	23.070458191639062	26.812321931852157
32	24.508810187603068	24.937605213965842	24.185177443841297	26.36840715458979
33	24.574328628830873	24.340109379327018	23.788845379281554	27.296716612560555
34	25.353015767155295	24.583699653725187	23.009247600591127	27.05403697852839
35	24.94201266727569	24.901329609291093	23.843153954380814	26.313503769052403
36	24.137230331991066	24.50673090105674	23.852421264431353	27.50361750252084
37	24.450263476136623	24.791230312031242	23.170258986208665	27.58824722562347
38	25.286073104968082	24.116015641782568	23.987560351531243	26.610350901718107
39	24.808534319116994	24.77457053174961	22.876426177052377	27.540468972081015
>>END_MODULE
>>Per base GC content	pass
#Base	%GC
1	50.22262912117862
2	49.1563962748246
3	50.857395126911264
4	51.59440342081917
5	50.339745211183626
6	51.0673829771975
7	51.7003120489266
8	50.451953738185054
9	51.36959625163906
10	51.68728998611586
11	50.22816152083135
12	51.264621843907285
13	51.882276827189955
14	50.79063483313669
15	51.39244046998891
16	52.01035392277172
17	50.82940478392548
18	51.74885977041795
19	52.03329355481039
20	50.456975163635946
21	51.33663661731528
22	51.88431558386162
23	50.788379778500556
24	51.948532043141824
25	52.39620468617626
26	51.12652366129402
27	51.75464311602897
28	52.137761262833116
29	50.98714477684126
30	51.8269104712756
31	51.98671760967801
32	50.87721734219286
33	51.87104524139142
34	52.40705274568369
35	51.255516436328094
36	51.6408478345119
37	52.03851070176009
38	51.89642400668619
39	52.34900329119802
>>END_MODULE
>>Per sequence GC content	pass
#GC Content	Count
0	3091.0
1	3224.0
2	3186.0
3	2748.0
4	2413.5
5	2251.0
6	2526.0
7	2946.0
8	3017.0
9	4043.5
10	5154.0
11	5306.0
12	7393.0
13	9611.0
14	14307.5
15	18993.5
16	19248.0
17	24187.0
18	29304.0
19	39718.0
20	49993.5
21	50614.5
22	66815.5
23	82663.0
24	110375.5
25	138357.0
26	139980.5
27	171187.0
28	201781.0
29	254220.5
30	308040.0
31	310421.0
32	387901.5
33	467866.0
34	471415.0
35	539789.5
36	610927.0
37	716369.5
38	822041.0
39	828762.0
40	924906.0
41	1021942.5
42	1097046.5
43	1171305.5
44	1175920.0
45	1248823.5
46	1322951.5
47	1367515.0
48	1409260.0
49	1409533.5
50	1423502.0
51	1437671.5
52	1438337.0
53	1403028.5
54	1365803.5
55	1286561.0
56	1205749.0
57	1200118.5
58	1125971.0
59	1051904.5
60	953051.5
61	853636.5
62	849519.0
63	770489.0
64	690135.0
65	625537.5
66	563342.5
67	560899.0
68	500698.0
69	442633.0
70	439917.5
71	388358.5
72	336798.0
73	293216.5
74	250783.0
75	248270.5
76	214891.0
77	182046.0
78	156987.5
79	131331.0
80	129469.0
81	110688.0
82	92022.0
83	77767.0
84	63728.0
85	62745.0
86	53283.5
87	43996.5
88	36807.5
89	29660.5
90	29088.0
91	23663.0
92	18429.0
93	17877.5
94	14324.5
95	11014.0
96	8284.0
97	5653.5
98	5461.5
99	4164.0
100	2994.0
>>END_MODULE
>>Per base N content	pass
#Base	N-Count
1	1.9631888591977023E-4
2	0.0
3	0.0
4	0.04768708438294919
5	1.226993036998564E-5
6	2.453986073997128E-5
7	1.840489555497846E-5
8	1.226993036998564E-5
9	2.699550794747754E-4
10	7.178861455889057E-4
11	5.031776280844789E-4
12	8.591736455603092E-5
13	1.0433981193546791E-4
14	1.227703221407314E-5
15	9.945794804378189E-4
16	0.0021982106933371437
17	0.0013387717763818797
18	1.1669922984650366E-4
19	4.2387106702169454E-4
20	0.0014561453264985025
21	0.0017329127885829807
22	0.004167061554136951
23	0.007973073755788623
24	0.004728297804797052
25	0.005190534113955225
26	0.008236783346023763
27	0.007082165611797276
28	0.004936429923407166
29	0.004772187175895368
30	0.011148621040683407
31	0.010232213895827551
32	0.00662735791860975
33	0.00856103197372492
34	0.00640658884269054
35	0.008533397195108363
36	0.007086227643539129
37	0.008831653110251551
38	0.0
39	0.0
>>END_MODULE
>>Sequence Length Distribution	warn
#Length	Count
8	1003.0
9	1159.0
10	1417.0
11	1705.0
12	1809.0
13	2336.0
14	2291.0
15	2318.0
16	2391.0
17	2412.0
18	2635.0
19	2687.0
20	2669.0
21	2721.0
22	3206.0
23	3471.0
24	3412.0
25	4023.0
26	4255.0
27	5532.0
28	6626.0
29	13711.0
30	12722.0
31	7947.0
32	15916.0
33	18785.0
34	69410.0
35	352583.0
36	281766.0
37	58619.0
38	177546.0
39	1.5230928E7
>>END_MODULE
>>Sequence Duplication Levels	fail
#Total Duplicate Percentage	78.99773325981744
#Duplication Level	Relative count
1	100.0
2	57.27592711432627
3	32.39406491258775
4	20.980884040215468
5	15.014682146121386
6	11.784609999416604
7	9.57742644342026
8	7.998366489703051
9	6.872411177877604
10++	127.03265075938782
>>END_MODULE
>>Overrepresented sequences	pass
>>END_MODULE
>>Kmer Content	warn
#Sequence	Count	Obs/Exp Overall	Obs/Exp Max	Max Obs/Exp Position
AAAAA	2387820	4.6076403	5.228414	11
TTCTT	1691455	3.4139972	4.135469	11
TTTTT	1465560	3.2911108	4.251896	1
CTTCT	1749700	3.174169	3.869222	10
CAGCA	1884335	3.1141582	3.5224526	27
TCTTC	1657195	3.0063536	3.5432508	12
>>END_MODULE
