##FastQC	0.10.1
>>Basic Statistics	pass
#Measure	Value	
Filename	Sample_8_L002_trimmed.fastq	
File type	Conventional base calls	
Encoding	Sanger / Illumina 1.9	
Total Sequences	13388248	
Filtered Sequences	0	
Sequence length	5-51	
%GC	53	
>>END_MODULE
>>Per base sequence quality	pass
#Base	Mean	Median	Lower Quartile	Upper Quartile	10th Percentile	90th Percentile
1	32.548494470673084	34.0	31.0	34.0	31.0	34.0
2	32.73619797004059	34.0	31.0	34.0	31.0	34.0
3	32.80955835296747	34.0	31.0	34.0	31.0	34.0
4	36.25171956778811	37.0	37.0	37.0	35.0	37.0
5	36.31038586975682	37.0	37.0	37.0	35.0	37.0
6	36.23800486817836	37.0	37.0	37.0	35.0	37.0
7	36.20996541370929	37.0	36.0	37.0	35.0	37.0
8	36.20669976581531	37.0	36.0	37.0	35.0	37.0
9	38.00756564577194	39.0	38.0	39.0	35.0	39.0
10	38.023229897817785	39.0	38.0	39.0	35.0	39.0
11	38.02752526138176	39.0	38.0	39.0	35.0	39.0
12	37.99595575744285	39.0	38.0	39.0	35.0	39.0
13	37.910781293356436	39.0	38.0	39.0	35.0	39.0
14	39.3590373763395	41.0	39.0	41.0	36.0	41.0
15	39.33114539267536	41.0	39.0	41.0	36.0	41.0
16	39.307051631494076	41.0	39.0	41.0	36.0	41.0
17	39.29602629438984	41.0	39.0	41.0	36.0	41.0
18	39.29830745472103	41.0	39.0	41.0	36.0	41.0
19	39.33086719340332	41.0	39.0	41.0	36.0	41.0
20	39.25314814033848	41.0	39.0	41.0	36.0	41.0
21	39.26284451799335	41.0	39.0	41.0	36.0	41.0
22	39.27486136407462	41.0	39.0	41.0	36.0	41.0
23	39.260841029569214	41.0	39.0	41.0	36.0	41.0
24	39.244137385645786	41.0	39.0	41.0	36.0	41.0
25	39.21533742521795	41.0	39.0	41.0	36.0	41.0
26	39.185798319810935	41.0	39.0	41.0	36.0	41.0
27	39.14698455517449	40.0	39.0	41.0	35.0	41.0
28	39.116790227415436	40.0	39.0	41.0	35.0	41.0
29	39.07038999516791	40.0	38.0	41.0	35.0	41.0
30	39.04621763466911	40.0	38.0	41.0	35.0	41.0
31	39.009696372501196	40.0	38.0	41.0	35.0	41.0
32	38.95626093600745	40.0	38.0	41.0	35.0	41.0
33	38.89757357254152	40.0	38.0	41.0	35.0	41.0
34	38.85265134601101	40.0	38.0	41.0	35.0	41.0
35	38.78668751276724	40.0	38.0	41.0	35.0	41.0
36	38.57636457117104	40.0	38.0	41.0	34.0	41.0
37	38.5962328444052	40.0	38.0	41.0	34.0	41.0
38	38.563001794931914	40.0	38.0	41.0	34.0	41.0
39	38.49644473249167	40.0	38.0	41.0	34.0	41.0
40	38.423297161662155	40.0	37.0	41.0	34.0	41.0
41	38.35545671275525	40.0	37.0	41.0	34.0	41.0
42	38.22146748983407	40.0	37.0	41.0	34.0	41.0
43	38.18198716224719	40.0	37.0	41.0	33.0	41.0
44	38.102598964019506	40.0	37.0	41.0	33.0	41.0
45	38.022319320640484	40.0	36.0	41.0	33.0	41.0
46	37.93539179120448	40.0	36.0	41.0	33.0	41.0
47	37.83596032551919	40.0	36.0	41.0	33.0	41.0
48	37.73390968956348	39.0	35.0	41.0	33.0	41.0
49	37.595213296174705	39.0	35.0	41.0	33.0	41.0
50	37.481967174875265	39.0	35.0	41.0	33.0	41.0
51	37.346969748034496	39.0	35.0	41.0	33.0	41.0
>>END_MODULE
>>Per sequence quality scores	pass
#Quality	Count
23	4.0
24	10.0
25	82.0
26	674.0
27	4972.0
28	23315.0
29	68415.0
30	130036.0
31	189621.0
32	255275.0
33	342263.0
34	479612.0
35	751671.0
36	1061007.0
37	1586014.0
38	2529817.0
39	5882671.0
40	82789.0
>>END_MODULE
>>Per base sequence content	fail
#Base	G	A	T	C
1	37.89157476019267	9.661174486758835	11.305639094824057	41.141611658224434
2	24.93063319412667	10.464371439788088	31.054840035828434	33.5501553302568
3	23.719391812879476	15.506211118885757	22.033024784124105	38.74137228411067
4	27.00720811266717	21.716291780672123	18.64766771574593	32.62883239091478
5	27.57383938510849	26.016152374829026	21.59665700844502	24.81335123161746
6	25.717049160328408	28.90680605265552	21.348270486792355	24.027874300223715
7	20.515405198799748	24.53575701003156	33.740804605651334	21.208033185517365
8	22.955331527459222	22.098385613675312	28.56270784023457	26.3835750186309
9	22.165491704967263	20.17877334588414	29.874602610578442	27.781132338570153
10	22.751834616826354	31.729943432474066	23.728292355061118	21.789929595638462
11	26.714905453403183	25.516180909828932	20.619445240512153	27.14946839625573
12	24.98989550019812	21.756234199672857	24.447614952568202	28.80625534756083
13	24.648439581683302	24.250402592764786	24.749593119446164	26.35156470610575
14	24.249880825578643	24.037989587607733	25.363818945196353	26.348310641617267
15	24.609527763759434	23.697386222731943	24.575883735609104	27.117202277899516
16	25.556260774221812	23.64731308078702	23.472404069979692	27.324022075011477
17	24.992593823399982	24.240549823380434	23.796784288154143	26.97007206506544
18	24.69495547939951	23.898694479311583	23.977946747864937	27.42840329342397
19	25.414325962859134	23.82858418435215	23.186978906182425	27.570110946606285
20	25.426774215749614	23.847463874165626	23.89405711936791	26.83170479071684
21	24.82936321292671	23.606771673113556	24.053014989609995	27.51085012434974
22	25.64521606248408	24.258856808680058	22.77817210453611	27.31775502429975
23	25.168238357918295	24.69218881185839	23.49798569770193	26.641587132521387
24	24.87673206795218	24.07988535187276	23.59175918558741	27.45162339458765
25	25.64670841145918	24.17362835647854	22.748982409970722	27.430680822091556
26	25.225477117342976	24.26504506507554	23.3198668396818	27.18961097789968
27	24.712626044915183	23.736494679823707	23.92617739186832	27.6247018833928
28	25.448072494116957	23.930578986441756	23.002016583440803	27.619331936000485
29	25.229996209631185	24.176739713575188	23.48425763316664	27.109006443626992
30	24.826027461416885	23.74574800527424	23.717655497852537	27.710569035456334
31	25.51848337278369	23.919715227032235	22.84456953717089	27.717231863013186
32	25.05952069861499	24.36178978736665	23.633555688303172	26.94513382571519
33	24.689113369346106	23.752096303107095	23.974691963704533	27.584098363842262
34	25.527479510242973	24.154628312354735	22.788224002065625	27.529668175336663
35	25.343024737748838	24.3638403256843	23.37073623591208	26.92239870065478
36	24.981541749767942	23.90790540606255	23.405341526669968	27.70521131749954
37	25.606820890121103	23.943896966678935	22.528233038535635	27.92104910466433
38	25.15833060965568	24.260657320105203	23.203519303915073	27.377492766324046
39	24.77848882850656	23.913265730967943	23.541255569234192	27.766989871291305
40	25.426970508927056	24.207622132997766	22.52706534212792	27.838342015947266
41	25.15812653938671	24.31872881591353	23.284204047329858	27.238940597369904
42	24.917712356508616	23.950446454950285	23.336335886678736	27.795505301862367
43	25.463052634281453	24.223890880363776	22.658469562421267	27.6545869229335
44	25.14932483881424	24.163952634960296	23.407047708757514	27.279674817467953
45	24.807903087436156	23.80289473708675	23.33429312418175	28.05490905129534
46	25.69076246710852	23.87617216233169	22.564911496515773	27.868153874044022
47	25.335278501225616	24.05162427702967	23.184604523187645	27.428492698557072
48	24.54285080488844	23.885587575187817	23.281853925452666	28.289707694471073
49	25.80409314736416	23.810253349836213	22.47774327437215	27.90791022842748
50	25.684468503476143	24.171102697139116	23.016572757717483	27.127856041667258
51	25.30663731009712	23.8021388480325	23.054649168326293	27.83657467354409
>>END_MODULE
>>Per base GC content	fail
#Base	%GC
1	79.03318641841712
2	58.48078852438348
3	62.46076409699014
4	59.636040503581945
5	52.38719061672595
6	49.74492346055213
7	41.72343838431711
8	49.33890654609012
9	49.94662404353742
10	44.54176421246481
11	53.86437384965892
12	53.79615084775895
13	51.00000428778905
14	50.59819146719591
15	51.72673004165895
16	52.880282849233296
17	51.96266588846542
18	52.12335877282348
19	52.98443690946543
20	52.258479006466466
21	52.34021333727645
22	52.962971086783824
23	51.80982549043968
24	52.32835546253983
25	53.07738923355073
26	52.41508809524266
27	52.33732792830798
28	53.067404430117435
29	52.33900265325817
30	52.53659649687322
31	53.235715235796874
32	52.004654524330185
33	52.273211733188376
34	53.05714768557964
35	52.265423438403616
36	52.68675306726749
37	53.527869994785426
38	52.53582337597973
39	52.54547869979787
40	53.26531252487432
41	52.39706713675661
42	52.71321765837098
43	53.11763955721496
44	52.428999656282194
45	52.8628121387315
46	53.55891634115254
47	52.76377119978268
48	52.832558499359514
49	53.71200337579164
50	52.8123245451434
51	53.1432119836412
>>END_MODULE
>>Per sequence GC content	pass
#GC Content	Count
0	26899.0
1	25997.5
2	24212.0
3	14843.0
4	4531.5
5	2520.5
6	2677.5
7	3344.5
8	4387.0
9	5285.0
10	6591.5
11	8141.5
12	8686.5
13	9510.5
14	10785.5
15	12516.0
16	13793.5
17	15960.0
18	18516.0
19	22400.0
20	26155.0
21	32529.5
22	39181.5
23	46229.0
24	53737.0
25	65461.0
26	86721.0
27	99041.5
28	118802.5
29	138801.5
30	164322.5
31	191883.0
32	224709.5
33	255601.5
34	297138.0
35	342091.5
36	398952.5
37	453883.0
38	502581.0
39	555050.0
40	606312.5
41	653320.5
42	700906.5
43	748186.0
44	809013.5
45	872366.0
46	905814.0
47	937324.0
48	964631.5
49	990004.0
50	1009674.0
51	1029617.5
52	1030694.5
53	1030400.0
54	1023906.5
55	1015874.5
56	987506.0
57	960908.5
58	926328.0
59	888191.0
60	844751.0
61	798780.5
62	753978.0
63	711865.0
64	666754.5
65	618763.0
66	581228.5
67	548847.0
68	504985.5
69	457384.0
70	419160.5
71	380435.0
72	342106.0
73	303498.0
74	276694.5
75	228138.5
76	199173.5
77	180180.0
78	161460.0
79	143484.0
80	126126.5
81	113218.0
82	100266.0
83	90612.0
84	81473.5
85	74029.0
86	66224.0
87	60915.0
88	55142.0
89	49947.5
90	42839.0
91	36645.5
92	30672.0
93	24155.5
94	18940.5
95	14929.0
96	12418.5
97	11065.5
98	9989.5
99	9507.0
100	9159.0
>>END_MODULE
>>Per base N content	pass
#Base	N-Count
1	0.0
2	0.0
3	0.0
4	0.0
5	0.0
6	0.0
7	0.0
8	0.0
9	0.0
10	0.0
11	0.0
12	0.0
13	0.0
14	0.0
15	0.0
16	0.0
17	0.0
18	0.0
19	0.0
20	0.0
21	0.0
22	0.0
23	0.0
24	0.0
25	0.0
26	0.0
27	0.0
28	0.0
29	0.0
30	0.0
31	0.0
32	0.0
33	0.0
34	0.0
35	0.0
36	0.0
37	0.0
38	0.0
39	0.0
40	0.0
41	0.0
42	0.0
43	0.0
44	0.0
45	0.0
46	0.0
47	0.0
48	0.0
49	0.0
50	0.0
51	0.0
>>END_MODULE
>>Sequence Length Distribution	warn
#Length	Count
5	43626.0
6	43398.0
7	35626.0
8	41479.0
9	37578.0
10	42070.0
11	43872.0
12	40255.0
13	39513.0
14	43788.0
15	48035.0
16	37741.0
17	51256.0
18	41332.0
19	41465.0
20	43074.0
21	39936.0
22	37074.0
23	39977.0
24	37822.0
25	37883.0
26	38497.0
27	42107.0
28	38357.0
29	39760.0
30	40490.0
31	38275.0
32	39788.0
33	36733.0
34	37619.0
35	37036.0
36	37825.0
37	37122.0
38	36662.0
39	35923.0
40	34066.0
41	36884.0
42	34499.0
43	29968.0
44	17398.0
45	33412.0
46	48199.0
47	52623.0
48	33978.0
49	3464.0
50	0.0
51	1.1660763E7
>>END_MODULE
>>Sequence Duplication Levels	fail
#Total Duplicate Percentage	72.3660005955076
#Duplication Level	Relative count
1	100.0
2	41.117343173431735
3	20.931365313653135
4	13.783025830258303
5	9.979335793357933
6	7.740221402214022
7	6.422140221402214
8	5.272324723247232
9	4.723247232472325
10++	85.23394833948339
>>END_MODULE
>>Overrepresented sequences	pass
>>END_MODULE
>>Kmer Content	warn
#Sequence	Count	Obs/Exp Overall	Obs/Exp Max	Max Obs/Exp Position
AAAAA	2274355	5.546281	8.930417	10
TTCTT	1856170	3.7164721	6.891614	6
CTTCT	2039290	3.453232	5.65118	5
CAGCA	2103780	3.3578975	4.7978134	9
TTTTT	1345205	3.1846955	4.41134	11
TCTTC	1766350	2.9910495	5.5123086	7
TCTTG	1361095	2.5384939	5.1831045	7
CTCCT	1668750	2.3898563	7.034195	1
TTGAA	973210	2.1717322	6.4367695	7
GCCAG	1467315	2.1686637	6.389751	1
CTCCA	1444565	2.081088	7.1654882	1
TCCAG	1286410	2.041144	5.413712	2
GGCAG	1240430	2.0192125	5.063129	1
GTCCA	1016305	1.612569	5.5887446	1
>>END_MODULE
