##FastQC	0.10.1
>>Basic Statistics	pass
#Measure	Value	
Filename	Sample_4_L001_poly_any.fastq	
File type	Conventional base calls	
Encoding	Sanger / Illumina 1.9	
Total Sequences	14392472	
Filtered Sequences	0	
Sequence length	20-39	
%GC	54	
>>END_MODULE
>>Per base sequence quality	pass
#Base	Mean	Median	Lower Quartile	Upper Quartile	10th Percentile	90th Percentile
1	37.48934866783135	39.0	37.0	39.0	34.0	39.0
2	38.817008989143766	40.0	38.0	41.0	34.0	41.0
3	38.780004435652195	40.0	38.0	41.0	34.0	41.0
4	38.71921786611779	40.0	38.0	41.0	34.0	41.0
5	38.729994888994746	40.0	38.0	41.0	34.0	41.0
6	38.72422353852764	40.0	38.0	41.0	34.0	41.0
7	38.75939004779721	40.0	38.0	41.0	34.0	41.0
8	38.74818919223883	40.0	38.0	41.0	34.0	41.0
9	38.70844556793301	40.0	38.0	41.0	34.0	41.0
10	38.60739357352927	40.0	38.0	41.0	34.0	41.0
11	38.60642459474648	40.0	38.0	41.0	34.0	41.0
12	38.633848653657274	40.0	38.0	41.0	34.0	41.0
13	38.60985826479287	40.0	38.0	41.0	34.0	41.0
14	38.53877054615774	40.0	38.0	41.0	34.0	41.0
15	38.48213656417049	40.0	38.0	41.0	34.0	41.0
16	38.44755035827063	40.0	38.0	41.0	34.0	41.0
17	38.400124453950646	40.0	38.0	41.0	34.0	41.0
18	38.36497343889222	40.0	38.0	41.0	34.0	41.0
19	38.28004973711257	40.0	38.0	41.0	33.0	41.0
20	38.24355878545395	40.0	38.0	41.0	33.0	41.0
21	38.1992019330006	40.0	38.0	41.0	33.0	41.0
22	38.138031146674535	40.0	38.0	41.0	33.0	41.0
23	38.06550952515894	40.0	37.0	41.0	33.0	41.0
24	38.00548791765638	40.0	37.0	41.0	33.0	41.0
25	37.9393749246513	40.0	37.0	41.0	33.0	41.0
26	37.87294266759193	40.0	37.0	41.0	33.0	41.0
27	37.79279066436951	40.0	37.0	41.0	33.0	41.0
28	37.68863611634209	40.0	36.0	41.0	32.0	41.0
29	37.60096908562118	40.0	36.0	41.0	32.0	41.0
30	37.51096348589408	40.0	36.0	41.0	32.0	41.0
31	37.44491008687842	40.0	35.0	41.0	32.0	41.0
32	37.349241167226374	39.0	35.0	41.0	32.0	41.0
33	37.27878254480387	39.0	35.0	41.0	32.0	41.0
34	37.19635993277258	39.0	35.0	41.0	31.0	41.0
35	37.1027976892636	39.0	35.0	41.0	31.0	41.0
36	37.00309038704904	39.0	35.0	41.0	31.0	41.0
37	36.909120594947936	39.0	35.0	41.0	31.0	41.0
38	36.87838339710539	39.0	35.0	41.0	31.0	41.0
39	37.023422043697735	38.0	35.0	41.0	31.0	41.0
>>END_MODULE
>>Per sequence quality scores	pass
#Quality	Count
9	4.0
10	8.0
11	31.0
12	72.0
13	167.0
14	305.0
15	626.0
16	1154.0
17	1962.0
18	3389.0
19	5832.0
20	9546.0
21	15238.0
22	22692.0
23	33385.0
24	45997.0
25	61709.0
26	80476.0
27	101219.0
28	125974.0
29	153546.0
30	187200.0
31	227206.0
32	275949.0
33	343265.0
34	448882.0
35	595646.0
36	814607.0
37	1143552.0
38	1595506.0
39	2408707.0
40	5683447.0
41	5173.0
>>END_MODULE
>>Per base sequence content	pass
#Base	G	A	T	C
1	25.50635498891365	23.538458160627307	24.09481150979484	26.860375340664206
2	25.138412636828477	23.238315141415598	24.459724500419387	27.163547721336545
3	25.801043767880877	22.94694754313227	23.658326380624537	27.593682308362315
4	26.377845306907666	23.12032985021614	22.898915488597094	27.6029093542791
5	25.927283374252873	23.411259719664557	23.089403960626083	27.572052945456488
6	25.92910377035995	23.207430940286006	22.867399012483748	27.996066276870295
7	26.29655280899626	23.130501834570182	22.586585542775417	27.98635981365814
8	26.287909401526022	22.974732902033786	23.098172433477725	27.639185262962474
9	26.047172438480338	22.84997323600838	22.9479967027207	28.15485762279058
10	26.554965679280112	23.554938998665413	22.186202620369873	27.7038927016846
11	26.12461570187526	23.745941628373497	22.685595636385468	27.443847033365778
12	26.08351087985441	23.27237461361745	22.62126339380754	28.02285111272059
13	26.487451217553176	23.4489182956201	22.244427503489327	27.819202983337398
14	26.22986516840193	23.360629084426915	22.600245461655234	27.80926028551593
15	26.047290555784997	23.038634363853546	22.82560633086519	28.088468749496265
16	26.573468407650893	23.254566692921134	22.28253075635652	27.889434143071462
17	26.257198902315043	23.213663365125882	22.690952603555527	27.838185129003552
18	26.102715363976394	23.058735149875574	22.62024202652609	28.218307459621943
19	26.545175839147024	23.18230669477766	22.201071504603238	28.07144596147208
20	26.09734450065284	23.416707011832298	22.807193927492094	27.678754560022767
21	26.100098343585493	22.968781570764204	22.82610092975071	28.105019155899598
22	26.627846580942194	23.331904006855147	22.0755646629757	27.964684749226954
23	26.47508991171842	23.300324099518193	22.58772460982117	27.636861378942225
24	26.453007033670957	22.89085899678332	22.2875884977665	28.36854547177923
25	26.807407038883962	23.07901940225968	21.785423597646886	28.32814996120947
26	26.404003308671424	23.125098156199495	22.356099063758535	28.114799471370546
27	26.33641785761411	22.851739855905393	22.323908831129007	28.487933455351488
28	26.673443002741	23.1649215653496	21.818768989486564	28.34286644242284
29	26.464009145540235	23.08681693151357	22.427875209512298	28.0212987134339
30	26.481914809232965	22.901452455866668	22.055875777419367	28.560756957480997
31	26.866317737867636	23.138996311355093	21.774431248915388	28.220254701861887
32	26.402530786009738	22.916431504279323	22.377576877837658	28.303460831873284
33	26.45849939191359	22.681279174060677	22.1602021085809	28.700019325444824
34	27.154217295644067	22.736618096435926	21.621184178809727	28.487980429110284
35	27.195231739880114	22.762825741816652	21.67742810958936	28.364514408713877
36	26.45142601172248	22.46781119947232	21.865244561594825	29.21551822721038
37	26.733640128275276	22.235192521136156	21.36392004251775	29.667247308070817
38	28.381039497021334	20.82981149963053	21.046228284802424	29.74292071854571
39	27.04684180938871	22.705619007418456	20.660778891010622	29.586760292182213
>>END_MODULE
>>Per base GC content	pass
#Base	%GC
1	52.36673032957785
2	52.301960358165026
3	53.394726076243195
4	53.98075466118677
5	53.49933631970936
6	53.92517004723024
7	54.2829126226544
8	53.92709466448849
9	54.202030061270925
10	54.25885838096471
11	53.56846273524103
12	54.106361992575
13	54.30665420089058
14	54.039125453917855
15	54.13575930528126
16	54.46290255072235
17	54.095384031318595
18	54.32102282359834
19	54.6166218006191
20	53.776099060675605
21	54.20511749948509
22	54.592531330169145
23	54.11195129066064
24	54.82155250545018
25	55.135557000093435
26	54.51880278004197
27	54.824351312965604
28	55.016309445163834
29	54.48530785897413
30	55.042671766713966
31	55.08657243972952
32	54.70599161788302
33	55.15851871735842
34	55.64219772475435
35	55.559746148593995
36	55.66694423893286
37	56.40088743634609
38	58.12396021556705
39	56.63360210157092
>>END_MODULE
>>Per sequence GC content	pass
#GC Content	Count
0	5867.0
1	5616.0
2	4002.5
3	2630.0
4	2625.5
5	2451.0
6	2267.0
7	2139.5
8	2006.5
9	2153.5
10	2359.5
11	2467.5
12	3210.5
13	4086.5
14	5398.0
15	6788.0
16	7373.5
17	9712.5
18	12430.5
19	16887.5
20	21214.5
21	22452.5
22	29176.5
23	36290.0
24	47749.0
25	59634.0
26	63074.5
27	80193.5
28	98617.0
29	128768.0
30	158977.0
31	166029.5
32	214068.5
33	264642.5
34	276097.5
35	327003.5
36	378656.5
37	457188.0
38	539243.0
39	555828.5
40	640708.0
41	726463.5
42	811625.5
43	899723.5
44	917641.0
45	1002703.5
46	1087690.0
47	1165943.0
48	1238079.5
49	1243007.0
50	1289885.5
51	1334661.5
52	1336516.0
53	1342152.5
54	1348223.5
55	1313600.0
56	1271695.5
57	1255943.5
58	1197888.0
59	1143513.5
60	1058773.0
61	971209.0
62	958256.0
63	877521.0
64	795088.0
65	730528.0
66	666899.5
67	655724.0
68	590541.5
69	526310.5
70	517185.0
71	461180.5
72	404061.5
73	355841.5
74	309413.0
75	302708.0
76	265859.0
77	229731.5
78	199722.0
79	169855.0
80	165738.0
81	142301.5
82	119692.0
83	101800.5
84	84502.0
85	82273.0
86	70024.0
87	58586.0
88	48695.5
89	38967.5
90	38246.5
91	31152.0
92	24361.0
93	23510.5
94	18305.5
95	13726.0
96	10071.5
97	6537.0
98	6324.5
99	4481.5
100	2851.0
>>END_MODULE
>>Per base N content	pass
#Base	N-Count
1	0.0
2	0.0
3	0.0
4	0.0
5	0.0
6	0.0
7	0.0
8	0.0
9	0.0
10	0.0
11	0.0
12	0.0
13	0.0
14	0.0
15	0.0
16	0.0
17	0.0
18	0.0
19	0.0
20	0.0
21	0.0
22	0.0
23	0.0
24	0.0
25	0.0
26	0.0
27	0.0
28	0.0
29	0.0
30	0.0
31	0.0
32	0.0
33	0.0
34	0.0
35	0.0
36	0.0
37	0.0
38	0.0
39	0.0
>>END_MODULE
>>Sequence Length Distribution	warn
#Length	Count
20	79388.0
21	75609.0
22	76084.0
23	76996.0
24	74532.0
25	77987.0
26	78200.0
27	77303.0
28	77893.0
29	82920.0
30	85388.0
31	82018.0
32	66832.0
33	122446.0
34	200528.0
35	396180.0
36	418811.0
37	239667.0
38	151223.0
39	1.1852467E7
>>END_MODULE
>>Sequence Duplication Levels	fail
#Total Duplicate Percentage	79.00520820354356
#Duplication Level	Relative count
1	100.0
2	63.45598417408507
3	36.43719090009891
4	22.595450049455984
5	15.725024727992087
6	12.06923837784372
7	9.570722057368942
8	8.049455984174084
9	6.921859545004946
10++	120.82294757665677
>>END_MODULE
>>Overrepresented sequences	pass
>>END_MODULE
>>Kmer Content	warn
#Sequence	Count	Obs/Exp Overall	Obs/Exp Max	Max Obs/Exp Position
CAGCA	1742285	3.240872	3.6630473	27
>>END_MODULE
