##FastQC	0.10.1
>>Basic Statistics	pass
#Measure	Value	
Filename	Sample_4_L001_shorten.fastq	
File type	Conventional base calls	
Encoding	Sanger / Illumina 1.9	
Total Sequences	16314655	
Filtered Sequences	0	
Sequence length	8-39	
%GC	52	
>>END_MODULE
>>Per base sequence quality	pass
#Base	Mean	Median	Lower Quartile	Upper Quartile	10th Percentile	90th Percentile
1	37.48030896148279	39.0	37.0	39.0	34.0	39.0
2	38.81125981517844	40.0	38.0	41.0	34.0	41.0
3	38.77760553318473	40.0	38.0	41.0	34.0	41.0
4	38.70178952604269	40.0	38.0	41.0	34.0	41.0
5	38.720771478158746	40.0	38.0	41.0	34.0	41.0
6	38.722758096938	40.0	38.0	41.0	34.0	41.0
7	38.76173759114122	40.0	38.0	41.0	34.0	41.0
8	38.75375072289301	40.0	38.0	41.0	34.0	41.0
9	38.71504119687638	40.0	38.0	41.0	34.0	41.0
10	38.6166602986979	40.0	38.0	41.0	34.0	41.0
11	38.61815240615918	40.0	38.0	41.0	34.0	41.0
12	38.647098110840695	40.0	38.0	41.0	34.0	41.0
13	38.624914645867314	40.0	38.0	41.0	34.0	41.0
14	38.55655610272063	40.0	38.0	41.0	34.0	41.0
15	38.50409689966539	40.0	38.0	41.0	34.0	41.0
16	38.47226118339956	40.0	38.0	41.0	34.0	41.0
17	38.42823706822362	40.0	38.0	41.0	34.0	41.0
18	38.39734437856303	40.0	38.0	41.0	34.0	41.0
19	38.315299123885815	40.0	38.0	41.0	33.0	41.0
20	38.28227954011715	40.0	38.0	41.0	33.0	41.0
21	38.24020169767269	40.0	38.0	41.0	33.0	41.0
22	38.18273435164463	40.0	38.0	41.0	33.0	41.0
23	38.11440874568492	40.0	37.0	41.0	33.0	41.0
24	38.05968249554185	40.0	37.0	41.0	33.0	41.0
25	37.9990343500239	40.0	37.0	41.0	33.0	41.0
26	37.93994275008422	40.0	37.0	41.0	33.0	41.0
27	37.8672324146836	40.0	37.0	41.0	33.0	41.0
28	37.77248725465912	40.0	37.0	41.0	33.0	41.0
29	37.6943011499644	40.0	36.0	41.0	32.0	41.0
30	37.61291400429665	40.0	36.0	41.0	32.0	41.0
31	37.5556641319815	40.0	36.0	41.0	32.0	41.0
32	37.47141800838628	40.0	36.0	41.0	32.0	41.0
33	37.40842431143189	39.0	35.0	41.0	32.0	41.0
34	37.337865260280935	39.0	35.0	41.0	32.0	41.0
35	37.256459214405176	39.0	35.0	41.0	32.0	41.0
36	37.17580058113599	39.0	35.0	41.0	31.0	41.0
37	37.09792793991212	39.0	35.0	41.0	31.0	41.0
38	37.07709796491133	39.0	35.0	41.0	31.0	41.0
39	37.224405723840746	39.0	35.0	41.0	32.0	41.0
>>END_MODULE
>>Per sequence quality scores	pass
#Quality	Count
9	2.0
10	13.0
11	36.0
12	92.0
13	196.0
14	348.0
15	743.0
16	1289.0
17	2194.0
18	3715.0
19	6315.0
20	10652.0
21	17237.0
22	25865.0
23	38166.0
24	52415.0
25	70277.0
26	91477.0
27	115234.0
28	143071.0
29	174369.0
30	211991.0
31	256575.0
32	311326.0
33	387064.0
34	504258.0
35	667751.0
36	907853.0
37	1273790.0
38	1787599.0
39	2718869.0
40	6528565.0
41	5308.0
>>END_MODULE
>>Per base sequence content	pass
#Base	G	A	T	C
1	24.764277219270163	24.293104419480724	24.722106426209788	26.220511935039326
2	24.326321700209423	24.100383649075134	25.12157019130476	26.45172445941068
3	24.965989167408075	23.852045905966136	24.334734629693365	26.847230296932423
4	25.521219640989944	24.04567834088852	23.600026418269522	26.833075599852013
5	24.98930869078245	24.46354819805239	23.809381664446068	26.737761446719094
6	24.9710796791081	24.35471352041628	23.733541865708084	26.94066493476754
7	25.35321166232731	24.232133436381815	23.49078751362809	26.92386738766278
8	25.29805723100928	24.156947999871527	23.99638680616663	26.548607962952563
9	25.10683154227415	24.11531958492659	23.747651115982734	27.03019775681653
10	25.55460408417303	24.78917346161334	23.000672979490222	26.65554947472341
11	25.163749355995346	24.951847984422585	23.4877764988482	26.39662616073387
12	25.105364477637742	24.51434684881281	23.43164774910118	26.94864092444827
13	25.55442056673366	24.588422377807717	23.032763752996985	26.824393302461637
14	25.265464598102806	24.56526879316544	23.354576065158426	26.814690543573334
15	25.085582753892027	24.257019430756074	23.5837492016225	27.073648613729407
16	25.604159164925345	24.457583044084608	23.07214227015969	26.86611552083036
17	25.298916816277313	24.38811206524463	23.506677812268173	26.806293306209888
18	25.133413836564518	24.19419787088199	23.45621131975343	27.21617697280006
19	25.532595005396864	24.3504704077502	23.086002874353944	27.03093171249899
20	25.06019622793453	24.64870298107834	23.678797192684282	26.61230359830285
21	25.06898101602115	24.23874389884981	23.690442557906067	27.001832527222973
22	25.55055840134135	24.596566667695583	23.014408012674632	26.838466918288432
23	25.404155921672327	24.62039205661621	23.432789037836116	26.542662983875342
24	25.3447986901329	24.232695093880288	23.17380546366967	27.248700752317134
25	25.6189405311192	24.417217030919485	22.748060877640963	27.21578156032035
26	25.25469789874811	24.48574177547944	23.256783739871636	27.00277658590082
27	25.132747341681096	24.283902207985257	23.294667902991414	27.288682547342237
28	25.444458959178544	24.57529614165504	22.808416190556002	27.171828708610413
29	25.24282505178205	24.58016407984558	23.341260628605294	26.83575023976708
30	25.241613866088453	24.355976117056834	23.104794954051894	27.297615062802823
31	25.512876341047463	24.60613708533228	22.86587764989867	27.015108923721588
32	25.078115196967737	24.45989406621202	23.452453728915078	27.009537007905166
33	25.133690468300763	24.1985084785366	23.2029995525448	27.464801500617842
34	25.67230320078223	24.32033811644615	22.816502213274887	27.190856469496726
35	25.53306079353279	24.432826056193456	23.11734898780422	26.91676416246953
36	24.817809214320715	24.378815755452656	23.246531834955107	27.55684319527153
37	24.839136479218503	24.436412811010815	22.94880182128463	27.775648888486053
38	25.851671259078792	23.625802803005335	23.24370220727805	27.278823730637818
39	25.39267369759994	24.645053985520512	22.25902955703537	27.703242759844183
>>END_MODULE
>>Per base GC content	pass
#Base	%GC
1	50.984789154309496
2	50.778046159620104
3	51.8132194643405
4	52.35429524084195
5	51.72707013750154
6	51.91174461387563
7	52.27707904999009
8	51.84666519396185
9	52.13702929909068
10	52.21015355889643
11	51.560375516729216
12	52.05400540208601
13	52.3788138691953
14	52.08015514167613
15	52.15923136762143
16	52.470274685755705
17	52.1052101224872
18	52.34959080936458
19	52.56352671789586
20	51.67249982623737
21	52.07081354324412
22	52.38902531962978
23	51.94681890554767
24	52.59349944245004
25	52.83472209143956
26	52.257474484648924
27	52.42142988902333
28	52.61628766778895
29	52.07857529154912
30	52.53922892889127
31	52.52798526476905
32	52.0876522048729
33	52.5984919689186
34	52.86315967027896
35	52.449824956002324
36	52.37465240959224
37	52.614785367704556
38	53.13049498971662
39	53.09591645744411
>>END_MODULE
>>Per sequence GC content	pass
#GC Content	Count
0	19494.0
1	19055.5
2	16936.0
3	13912.5
4	11816.5
5	9878.5
6	7202.0
7	5562.0
8	5297.0
9	5971.5
10	6744.0
11	6716.5
12	8637.5
13	10715.0
14	16373.5
15	22083.0
16	22312.5
17	25194.5
18	28353.0
19	37329.0
20	46073.0
21	46716.0
22	61715.0
23	76292.5
24	101276.5
25	126487.5
26	128105.5
27	156561.5
28	184355.0
29	235498.0
30	288001.0
31	290376.5
32	362048.0
33	435760.0
34	439123.5
35	506776.0
36	576370.0
37	673775.0
38	772543.5
39	779272.0
40	869821.5
41	961164.5
42	1034631.5
43	1108203.0
44	1112969.5
45	1186584.5
46	1261664.5
47	1306304.0
48	1348119.5
49	1349144.0
50	1373593.5
51	1397423.5
52	1397962.0
53	1369412.5
54	1339212.5
55	1276406.0
56	1212987.0
57	1208198.0
58	1140850.5
59	1074531.5
60	988045.5
61	901118.0
62	897932.5
63	820713.5
64	742747.0
65	682362.5
66	623484.5
67	621219.5
68	558417.0
69	497045.5
70	493942.5
71	439563.5
72	385292.0
73	340620.0
74	296522.0
75	293388.5
76	257622.0
77	222550.5
78	193891.5
79	164574.5
80	162489.0
81	140307.0
82	118257.5
83	101132.0
84	84180.0
85	82783.5
86	71045.0
87	59659.5
88	49925.5
89	40330.0
90	39707.5
91	32636.0
92	25763.5
93	25068.0
94	19977.0
95	15254.5
96	11568.0
97	7946.5
98	7610.0
99	5757.0
100	4146.0
>>END_MODULE
>>Per base N content	pass
#Base	N-Count
1	2.819550888449679E-4
2	3.677675071890886E-5
3	0.0
4	0.04755233867954915
5	1.2258916906302954E-5
6	1.2258916906302954E-5
7	2.4517833812605908E-5
8	1.838837535945443E-5
9	3.9232201300424874E-4
10	6.622442242645916E-4
11	5.27404909661365E-4
12	2.4536527989277537E-5
13	1.1043122288223283E-4
14	4.295715588280453E-5
15	8.961143255291188E-4
16	0.00251100575664953
17	0.001252667060192433
18	9.213230075545416E-5
19	3.256107874731018E-4
20	0.0012659468591151707
21	0.0016166203819440838
22	0.0038367752199412945
23	0.00803234389945326
24	0.004263580318501139
25	0.005101802499440125
26	0.007874079736169692
27	0.006694428941808477
28	0.004559609500254475
29	0.00473469786339361
30	0.010761372005821014
31	0.009820052175975334
32	0.006310629714931982
33	0.008074704567906781
34	0.006134441300181821
35	0.007984218898633677
36	0.006882190660277372
37	0.00842034300335392
38	0.0
39	0.0
>>END_MODULE
>>Sequence Length Distribution	warn
#Length	Count
8	1525.0
9	4947.0
10	1926.0
11	4032.0
12	2487.0
13	4432.0
14	2742.0
15	4270.0
16	3041.0
17	4318.0
18	3833.0
19	4697.0
20	3898.0
21	4849.0
22	4394.0
23	5319.0
24	4786.0
25	5991.0
26	5786.0
27	7922.0
28	8784.0
29	14564.0
30	14752.0
31	12309.0
32	17469.0
33	23193.0
34	81715.0
35	291345.0
36	362156.0
37	61925.0
38	183943.0
39	1.5157305E7
>>END_MODULE
>>Sequence Duplication Levels	fail
#Total Duplicate Percentage	78.72712009550607
#Duplication Level	Relative count
1	100.0
2	63.407234076306814
3	36.27548187514873
4	22.42405013087967
5	15.693662251130325
6	11.983421908463551
7	9.500674228603158
8	7.916237011184263
9	6.8553184738637265
10++	122.54898072499405
>>END_MODULE
>>Overrepresented sequences	pass
>>END_MODULE
>>Kmer Content	warn
#Sequence	Count	Obs/Exp Overall	Obs/Exp Max	Max Obs/Exp Position
AAAAA	2464945	5.0621667	5.494934	29
TTCTT	1643925	3.5971658	4.022406	1
TTTTT	1424265	3.5941591	4.3207607	1
CTTCT	1731755	3.2857678	3.5072074	22
CAGCA	1926425	3.118787	3.4257326	27
TCTTC	1633825	3.099959	3.3667364	12
>>END_MODULE
