##FastQC	0.10.1
>>Basic Statistics	pass
#Measure	Value	
Filename	Sample_8_L002_trimmed.fastq	
File type	Conventional base calls	
Encoding	Sanger / Illumina 1.9	
Total Sequences	14005097	
Filtered Sequences	0	
Sequence length	20-51	
%GC	53	
>>END_MODULE
>>Per base sequence quality	pass
#Base	Mean	Median	Lower Quartile	Upper Quartile	10th Percentile	90th Percentile
1	32.46284020739021	34.0	31.0	34.0	31.0	34.0
2	32.651596986440005	34.0	31.0	34.0	31.0	34.0
3	32.7361267829848	34.0	31.0	34.0	31.0	34.0
4	36.10734870311859	37.0	35.0	37.0	35.0	37.0
5	36.19466291450891	37.0	35.0	37.0	35.0	37.0
6	36.10175902387538	37.0	36.0	37.0	35.0	37.0
7	36.066881935912335	37.0	35.0	37.0	35.0	37.0
8	36.05890341209347	37.0	35.0	37.0	35.0	37.0
9	37.78598177506375	39.0	38.0	39.0	35.0	39.0
10	37.815032270037115	39.0	38.0	39.0	35.0	39.0
11	37.82552373610836	39.0	38.0	39.0	35.0	39.0
12	37.790062717880495	39.0	38.0	39.0	35.0	39.0
13	37.69319926880906	39.0	38.0	39.0	35.0	39.0
14	39.07064285238439	41.0	39.0	41.0	36.0	41.0
15	39.03938937374014	41.0	39.0	41.0	36.0	41.0
16	39.010603710920385	41.0	38.0	41.0	35.0	41.0
17	38.99742629415562	41.0	38.0	41.0	35.0	41.0
18	38.99643843951956	41.0	38.0	41.0	35.0	41.0
19	39.02482339108398	41.0	39.0	41.0	35.0	41.0
20	38.944591172770885	41.0	39.0	41.0	35.0	41.0
21	38.94991522995308	40.0	39.0	41.0	35.0	41.0
22	38.953931981901015	40.0	39.0	41.0	35.0	41.0
23	38.93672337624643	40.0	39.0	41.0	35.0	41.0
24	38.91417292615196	40.0	38.0	41.0	35.0	41.0
25	38.87962427653789	40.0	38.0	41.0	35.0	41.0
26	38.830413290429576	40.0	38.0	41.0	35.0	41.0
27	38.77648830813451	40.0	38.0	41.0	35.0	41.0
28	38.73605329029449	40.0	38.0	41.0	35.0	41.0
29	38.686465955883975	40.0	38.0	41.0	34.0	41.0
30	38.6565531845631	40.0	38.0	41.0	34.0	41.0
31	38.614696808833884	40.0	38.0	41.0	34.0	41.0
32	38.55823425933494	40.0	38.0	41.0	34.0	41.0
33	38.49496467242926	40.0	38.0	41.0	34.0	41.0
34	38.44682957520497	40.0	38.0	41.0	34.0	41.0
35	38.376145795289794	40.0	38.0	41.0	34.0	41.0
36	38.16460662563806	40.0	38.0	41.0	33.0	41.0
37	38.17884213420673	40.0	37.0	41.0	33.0	41.0
38	38.14426040691713	40.0	37.0	41.0	33.0	41.0
39	38.074168776712085	40.0	37.0	41.0	33.0	41.0
40	37.99770802464255	40.0	37.0	41.0	33.0	41.0
41	37.931819263055026	40.0	37.0	41.0	33.0	41.0
42	37.8004165905778	40.0	37.0	41.0	33.0	41.0
43	37.76341925547093	40.0	36.0	41.0	33.0	41.0
44	37.69187279430922	40.0	36.0	41.0	33.0	41.0
45	37.620593970279934	40.0	36.0	41.0	33.0	41.0
46	37.53954418314939	39.0	35.0	41.0	33.0	41.0
47	37.4575893609167	39.0	35.0	41.0	33.0	41.0
48	37.376710165994304	39.0	35.0	41.0	32.0	41.0
49	37.267979751657464	39.0	35.0	41.0	32.0	41.0
50	37.24037095516651	39.0	35.0	41.0	32.0	41.0
51	37.35122047914518	39.0	35.0	41.0	32.0	41.0
>>END_MODULE
>>Per sequence quality scores	pass
#Quality	Count
9	1.0
10	2.0
11	5.0
12	14.0
13	40.0
14	80.0
15	166.0
16	312.0
17	536.0
18	955.0
19	1583.0
20	3094.0
21	5829.0
22	9786.0
23	16382.0
24	25670.0
25	38388.0
26	55379.0
27	75609.0
28	99235.0
29	127072.0
30	160778.0
31	202185.0
32	256343.0
33	331235.0
34	453060.0
35	641540.0
36	969248.0
37	1529629.0
38	2494825.0
39	6312357.0
40	193756.0
41	3.0
>>END_MODULE
>>Per base sequence content	fail
#Base	G	A	T	C
1	38.31391917364419	10.121279548179556	11.140969521841464	40.423831756334785
2	25.36614358790763	11.198133421891592	29.53481279988644	33.900910190314335
3	23.84422042377323	16.00583662866503	20.869631965360103	39.28031098220164
4	26.028066781686697	22.23869638318107	18.79272239242613	32.94051444270611
5	27.36446076485302	25.827641595602056	21.654503475020807	25.153394164524112
6	26.18960962899856	28.760064570918082	21.01620292468528	24.03412287539808
7	20.78598241768693	24.490133841986243	33.55326278711244	21.17062095321439
8	23.22507298592791	22.095105803265767	28.071644202107276	26.608177008699048
9	22.978448489146487	20.20293754480958	29.13948400357384	27.679129962470096
10	23.227165081398578	31.632676303491507	23.54566341097102	21.594495204138894
11	26.9861965254507	25.41983822032793	20.573445510588037	27.020519743633336
12	25.616561285977618	21.975550899472594	23.756017095491526	28.651870719058266
13	24.98617110415888	24.30951021753155	24.620968297608833	26.083350380700736
14	24.687861854866124	24.01533527400774	24.959355868795484	26.33744700233065
15	25.297743768528548	23.686071317412775	24.05361654868209	26.962568365376587
16	25.896695031579934	23.875623558738905	23.250358298150903	26.97732311153026
17	25.37904774090802	24.170844669683092	23.483787615593638	26.966319973815246
18	25.32604922180458	24.002652177843288	23.43951422246791	27.231784377884217
19	25.732215720936967	23.94488034139578	23.06605725031192	27.256846687355328
20	25.84712046161496	23.76979030198445	23.608027708779066	26.775061527621524
21	25.50854780470399	23.63746434204672	23.46928669240792	27.384701160841367
22	25.932158822358215	24.380565151280134	22.699368496105482	26.987907530256173
23	25.530353365599733	24.6632786158629	23.185571951584542	26.620796066952824
24	25.591095201601345	24.096516697854167	23.11170505894648	27.200683041598005
25	25.999462650840133	24.302669450900165	22.6005470503053	27.097320847954403
26	25.708984010234502	24.20369464593417	23.00052912933433	27.086792214497002
27	25.46154695473235	23.784971241193432	23.347598692355987	27.40588311171824
28	25.92711311607277	23.970888985849367	22.819191456805	27.28280644127286
29	25.6510658359483	24.01080470415754	23.20204578061679	27.136083679277373
30	25.463654765273326	23.725786727172355	23.21676770885894	27.593790798695384
31	25.953309860549588	23.93448935613616	22.753884166123363	27.358316617190887
32	25.411570239187515	24.28110848893182	23.355529970179237	26.951791301701427
33	25.39602592962975	23.82503951283171	23.407939357727127	27.37099519981141
34	25.87730419876418	24.272726004698793	22.716122855312715	27.13384694122431
35	25.777049187834635	24.30582585123104	23.079564330434366	26.83756063049996
36	25.734459876558667	23.930723087719258	22.84659316903401	27.48822386668806
37	26.006396252143226	24.03023432979777	22.409635260177332	27.55373415788167
38	25.61381143376008	24.14924158927358	22.9087759507731	27.32817102619324
39	25.54313211833521	23.936382529772352	22.953989074841814	27.56649627705062
40	25.765148138868344	24.232509625727975	22.40571642964247	27.59662580576121
41	25.60563823319405	24.207823865401227	22.994738160143793	27.19179974126093
42	25.6127530952287	23.950877922673964	22.7545294499403	27.68183953215703
43	25.8357175343001	24.301006469180187	22.566158124020255	27.29711787249946
44	25.44329338685306	24.0711086777582	23.177983145362564	27.307614790026175
45	25.38751565592845	23.82068010588709	22.90796713282233	27.883837105362137
46	26.053671119843113	23.900900583441146	22.530493483480914	27.51493481323483
47	25.870077808768123	24.02780252120769	22.797616224389103	27.304503445635085
48	24.950370380943284	24.0603848736308	22.953605006356092	28.035639739069822
49	25.134930630617227	24.12753727229916	22.61512825380592	28.1224038432777
50	26.25076053090333	23.312865077446016	22.8548430668224	27.58153132482825
51	25.794027573186156	24.190355756354972	21.947485206030816	28.06813146442806
>>END_MODULE
>>Per base GC content	fail
#Base	%GC
1	78.73775092997897
2	59.267053778221964
3	63.12453140597487
4	58.9685812243928
5	52.51785492937714
6	50.22373250439664
7	41.95660337090133
8	49.833249994626954
9	50.65757845161658
10	44.821660285537476
11	54.00671626908403
12	54.26843200503588
13	51.069521484859614
14	51.02530885719677
15	52.26031213390514
16	52.87401814311019
17	52.34536771472327
18	52.5578335996888
19	52.9890624082923
20	52.62218198923648
21	52.89324896554536
22	52.920066352614384
23	52.15114943255256
24	52.79177824319935
25	53.09678349879453
26	52.795776224731505
27	52.86743006645058
28	53.20991955734563
29	52.78714951522567
30	53.057445563968706
31	53.31162647774047
32	52.363361540888945
33	52.76702112944116
34	53.011151139988485
35	52.61460981833459
36	53.22268374324673
37	53.5601304100249
38	52.941982459953316
39	53.10962839538583
40	53.361773944629554
41	52.79743797445497
42	53.29459262738574
43	53.13283540679956
44	52.75090817687924
45	53.27135276129059
46	53.56860593307794
47	53.17458125440321
48	52.986010120013106
49	53.25733447389492
50	53.83229185573158
51	53.86215903761421
>>END_MODULE
>>Per sequence GC content	pass
#GC Content	Count
0	4858.0
1	3877.0
2	1905.0
3	813.5
4	695.5
5	684.0
6	661.5
7	583.0
8	533.0
9	643.0
10	770.0
11	983.0
12	1187.5
13	1527.0
14	1913.0
15	2716.0
16	3555.0
17	4839.0
18	6330.0
19	8843.0
20	11220.5
21	15246.0
22	19304.5
23	24241.0
24	29689.0
25	37365.5
26	54662.0
27	65217.5
28	82284.5
29	99597.0
30	121274.5
31	142999.0
32	171589.5
33	200325.5
34	241682.5
35	285078.5
36	338027.0
37	389026.0
38	433734.0
39	479820.0
40	530973.0
41	582619.0
42	633781.0
43	683735.5
44	743320.0
45	803681.5
46	834298.0
47	863206.5
48	892827.5
49	923302.5
50	933805.5
51	943333.5
52	947752.0
53	951594.0
54	941587.5
55	931123.0
56	902040.5
57	873135.0
58	834177.5
59	794033.5
60	750617.5
61	707464.0
62	661319.5
63	615106.5
64	567568.0
65	519972.5
66	486528.0
67	454037.5
68	410627.0
69	366525.5
70	334890.5
71	303227.5
72	269185.0
73	235414.5
74	212344.0
75	169385.0
76	147221.5
77	129316.5
78	111849.0
79	97412.0
80	83366.5
81	72813.5
82	62257.0
83	54706.5
84	47266.5
85	41411.0
86	35564.5
87	30446.0
88	25508.5
89	21582.0
90	17663.5
91	14567.5
92	11458.5
93	9033.5
94	6645.0
95	5006.0
96	3398.5
97	2529.0
98	1620.5
99	1070.5
100	613.0
>>END_MODULE
>>Per base N content	pass
#Base	N-Count
1	0.07252359623071515
2	2.8561030316319838E-5
3	0.003120292562057942
4	0.0
5	7.1402575790799595E-6
6	0.0046411674264019735
7	0.0
8	0.0
9	0.0
10	0.0
11	0.0
12	7.1402575790799595E-6
13	1.4280515158159919E-5
14	0.0
15	1.2852463642343926E-4
16	7.1402575790799595E-6
17	7.1402575790799595E-6
18	2.1420772737239876E-5
19	2.1420772737239876E-5
20	3.57012878953998E-5
21	8.425949152824367E-4
22	6.427298364402536E-5
23	5.070837456662195E-4
24	0.0015714338469564862
25	0.0010001080831092675
26	1.428918655804789E-4
27	0.012833245479907291
28	0.007053555999874794
29	0.002144198338918136
30	0.010200643877222563
31	5.076123986115728E-4
32	0.0014158280566923297
33	0.008374631374973584
34	9.584902890985535E-4
35	0.010666796394751592
36	0.012064152094754685
37	0.0057970010467523125
38	0.005204129659423001
39	0.014735234049646138
40	0.008379773032773078
41	0.00669910898268119
42	0.019049999401326703
43	0.008321918793425082
44	0.0028852965431707114
45	0.0038069860924333345
46	0.00647906338487125
47	0.006405567262143429
48	0.0052382236712679164
49	0.018221915275833587
50	0.0
51	0.0
>>END_MODULE
>>Sequence Length Distribution	warn
#Length	Count
20	740.0
21	1584.0
22	1141.0
23	1679.0
24	1466.0
25	1889.0
26	1697.0
27	1959.0
28	1699.0
29	1930.0
30	2263.0
31	2301.0
32	2044.0
33	2386.0
34	2364.0
35	2667.0
36	2546.0
37	3067.0
38	3151.0
39	4332.0
40	5112.0
41	9573.0
42	8414.0
43	6383.0
44	10936.0
45	15443.0
46	74613.0
47	239324.0
48	284243.0
49	41103.0
50	130445.0
51	1.3136603E7
>>END_MODULE
>>Sequence Duplication Levels	fail
#Total Duplicate Percentage	70.65088610321715
#Duplication Level	Relative count
1	100.0
2	38.619842759749886
3	19.58163366127006
4	12.843169082671109
5	9.293265769898513
6	7.153443335638771
7	5.99319660677234
8	4.903524496450097
9	4.372803364997812
10++	79.53759509929849
>>END_MODULE
>>Overrepresented sequences	pass
>>END_MODULE
>>Kmer Content	warn
#Sequence	Count	Obs/Exp Overall	Obs/Exp Max	Max Obs/Exp Position
AAAAA	2505690	5.371907	8.51185	10
TTCTT	1996825	3.8194544	7.1190696	6
CTTCT	2190360	3.5064955	5.8684874	5
TTTTT	1531810	3.5008197	4.9005446	11
CAGCA	2296865	3.237084	4.5282574	9
TCTTC	1893005	3.0304673	5.638136	7
TCTTG	1478805	2.5546916	5.1921573	7
CTCCT	1805885	2.4196045	7.281172	1
TCCTC	1625555	2.1779904	5.0294886	2
GCCAG	1646995	2.12339	6.2227035	1
TTGAA	1052015	2.1166425	6.2830787	7
CTCCA	1569645	2.0763617	7.283323	1
TCCAG	1417225	2.023066	5.53226	2
GTCCA	1098280	1.567777	5.6164637	1
>>END_MODULE
