##FastQC	0.10.1
>>Basic Statistics	pass
#Measure	Value	
Filename	Sample_1_L002_trimmed.fastq	
File type	Conventional base calls	
Encoding	Sanger / Illumina 1.9	
Total Sequences	89648	
Filtered Sequences	0	
Sequence length	20-51	
%GC	51	
>>END_MODULE
>>Per base sequence quality	pass
#Base	Mean	Median	Lower Quartile	Upper Quartile	10th Percentile	90th Percentile
1	32.424114313760484	34.0	31.0	34.0	30.0	34.0
2	32.64073933606996	34.0	31.0	34.0	31.0	34.0
3	32.71685927181867	34.0	31.0	34.0	31.0	34.0
4	36.067787346064605	37.0	35.0	37.0	35.0	37.0
5	36.166573710512225	37.0	35.0	37.0	35.0	37.0
6	36.05217071211851	37.0	35.0	37.0	35.0	37.0
7	36.02971622345172	37.0	35.0	37.0	35.0	37.0
8	36.01206942709263	37.0	35.0	37.0	35.0	37.0
9	37.73991611636623	39.0	38.0	39.0	35.0	39.0
10	37.76981081563448	39.0	38.0	39.0	35.0	39.0
11	37.76807067642334	39.0	38.0	39.0	35.0	39.0
12	37.73446144922363	39.0	38.0	39.0	35.0	39.0
13	37.63867570944137	39.0	37.0	39.0	35.0	39.0
14	39.012939496698195	41.0	38.0	41.0	35.0	41.0
15	38.97995493485633	41.0	38.0	41.0	35.0	41.0
16	38.948598964840265	40.0	38.0	41.0	35.0	41.0
17	38.94916785650544	40.0	38.0	41.0	35.0	41.0
18	38.95268159914332	40.0	38.0	41.0	35.0	41.0
19	38.99054078172408	41.0	39.0	41.0	35.0	41.0
20	38.901046314474385	40.0	39.0	41.0	35.0	41.0
21	38.913743473021825	40.0	38.0	41.0	35.0	41.0
22	38.91539406117437	40.0	38.0	41.0	35.0	41.0
23	38.89667727191253	40.0	38.0	41.0	35.0	41.0
24	38.860036539836365	40.0	38.0	41.0	35.0	41.0
25	38.8395846867485	40.0	38.0	41.0	35.0	41.0
26	38.82061059986756	40.0	38.0	41.0	35.0	41.0
27	38.769626990109415	40.0	38.0	41.0	35.0	41.0
28	38.744658974066034	40.0	38.0	41.0	35.0	41.0
29	38.68097240953665	40.0	38.0	41.0	34.0	41.0
30	38.66344614680997	40.0	38.0	41.0	34.0	41.0
31	38.61502207783294	40.0	38.0	41.0	34.0	41.0
32	38.56112554806361	40.0	38.0	41.0	34.0	41.0
33	38.50552938884496	40.0	38.0	41.0	34.0	41.0
34	38.4596705742011	40.0	38.0	41.0	34.0	41.0
35	38.39319251521065	40.0	38.0	41.0	34.0	41.0
36	38.203387298778594	40.0	38.0	41.0	33.0	41.0
37	38.20190725978075	40.0	38.0	41.0	33.0	41.0
38	38.16730445607322	40.0	37.0	41.0	33.0	41.0
39	38.12209000357798	40.0	37.0	41.0	33.0	41.0
40	38.04502295673494	40.0	37.0	41.0	33.0	41.0
41	37.98752958099392	40.0	37.0	41.0	33.0	41.0
42	37.86404517883288	40.0	37.0	41.0	33.0	41.0
43	37.85271399112229	40.0	37.0	41.0	33.0	41.0
44	37.7891415616893	40.0	36.0	41.0	33.0	41.0
45	37.73877484064492	40.0	36.0	41.0	33.0	41.0
46	37.671421515593394	40.0	36.0	41.0	33.0	41.0
47	37.58117198417774	40.0	36.0	41.0	33.0	41.0
48	37.50521656273746	39.0	35.0	41.0	33.0	41.0
49	37.41241800190248	39.0	35.0	41.0	32.0	41.0
50	37.41623289708507	39.0	35.0	41.0	32.0	41.0
51	37.50987261943492	39.0	35.0	41.0	33.0	41.0
>>END_MODULE
>>Per sequence quality scores	pass
#Quality	Count
15	1.0
16	1.0
17	3.0
18	4.0
19	8.0
20	9.0
21	27.0
22	64.0
23	114.0
24	155.0
25	243.0
26	369.0
27	499.0
28	644.0
29	832.0
30	1109.0
31	1311.0
32	1654.0
33	2254.0
34	2905.0
35	4069.0
36	6159.0
37	9515.0
38	16131.0
39	40201.0
40	1367.0
>>END_MODULE
>>Per base sequence content	fail
#Base	G	A	T	C
1	33.199763369088416	13.352903751492896	14.098514359701309	39.34881851971738
2	25.29225414956273	13.57308584686775	29.838925575584508	31.295734427985007
3	23.8242380973629	18.95386194279595	21.08451206996564	36.137387889875505
4	26.314028199179013	23.231973942530786	19.134838479386044	31.31915937890416
5	27.08705157951098	26.75687131893628	22.718855970016065	23.437221131536674
6	25.35976439615359	28.024809798978158	23.931862296691282	22.68356350817697
7	22.572728895234697	23.940299839371765	32.7692753881849	20.717695877208637
8	22.638541852578975	23.79082634303052	28.444583258968407	25.126048545422098
9	22.713278600749597	21.023335713010887	29.871274317330005	26.392111368909514
10	23.975995002677138	30.746921292164913	23.484071033374978	21.793012671782975
11	26.416651793681957	26.2995270390862	21.17950205247189	26.10431911475995
12	25.567776191326075	22.8538283062645	24.144431554524363	27.433963947885058
13	23.525343565946812	24.58950562198822	25.862261288595395	26.022889523469573
14	24.43110833482063	25.043503480278424	25.452882384436908	25.072505800464036
15	26.113242905586294	24.824870605033016	23.98938068891665	25.072505800464036
16	24.626590962330027	25.381775184891854	24.764911263065134	25.226722589712985
17	24.77578975548813	25.58562377297876	23.77409423523113	25.864492236301984
18	25.857799393182223	24.157817240763876	24.10873639121899	25.875646974834908
19	24.905184722470107	23.482955559521685	23.97711047653043	27.63474924147778
20	24.986614313760487	24.505845082991254	25.301177940389074	25.206362662859185
21	25.78435310394073	23.86307850225376	24.04159414468693	26.31097424911858
22	25.94887251618665	24.44630497878991	23.74302299620451	25.861799508818933
23	24.974793305101837	25.72651296184267	23.823127422643452	25.475566310412045
24	25.20852956864169	25.08142583156485	23.751376011439337	25.958668588354122
25	25.454462565961183	25.068098152517067	23.500985856099202	25.97645342542255
26	25.20379969401503	24.525609115612085	24.001552759573446	26.26903843079944
27	24.44030703157125	24.438022570475624	24.51455201717915	26.607118380773976
28	25.476731830490273	24.295328085189034	23.750328485083923	26.477611599236774
29	25.58689738724941	24.25880631814753	24.331954191144536	25.822342103458524
30	24.757298205893452	24.331926863572434	24.21071890043795	26.700056030096164
31	25.21448671898236	24.14834473449404	24.219268342904208	26.417900203619393
32	25.04779458060971	24.675740959097	24.431902739459435	25.84456172083386
33	24.87708722509369	24.753314920292926	24.25020342207502	26.11939443253836
34	24.894185659719433	25.109828976497173	23.5211800736399	26.474805290143493
35	25.40498960976338	24.75861356356414	23.768957876488216	26.06743895018427
36	25.00603288785723	24.781954196017146	23.879893821173713	26.33211909495191
37	25.28731665228645	25.05033074489502	23.248777681909694	26.41357492090883
38	25.223625968277393	24.82017705643674	23.855357801549243	26.100839173736627
39	24.90390054138914	24.73882879867019	23.76686790797539	26.590402751965275
40	25.75414083464421	24.76751179790876	22.94808920144351	26.530258166003517
41	25.34281537854707	24.76275551636929	23.962272906563957	25.932156198519685
42	25.092401032102096	24.89248936516423	23.44312977986471	26.57197982286896
43	25.44683429263859	24.755901475077483	23.617551790832614	26.179712441451308
44	25.013146977363824	24.807469820383073	24.178752147339637	26.000631054913466
45	25.056245605812045	24.410592922427934	23.805952659948442	26.727208811811575
46	25.301955803314165	24.87621870185466	23.336743934422373	26.4850815604088
47	25.38432385058152	24.875050335173036	23.38039178529976	26.360234028945683
48	24.612211420162595	24.77384025281644	23.771500253298917	26.842448073722046
49	24.812503861123123	24.78285043553469	23.302650274911965	27.10199542843022
50	25.87745389649018	23.79783858814198	23.383898473131072	26.94080904223676
51	25.3046873044871	24.84421532070372	23.157486423584174	26.693610951225004
>>END_MODULE
>>Per base GC content	fail
#Base	%GC
1	72.5485818888058
2	56.58798857754774
3	59.961625987238406
4	57.63318757808317
5	50.52427271104766
6	48.04332790433056
7	43.29042477244334
8	47.764590398001076
9	49.105389969659115
10	45.76900767446011
11	52.52097090844191
12	53.00174013921114
13	49.548233089416385
14	49.50361413528467
15	51.185748706050326
16	49.85331355204301
17	50.64028199179012
18	51.733446368017134
19	52.53993396394788
20	50.19297697661966
21	52.095327353059304
22	51.81067202500558
23	50.45035961551388
24	51.16719815699581
25	51.43091599138373
26	51.472838124814466
27	51.04742541234523
28	51.95434342972705
29	51.40923949070794
30	51.45735423598962
31	51.63238692260175
32	50.89235630144356
33	50.99648165763205
34	51.368990949862926
35	51.472428559947645
36	51.338151982809144
37	51.700891573195285
38	51.32446514201402
39	51.49430329335441
40	52.28439900064773
41	51.27497157706675
42	51.66438085497106
43	51.62654673408991
44	51.01377803227729
45	51.78345441762362
46	51.787037363722966
47	51.74455787952721
48	51.454659493884634
49	51.91449928955335
50	52.818262938726946
51	51.99829825571211
>>END_MODULE
>>Per sequence GC content	pass
#GC Content	Count
0	50.0
1	42.5
2	20.0
3	5.5
4	5.0
5	5.5
6	6.5
7	5.5
8	4.0
9	4.0
10	4.5
11	8.5
12	13.0
13	14.5
14	17.0
15	27.0
16	37.5
17	53.5
18	71.0
19	87.5
20	105.0
21	134.5
22	161.5
23	201.5
24	257.5
25	341.0
26	473.0
27	537.5
28	669.5
29	808.5
30	973.5
31	1152.5
32	1384.5
33	1619.5
34	1970.5
35	2332.0
36	2728.5
37	3264.5
38	3755.0
39	4127.0
40	4434.0
41	4713.0
42	5090.5
43	5510.0
44	5971.0
45	6381.5
46	6359.0
47	6298.5
48	6276.0
49	6326.0
50	6264.5
51	6131.5
52	5978.5
53	5887.0
54	5815.0
55	5692.0
56	5617.5
57	5516.0
58	5087.0
59	4621.5
60	4265.0
61	3964.0
62	3694.5
63	3413.5
64	3108.5
65	2824.0
66	2626.5
67	2421.5
68	2131.5
69	1846.0
70	1681.0
71	1527.0
72	1409.5
73	1282.5
74	1143.0
75	903.0
76	790.0
77	684.0
78	576.0
79	500.5
80	424.0
81	376.5
82	329.0
83	275.5
84	224.5
85	190.5
86	161.5
87	139.0
88	114.5
89	96.0
90	79.0
91	67.0
92	52.5
93	43.5
94	36.0
95	26.5
96	16.5
97	13.5
98	10.0
99	5.0
100	1.0
>>END_MODULE
>>Per base N content	pass
#Base	N-Count
1	0.06358200963769409
2	0.0
3	0.004461895413171515
4	0.0
5	0.0
6	0.006692843119757273
7	0.0
8	0.0
9	0.0
10	0.0
11	0.0
12	0.0
13	0.0
14	0.0
15	0.0
16	0.0011154738532928787
17	0.0
18	0.0
19	0.0
20	0.0
21	0.0
22	0.0
23	0.0022405449005198064
24	0.006808665161195148
25	0.0
26	0.0
27	0.011421000936522076
28	0.007997258082942991
29	0.0
30	0.008003658815458494
31	0.0
32	0.0
33	0.004583949301520725
34	0.001147025762198619
35	0.010331764435770864
36	0.009192126943273086
37	0.006902025744556027
38	0.006915788745706448
39	0.013850255652635588
40	0.012721616339181422
41	0.006960233863857825
42	0.02324014037044784
43	0.008155371477170785
44	0.0035057377240750695
45	0.004686914135733034
46	0.008231807704972012
47	0.00473720362869798
48	0.003618425020202873
49	0.014824514805984162
50	0.0
51	0.0
>>END_MODULE
>>Sequence Length Distribution	warn
#Length	Count
20	20.0
21	48.0
22	316.0
23	1141.0
24	382.0
25	155.0
26	28.0
27	28.0
28	36.0
29	34.0
30	42.0
31	65.0
32	92.0
33	79.0
34	72.0
35	79.0
36	100.0
37	173.0
38	117.0
39	174.0
40	263.0
41	146.0
42	225.0
43	259.0
44	230.0
45	308.0
46	598.0
47	1529.0
48	1962.0
49	259.0
50	770.0
51	79918.0
>>END_MODULE
>>Sequence Duplication Levels	warn
#Total Duplicate Percentage	28.044440974042633
#Duplication Level	Relative count
1	100.0
2	11.643878088859951
3	1.9967134840169907
4	0.5720398102502093
5	0.2232350479025207
6	0.12867020122159178
7	0.07286143924596161
8	0.04650730164635848
9	0.018602920658543392
10++	0.17517750286795028
>>END_MODULE
>>Overrepresented sequences	warn
#Sequence	Count	Percentage	Possible Source
TGAGATGAAGCACTGTAGCTCTA	282	0.31456362662859183	No Hit
TCAGTGCACTACAGAACTTTGTA	250	0.27886846332321974	No Hit
TGAGATGAAGCACTGTAGCTCA	159	0.17736034267356773	No Hit
TGAGATGAAGCACTGTAGCTCGA	90	0.10039264679635909	No Hit
>>END_MODULE
>>Kmer Content	warn
#Sequence	Count	Obs/Exp Overall	Obs/Exp Max	Max Obs/Exp Position
AAAAA	15085	4.396182	6.145107	10
TTTTT	10965	3.3839293	8.710009	27
TTCTT	11110	3.0904338	5.420112	6
CAGCA	13130	3.0530899	7.2481146	10
CTTCT	12040	3.0187328	5.289509	1
AGCAG	10340	2.531233	7.3521657	17
CAAAA	8725	2.3182755	8.09958	13
CTCCT	10255	2.3175368	7.151537	1
AGAAA	8155	2.2811842	6.731889	14
TCTTG	8275	2.184253	5.081893	7
AAAAG	7530	2.106354	8.847626	14
TGAAG	7495	2.035591	9.525641	6
CTCCA	8935	1.9962232	8.248401	1
GATGA	7275	1.9758404	10.708564	4
CAGAA	7660	1.9535942	7.014522	12
TCCAG	8220	1.9334065	5.661725	2
TTGAA	6745	1.9305063	5.641557	7
AACAA	7195	1.9117469	5.726112	17
TCAGC	8105	1.9063575	7.4933734	9
ATCAG	7090	1.8290615	11.766475	8
GGCAG	7735	1.8175149	6.088712	1
AAGCA	7105	1.8120482	9.411152	8
GAAGC	6975	1.707481	8.921133	7
ATGAA	6010	1.7005416	10.183484	5
TTTGT	5790	1.6955897	6.046554	18
GCAGG	7065	1.6600834	6.576591	18
AAACA	6205	1.6486992	5.2373223	16
AGCAC	7060	1.6416461	8.846963	9
AGCAA	6365	1.6233195	6.2546153	11
AGCTC	6855	1.6123481	8.843569	17
GATCA	6225	1.6059109	10.879556	7
CTTTG	5935	1.5665911	5.567435	17
AGATG	5475	1.4869727	9.712959	3
TGATC	5665	1.4782859	10.9469595	6
AAAGC	5795	1.4779478	6.663797	15
GCAAA	5750	1.4664711	6.488434	12
CAGTG	5585	1.3829653	5.0522666	2
GAACT	5275	1.3608322	6.4449544	14
TGTAG	4935	1.355759	10.515333	14
AGAAC	5215	1.3300254	5.786981	13
CACTG	5555	1.3065782	8.787193	11
CAAGG	5315	1.3011128	5.4116993	19
GTAGA	4780	1.2982154	5.664629	12
GAAAC	4990	1.2726419	5.027075	15
TCAGT	4850	1.265611	5.203422	9
TGAGA	4595	1.2479707	9.90251	1
AACTT	4570	1.2424208	6.3557076	15
TTGTA	4260	1.2333188	5.533432	19
AGTAG	4540	1.2330331	5.1666403	11
GTGAT	4455	1.2238916	12.40639	5
TAGAA	4325	1.2237675	5.706985	13
GCACT	5165	1.2148473	8.517649	10
CTGTA	4450	1.1612307	9.988177	13
ACAGA	4550	1.160425	5.553164	11
GTGCA	4595	1.13782	5.0519843	4
ACTTT	4115	1.1316154	5.735636	16
GAGAT	3885	1.0551395	9.526172	2
ACTGT	4005	1.0451077	9.390083	12
GTAGC	3665	0.9075323	8.8536825	15
TACAG	3375	0.87067455	5.3806496	10
GCGTG	3345	0.79504234	9.480944	3
TAGCT	2945	0.7684999	8.971417	16
CGTGA	2765	0.6846731	9.763387	4
CGCGT	2770	0.6253701	9.005643	2
ACGCG	2215	0.49437287	8.751981	1
>>END_MODULE
