##FastQC	0.10.1
>>Basic Statistics	pass
#Measure	Value	
Filename	Treat_1.fastq	
File type	Conventional base calls	
Encoding	Sanger / Illumina 1.9	
Total Sequences	32756783	
Filtered Sequences	0	
Sequence length	39	
%GC	51	
>>END_MODULE
>>Per base sequence quality	pass
#Base	Mean	Median	Lower Quartile	Upper Quartile	10th Percentile	90th Percentile
1	37.89529670847104	39.0	38.0	39.0	35.0	39.0
2	39.34873613810001	41.0	39.0	41.0	36.0	41.0
3	39.32520678236321	41.0	39.0	41.0	36.0	41.0
4	39.279544667130466	41.0	39.0	41.0	36.0	41.0
5	39.285139752581934	41.0	39.0	41.0	36.0	41.0
6	39.289688611973894	41.0	39.0	41.0	36.0	41.0
7	39.32857616085194	41.0	39.0	41.0	36.0	41.0
8	39.28591885839339	41.0	39.0	41.0	36.0	41.0
9	39.27529336443081	41.0	39.0	41.0	36.0	41.0
10	39.23474634245982	41.0	39.0	41.0	36.0	41.0
11	39.2332610317686	41.0	39.0	41.0	36.0	41.0
12	39.2432905880898	41.0	39.0	41.0	36.0	41.0
13	39.22233578309567	41.0	39.0	41.0	36.0	41.0
14	39.18403815783741	41.0	39.0	41.0	36.0	41.0
15	39.146957196620924	41.0	39.0	41.0	36.0	41.0
16	39.118871929517624	40.0	39.0	41.0	35.0	41.0
17	39.0805506450374	40.0	39.0	41.0	35.0	41.0
18	39.05666853793304	40.0	38.0	41.0	35.0	41.0
19	39.00428543303535	40.0	38.0	41.0	35.0	41.0
20	38.967539822210256	40.0	38.0	41.0	35.0	41.0
21	38.92312538749608	40.0	38.0	41.0	35.0	41.0
22	38.87823169326487	40.0	38.0	41.0	35.0	41.0
23	38.8189822852873	40.0	38.0	41.0	35.0	41.0
24	38.69587236329038	40.0	38.0	41.0	35.0	41.0
25	38.67697514740687	40.0	38.0	41.0	35.0	41.0
26	38.636172514254525	40.0	38.0	41.0	35.0	41.0
27	38.57338560993612	40.0	38.0	41.0	35.0	41.0
28	38.4943519942114	40.0	38.0	41.0	34.0	41.0
29	38.431695719326285	40.0	38.0	41.0	34.0	41.0
30	38.32865467894085	40.0	37.0	41.0	34.0	41.0
31	38.28684794840812	40.0	37.0	41.0	34.0	41.0
32	38.208041949662764	40.0	37.0	41.0	34.0	41.0
33	38.14280529318157	40.0	37.0	41.0	34.0	41.0
34	38.067794935784754	40.0	36.0	41.0	34.0	41.0
35	37.98672299413529	40.0	36.0	41.0	33.0	41.0
36	37.92241332123487	40.0	36.0	41.0	33.0	41.0
37	37.86498417747555	39.0	36.0	41.0	33.0	41.0
38	37.89820654854904	39.0	35.0	41.0	33.0	41.0
39	38.06685980122041	39.0	35.0	41.0	34.0	41.0
>>END_MODULE
>>Per sequence quality scores	pass
#Quality	Count
11	3.0
12	6.0
13	17.0
14	45.0
15	109.0
16	207.0
17	467.0
18	918.0
19	1837.0
20	3370.0
21	5764.0
22	9969.0
23	16279.0
24	24746.0
25	37638.0
26	56358.0
27	81114.0
28	115014.0
29	158526.0
30	219218.0
31	299142.0
32	409360.0
33	568538.0
34	834437.0
35	1203450.0
36	1764199.0
37	2624537.0
38	3831370.0
39	5970944.0
40	1.4519201E7
>>END_MODULE
>>Per base sequence content	pass
#Base	G	A	T	C
1	24.626605545477915	24.447928031998263	25.312484926784624	25.612981495739202
2	24.2596090256854	24.391795396501262	25.570369689256093	25.778225888557245
3	24.7353960246951	23.84757990429036	25.020436225376592	26.396587845637953
4	25.56304879610173	24.02265090206681	23.789590855874966	26.624709445956498
5	25.07485548870901	24.610728715332026	24.07288591190411	26.241529884054852
6	24.683128987361183	24.361503997507935	24.25165194030195	26.70371507482893
7	25.348844543128667	24.11813455552091	23.63877124319565	26.894249658154774
8	25.44531694230526	24.115378610756085	24.240998398438528	26.198306048500125
9	24.901158959057945	23.944024655034784	24.337099206402023	26.817717179505244
10	25.528212038186048	24.708690069924153	23.185536648765133	26.57756124312467
11	25.25346582416228	24.928427800739776	23.81900566975701	25.99910070534094
12	24.91481481198813	24.422705975823174	23.947549461444	26.714929750744698
13	25.566975872346713	24.448753720189828	23.256717726608173	26.727552680855283
14	25.320792337880064	24.56846571288762	23.698908406237575	26.411833542994746
15	24.851258387018106	24.14714758648415	24.178807080051932	26.822786946445813
16	25.525337246549533	24.355670834838655	23.412265219392133	26.70672669921968
17	25.33087436065504	24.441729891003597	23.827890351456823	26.399505396884532
18	24.90339079209171	24.18563255066626	23.97806898323617	26.93290767400586
19	25.475172925380075	24.321307245323016	23.337128682358347	26.86639114693856
20	25.151146751747984	24.629458712025105	23.991684642864808	26.2277098933621
21	24.801166238219274	24.184600084661685	24.271389607445393	26.742844069673648
22	25.523939061941338	24.5415804145183	23.125087310456934	26.80939321308343
23	25.491169102334055	24.650863624739184	23.703179946210458	26.1547873267163
24	25.156611391602922	24.19724116299671	23.651474539179507	26.994672906220856
25	25.540082129826576	24.385107020576175	22.990804355997188	27.08400649360006
26	25.336083141962256	24.487886609410126	23.60486563970754	26.57116460892007
27	24.879952958417835	24.16314643976021	23.83689483549749	27.12000576632446
28	25.39229470689353	24.48038769175872	22.995998729235826	27.13131887211192
29	25.297284693003768	24.566258936445966	23.58593451174935	26.550521858800906
30	24.941711618904314	24.333637823623214	23.696601881648014	27.028048675824458
31	25.410484186699357	24.54759914254306	23.058641452919122	26.983275217838464
32	25.11907002487625	24.49701880364738	23.783775532804608	26.60013563867177
33	24.924900300069087	24.146436401014903	23.716448298148205	27.212215000767802
34	25.57691029587436	24.227095580453785	23.10862900157404	27.08736512209781
35	25.500530566705322	24.379294349640134	23.506925942486312	26.613249141168232
36	24.477707381074634	24.28960507552316	23.623552258691515	27.60913528471069
37	24.413559147557176	24.4080304811164	23.39139694930567	27.787013422020756
38	25.320926661204794	23.750106962579324	23.71422431805956	27.21474205815632
39	25.085061008585612	24.61645882625287	22.46509066534403	27.83338949981749
>>END_MODULE
>>Per base GC content	pass
#Base	%GC
1	50.23958704121711
2	50.03783491424264
3	51.13198387033305
4	52.18775824205822
5	51.31638537276386
6	51.38684406219011
7	52.24309420128345
8	51.64362299080538
9	51.71887613856319
10	52.10577328131072
11	51.25256652950322
12	51.629744562732824
13	52.294528553202
14	51.73262588087481
15	51.67404533346392
16	52.23206394576921
17	51.73037975753958
18	51.836298466097574
19	52.34156407231863
20	51.37885664511008
21	51.54401030789292
22	52.333332275024766
23	51.64595642905036
24	52.151284297823786
25	52.62408862342664
26	51.907247750882334
27	51.9999587247423
28	52.523613579005456
29	51.84780655180467
30	51.96976029472877
31	52.39375940453782
32	51.71920566354802
33	52.13711530083689
34	52.66427541797217
35	52.113779707873555
36	52.086842665785326
37	52.20057256957793
38	52.53566871936112
39	52.918450508403104
>>END_MODULE
>>Per sequence GC content	pass
#GC Content	Count
0	6816.0
1	3913.5
2	1011.0
3	1011.0
4	1238.0
5	1465.0
6	2220.0
7	2975.0
8	2975.0
9	4757.5
10	6540.0
11	6540.0
12	10195.5
13	13851.0
14	24616.0
15	35381.0
16	35381.0
17	41896.0
18	48411.0
19	66355.0
20	84299.0
21	84299.0
22	115326.5
23	146354.0
24	198764.0
25	251174.0
26	251174.0
27	309262.0
28	367350.0
29	470270.5
30	573191.0
31	573191.0
32	721470.0
33	869749.0
34	869749.0
35	1016653.0
36	1163557.0
37	1375705.5
38	1587854.0
39	1587854.0
40	1779333.0
41	1970812.0
42	2131702.5
43	2292593.0
44	2292593.0
45	2440559.0
46	2588525.0
47	2684718.5
48	2780912.0
49	2780912.0
50	2829908.0
51	2878904.0
52	2878904.0
53	2811930.5
54	2744957.0
55	2593216.5
56	2441476.0
57	2441476.0
58	2295536.0
59	2149596.0
60	1961559.5
61	1773523.0
62	1773523.0
63	1617098.0
64	1460673.0
65	1326621.5
66	1192570.0
67	1192570.0
68	1068434.0
69	944298.0
70	944298.0
71	823814.0
72	703330.0
73	612813.5
74	522297.0
75	522297.0
76	451393.5
77	380490.0
78	324752.0
79	269014.0
80	269014.0
81	226636.0
82	184258.0
83	154801.0
84	125344.0
85	125344.0
86	104143.5
87	82943.0
88	67914.0
89	52885.0
90	52885.0
91	41961.0
92	31037.0
93	31037.0
94	24013.0
95	16989.0
96	11989.0
97	6989.0
98	6989.0
99	4689.5
100	2390.0
>>END_MODULE
>>Per base N content	pass
#Base	N-Count
1	9.158408504278335E-6
2	6.1056056695188904E-6
3	0.0
4	0.02354321546166484
5	0.0
6	0.0
7	0.0
8	3.0528028347594452E-6
9	4.487620167096384E-4
10	1.2211211339037781E-5
11	0.0
12	6.349829896299646E-4
13	1.6485135307701002E-4
14	0.0
15	0.006090341655345093
16	0.0023720278026080886
17	4.273923968663223E-5
18	2.1674900126792058E-4
19	7.326726803422668E-5
20	1.282177190598967E-4
21	0.0016027214882487087
22	3.388611146582984E-4
23	0.001831681700855667
24	0.003126070102793672
25	0.0025613015783631744
26	0.003202390173662658
27	0.00330313266720972
28	0.005156183987908703
29	0.002723100128605425
30	0.011252631248923315
31	0.004026646939047708
32	0.0019476882085765262
33	0.0030314332149161288
34	0.0029123739043605107
35	0.0037885283179364716
36	0.002051483504958347
37	7.326726803422669E-4
38	0.0
39	0.0
>>END_MODULE
>>Sequence Length Distribution	pass
#Length	Count
39	3.2756783E7
>>END_MODULE
>>Sequence Duplication Levels	fail
#Total Duplicate Percentage	83.02789647327462
#Duplication Level	Relative count
1	100.0
2	62.00722164515012
3	37.49814512538952
4	25.589850126131473
5	19.001335509719542
6	15.553741900380867
7	12.707127664836523
8	10.792897066824949
9	8.881139634960677
10++	202.60177078696148
>>END_MODULE
>>Overrepresented sequences	pass
>>END_MODULE
>>Kmer Content	warn
#Sequence	Count	Obs/Exp Overall	Obs/Exp Max	Max Obs/Exp Position
AAAAA	4233320	4.306891	4.8561406	35
TTCTT	3358770	3.4378462	3.9255364	11
CTTCT	3499425	3.1832633	3.5854902	1
CAGCA	3872810	3.1678936	3.4441082	27
TTTTT	2687135	3.0947526	3.7120383	1
TCTTC	3363960	3.0600371	3.4574447	13
>>END_MODULE
