##FastQC	0.10.1
>>Basic Statistics	pass
#Measure	Value	
Filename	Sample_5_L002_poly.fastq	
File type	Conventional base calls	
Encoding	Sanger / Illumina 1.9	
Total Sequences	14772310	
Filtered Sequences	0	
Sequence length	35-39	
%GC	54	
>>END_MODULE
>>Per base sequence quality	pass
#Base	Mean	Median	Lower Quartile	Upper Quartile	10th Percentile	90th Percentile
1	37.54401870797458	39.0	37.0	39.0	35.0	39.0
2	38.89109387766707	40.0	38.0	41.0	35.0	41.0
3	38.86117113708012	40.0	38.0	41.0	35.0	41.0
4	38.83227843174155	40.0	38.0	41.0	35.0	41.0
5	38.81930212674931	40.0	38.0	41.0	34.0	41.0
6	38.81135414840333	40.0	38.0	41.0	34.0	41.0
7	38.84085461244721	40.0	38.0	41.0	34.0	41.0
8	38.75477335636742	40.0	38.0	41.0	34.0	41.0
9	38.757738227805945	40.0	38.0	41.0	34.0	41.0
10	38.76386570549901	40.0	38.0	41.0	34.0	41.0
11	38.740521963051144	40.0	38.0	41.0	34.0	41.0
12	38.714141390209114	40.0	38.0	41.0	34.0	41.0
13	38.681493212639054	40.0	38.0	41.0	34.0	41.0
14	38.62269841345057	40.0	38.0	41.0	34.0	41.0
15	38.571111830174154	40.0	38.0	41.0	34.0	41.0
16	38.52288667107582	40.0	38.0	41.0	34.0	41.0
17	38.469730868090366	40.0	38.0	41.0	34.0	41.0
18	38.432990574933775	40.0	38.0	41.0	34.0	41.0
19	38.38645871904936	40.0	38.0	41.0	34.0	41.0
20	38.327877088959006	40.0	38.0	41.0	33.0	41.0
21	38.260980916322495	40.0	38.0	41.0	33.0	41.0
22	38.205640959335405	40.0	38.0	41.0	33.0	41.0
23	38.13331164861826	40.0	37.0	41.0	33.0	41.0
24	37.929312680278166	40.0	37.0	41.0	33.0	41.0
25	37.9284752350851	40.0	37.0	41.0	33.0	41.0
26	37.88362077427295	40.0	37.0	41.0	33.0	41.0
27	37.80847430090487	40.0	37.0	41.0	33.0	41.0
28	37.72586453980454	40.0	36.0	41.0	33.0	41.0
29	37.654606896280946	40.0	36.0	41.0	32.0	41.0
30	37.51363043423811	40.0	36.0	41.0	32.0	41.0
31	37.47019403194219	40.0	36.0	41.0	32.0	41.0
32	37.382741426357825	39.0	35.0	41.0	32.0	41.0
33	37.301671641063585	39.0	35.0	41.0	32.0	41.0
34	37.21310099774511	39.0	35.0	41.0	32.0	41.0
35	37.11669170224562	39.0	35.0	41.0	31.0	41.0
36	37.02967298874506	39.0	35.0	41.0	31.0	41.0
37	36.91821840585304	39.0	35.0	41.0	31.0	41.0
38	36.89336487466699	39.0	35.0	41.0	31.0	41.0
39	37.05181468696582	38.0	35.0	41.0	32.0	41.0
>>END_MODULE
>>Per sequence quality scores	pass
#Quality	Count
10	5.0
11	18.0
12	55.0
13	170.0
14	341.0
15	732.0
16	1228.0
17	2180.0
18	3703.0
19	6230.0
20	9947.0
21	15151.0
22	22379.0
23	32173.0
24	43861.0
25	59285.0
26	78071.0
27	99455.0
28	124766.0
29	152948.0
30	187902.0
31	227629.0
32	278533.0
33	346005.0
34	455733.0
35	603817.0
36	833471.0
37	1180704.0
38	1665360.0
39	2524938.0
40	5812156.0
41	3364.0
>>END_MODULE
>>Per base sequence content	pass
#Base	G	A	T	C
1	25.705106378081695	23.250161958420858	24.338502238309378	26.70622942518807
2	25.373113615947673	23.05010523066467	24.510729872308392	27.06605128107926
3	26.019600184399057	22.597853687067225	23.808761121314134	27.573785007219588
4	26.716180475497737	22.76465901406077	22.79789010655747	27.721270403884024
5	26.31953973346078	23.118950252194818	22.955732718850335	27.60577729549407
6	26.150574960855817	22.857034546391187	22.855132338814986	28.13725815393801
7	26.616690280667004	22.670753592363006	22.434094599964393	28.278461527005593
8	26.908763761388705	22.451525861561258	22.955996726307532	27.683713650742504
9	26.311416427085536	22.367706878612754	22.997459435931145	28.323417258370558
10	26.873366453858605	23.134953165754034	22.082660057905635	27.909020322481727
11	26.591853271424714	23.27902677374087	22.589757458379903	27.539362496454515
12	26.410886313650334	22.854942794999562	22.563390559770273	28.170780331579827
13	26.893410712339506	22.98898411961298	22.11033345495728	28.007271713090237
14	26.71946364515773	22.92921689295716	22.54794950823534	27.80336995364977
15	26.340464016798997	22.625310462615527	22.873795635212097	28.16042988537338
16	26.93029729270507	22.834776686923032	22.266300937361862	27.968625083010036
17	26.659452719310657	22.862368850910926	22.58605458455719	27.892123845221228
18	26.405863402541645	22.664430952234284	22.675275566245226	28.25443007897885
19	26.833846568343066	22.869334586127692	22.190930193043606	28.10588865248563
20	26.489729771444004	23.11355502287726	22.822050173601827	27.574665032076908
21	26.310536402228223	22.72066454061687	22.91986832120366	28.04893073595125
22	26.851257521674	23.07974852951231	22.036655066133868	28.032338882679824
23	26.857925402323673	23.04265209706539	22.578493140206238	27.520929360404704
24	26.79350758276803	22.711762750714005	22.31518970289684	28.179539963621124
25	27.000970058169642	22.884707943442834	21.83288192571101	28.281440072676517
26	26.73028795090274	22.95845402648604	22.388279152008046	27.922978870603178
27	26.470728003947926	22.623523335212976	22.475814547623223	28.429934113215875
28	26.757162556160818	23.02431373292329	21.872943364984895	28.345580345931005
29	26.67869141657601	22.931464341054312	22.48684870544959	27.902995536920088
30	26.516001898145923	22.808382710625487	22.28520116352825	28.39041422770034
31	26.877746269879253	23.024658973444232	21.866458258728663	28.23113649794785
32	26.563651859458677	22.85104360793945	22.50760375323832	28.07770077936355
33	26.515785276642585	22.629182571987723	22.423744153757944	28.431287997611747
34	27.277778492327876	22.662061654541503	21.79820217691072	28.2619576762199
35	27.42354445580955	22.580943670962768	21.76393536285117	28.23157651037651
36	26.588902381259476	22.310719106884367	21.93085250467754	29.16952600717862
37	26.839648501158663	22.070477313347432	21.455702213886106	29.6341719716078
38	28.603077856136338	20.700126339528374	21.078813711206166	29.617982093129125
39	27.13452245568139	22.545714710044216	20.80583319305216	29.51392964122223
>>END_MODULE
>>Per base GC content	pass
#Base	%GC
1	52.411335803269765
2	52.439164897026934
3	53.59338519161865
4	54.437450879381764
5	53.925317028954844
6	54.28783311479383
7	54.89515180767259
8	54.59247741213121
9	54.634833685456094
10	54.78238677634033
11	54.131215767879226
12	54.581666645230165
13	54.900682425429736
14	54.522833598807495
15	54.50089390217238
16	54.89892237571511
17	54.55157656453189
18	54.6602934815205
19	54.9397352208287
20	54.06439480352091
21	54.359467138179475
22	54.88359640435382
23	54.37885476272838
24	54.973047546389154
25	55.28241013084616
26	54.65326682150591
27	54.900662117163805
28	55.10274290209182
29	54.5816869534961
30	54.906416125846256
31	55.108882767827104
32	54.64135263882223
33	54.94707327425433
34	55.53973616854777
35	55.655120966186054
36	55.7584283884381
37	56.473820472766455
38	58.22105994926547
39	56.648452096903625
>>END_MODULE
>>Per sequence GC content	pass
#GC Content	Count
0	3710.0
1	2139.0
2	568.0
3	568.0
4	547.0
5	526.0
6	638.0
7	731.0
8	712.0
9	981.5
10	1262.0
11	1273.0
12	1912.0
13	2627.0
14	3852.5
15	5080.5
16	5208.5
17	7168.5
18	9303.5
19	13275.0
20	17082.5
21	17359.0
22	23110.5
23	28713.0
24	39804.0
25	50938.0
26	51846.0
27	67814.0
28	83328.0
29	111829.0
30	141336.0
31	143010.0
32	189429.5
33	237894.0
34	240634.5
35	288563.0
36	340034.0
37	422849.0
38	506030.5
39	514902.0
40	599231.5
41	684453.0
42	776369.5
43	867417.5
44	876556.0
45	964335.0
46	1051294.0
47	1135580.0
48	1216162.0
49	1220169.5
50	1278993.0
51	1334894.5
52	1335980.0
53	1339918.5
54	1343635.5
55	1300990.0
56	1254982.0
57	1248581.5
58	1195639.0
59	1143064.0
60	1061204.0
61	977397.5
62	972496.0
63	901275.5
64	825560.0
65	758720.0
66	694697.0
67	689066.5
68	621246.5
69	555401.0
70	550935.5
71	487272.5
72	424393.5
73	374366.0
74	323843.0
75	320452.0
76	279637.0
77	238034.5
78	206157.5
79	174199.5
80	171080.5
81	145815.0
82	120612.5
83	101956.0
84	84325.5
85	82787.0
86	69270.5
87	56572.0
88	46764.5
89	37202.0
90	36891.5
91	29662.0
92	22743.0
93	22186.0
94	17215.0
95	12801.0
96	9191.0
97	5581.0
98	5581.0
99	3888.5
100	2196.0
>>END_MODULE
>>Per base N content	pass
#Base	N-Count
1	0.0
2	0.0
3	0.0
4	0.0
5	0.0
6	0.0
7	0.0
8	0.0
9	0.0
10	0.0
11	0.0
12	0.0
13	0.0
14	0.0
15	0.0
16	0.0
17	0.0
18	0.0
19	0.0
20	0.0
21	0.0
22	0.0
23	0.0
24	0.0
25	0.0
26	0.0
27	0.0
28	0.0
29	0.0
30	0.0
31	0.0
32	0.0
33	0.0
34	0.0
35	0.0
36	0.0
37	0.0
38	0.0
39	0.0
>>END_MODULE
>>Sequence Length Distribution	warn
#Length	Count
35	452283.0
36	464391.0
37	269231.0
38	166928.0
39	1.3419477E7
>>END_MODULE
>>Sequence Duplication Levels	fail
#Total Duplicate Percentage	75.01210253015289
#Duplication Level	Relative count
1	100.0
2	45.33878659425089
3	25.221883693204397
4	16.699231686316068
5	12.04132997748046
6	9.574115776924096
7	7.958007683136839
8	6.585309312491721
9	5.785534507881839
10++	101.96549211816135
>>END_MODULE
>>Overrepresented sequences	pass
>>END_MODULE
>>Kmer Content	warn
#Sequence	Count	Obs/Exp Overall	Obs/Exp Max	Max Obs/Exp Position
CAGCA	1823910	3.2563872	3.5615795	27
>>END_MODULE
