##FastQC	0.10.1
>>Basic Statistics	pass
#Measure	Value	
Filename	Sample_4_L001_trimmed.fastq	
File type	Conventional base calls	
Encoding	Sanger / Illumina 1.9	
Total Sequences	15495008	
Filtered Sequences	0	
Sequence length	5-51	
%GC	52	
>>END_MODULE
>>Per base sequence quality	pass
#Base	Mean	Median	Lower Quartile	Upper Quartile	10th Percentile	90th Percentile
1	32.42472801562929	33.0	31.0	34.0	31.0	34.0
2	32.63986930500455	34.0	31.0	34.0	31.0	34.0
3	32.71965229059578	34.0	31.0	34.0	31.0	34.0
4	36.14619140564496	37.0	35.0	37.0	35.0	37.0
5	36.22837368009103	37.0	35.0	37.0	35.0	37.0
6	36.13103328756815	37.0	35.0	37.0	35.0	37.0
7	36.10832011558537	37.0	35.0	37.0	35.0	37.0
8	36.10882662393096	37.0	35.0	37.0	35.0	37.0
9	37.87210467557257	39.0	38.0	39.0	35.0	39.0
10	37.88331864982865	39.0	38.0	39.0	35.0	39.0
11	37.88972499130069	39.0	38.0	39.0	35.0	39.0
12	37.87719012425839	39.0	38.0	39.0	35.0	39.0
13	37.77249154682961	39.0	38.0	39.0	35.0	39.0
14	39.184440663187154	41.0	39.0	41.0	36.0	41.0
15	39.15409087751587	40.0	38.0	41.0	36.0	41.0
16	39.1001260900427	40.0	38.0	41.0	36.0	41.0
17	39.11523421656102	40.0	38.0	41.0	36.0	41.0
18	39.118594737417396	40.0	38.0	41.0	36.0	41.0
19	39.160575199431904	40.0	39.0	41.0	36.0	41.0
20	39.15461962846025	40.0	39.0	41.0	36.0	41.0
21	39.11998580238407	40.0	39.0	41.0	36.0	41.0
22	39.02725000299167	40.0	39.0	41.0	35.0	41.0
23	39.034986786012965	40.0	38.0	41.0	35.0	41.0
24	39.06936374739318	40.0	38.0	41.0	35.0	41.0
25	39.052557290372455	40.0	38.0	41.0	35.0	41.0
26	39.01278056611134	40.0	38.0	41.0	35.0	41.0
27	38.975407730610435	40.0	38.0	41.0	35.0	41.0
28	38.95434644178258	40.0	38.0	41.0	35.0	41.0
29	38.914292650160824	40.0	38.0	41.0	35.0	41.0
30	38.887627327921976	40.0	38.0	41.0	35.0	41.0
31	38.81417283484851	40.0	38.0	41.0	35.0	41.0
32	38.78302052868548	40.0	38.0	41.0	35.0	41.0
33	38.743533496738394	40.0	38.0	41.0	35.0	41.0
34	38.694571171627636	40.0	38.0	41.0	35.0	41.0
35	38.631160300677784	40.0	38.0	41.0	34.0	41.0
36	38.58049664367421	40.0	38.0	41.0	34.0	41.0
37	38.52361447474087	40.0	38.0	41.0	34.0	41.0
38	38.465173097000566	40.0	38.0	41.0	34.0	41.0
39	38.391718649575736	40.0	37.0	41.0	34.0	41.0
40	38.30052866270786	40.0	37.0	41.0	34.0	41.0
41	38.21962459207744	40.0	37.0	41.0	33.0	41.0
42	38.13698972578697	40.0	37.0	41.0	33.0	41.0
43	38.07663263678756	40.0	37.0	41.0	33.0	41.0
44	37.98530226697204	40.0	36.0	41.0	33.0	41.0
45	37.91197219023904	40.0	36.0	41.0	33.0	41.0
46	37.831863176529055	40.0	36.0	41.0	33.0	41.0
47	37.72782404657105	39.0	36.0	41.0	33.0	41.0
48	37.62053222652439	39.0	35.0	41.0	33.0	41.0
49	37.50221691855998	39.0	35.0	41.0	33.0	41.0
50	37.37977074576634	39.0	35.0	41.0	33.0	41.0
51	37.22729768907778	39.0	35.0	41.0	32.0	41.0
>>END_MODULE
>>Per sequence quality scores	pass
#Quality	Count
23	5.0
24	10.0
25	82.0
26	928.0
27	6883.0
28	32834.0
29	97126.0
30	183655.0
31	264775.0
32	347821.0
33	453793.0
34	615344.0
35	926269.0
36	1271445.0
37	1833804.0
38	2810646.0
39	6534250.0
40	115338.0
>>END_MODULE
>>Per base sequence content	fail
#Base	G	A	T	C
1	36.59871618007555	10.89807117234144	12.277192757822391	40.22601988976062
2	24.36051017205025	11.775134288410822	32.276446711095595	31.58790882844333
3	23.811146144616384	17.173847215825898	22.083770463364715	36.931236176193
4	26.98217387173985	23.162124214456682	18.668902913764228	31.18679900003924
5	27.304322785764292	27.36911139381148	21.25166376164504	24.074902058779188
6	25.028762926161303	30.246790179147133	21.24194210799168	23.482504786699888
7	20.31975477072814	24.714894085705037	33.28916449459194	21.676186648974884
8	22.569744658139623	22.598302556543956	28.184340778419553	26.64761200689687
9	22.05772564559497	21.038884468428517	29.232007628522116	27.67138225745439
10	22.70087732166061	32.111249054012994	23.499565194859073	21.68830842946732
11	26.40657727178256	26.068615391532163	20.325826881644524	27.198980455040754
12	24.85868905418213	21.82288729112703	24.685330566070242	28.633093088620598
13	24.34317886845025	24.444152438662904	24.799892231340564	26.41277646154628
14	23.80059990914008	24.05369736423916	25.752262802367454	26.393439924253308
15	24.20991456593612	24.05352155019432	24.797610507596637	26.938953376272924
16	25.12723896120107	23.792787681667093	23.98272882827505	27.097244528856784
17	24.52801843192435	24.697566853669358	24.07868726887881	26.695727445527478
18	24.32018115008171	24.26562965981731	24.311092608661035	27.103096581439946
19	24.980348377093744	24.153981811731732	23.634169056686225	27.231500754488298
20	24.877746865872965	24.21477504513037	24.286497246120188	26.62098084287648
21	24.465391471043937	24.07903257750384	24.31998721996477	27.135588731487452
22	25.226606400128553	24.69839663428252	23.12001736879805	26.954979596790874
23	24.769809698560337	24.989578733950943	23.816375303293476	26.424236264195244
24	24.433471090502394	24.497155597386477	23.903200375267236	27.166172936843893
25	25.15300670918579	24.504017228526465	23.189852011375244	27.153124050912503
26	24.77673597825501	24.656769086513673	23.672591892797264	26.893903042434047
27	24.355255720120212	24.213750460350532	24.152757053417613	27.27823676611164
28	25.146321396589045	24.393393156454955	23.2921387221353	27.1681467248207
29	24.87638305859367	24.522730338000155	23.80527978110602	26.795606822300154
30	24.480395307498295	24.189216747421767	23.974994575521684	27.355393369558257
31	25.111308818271144	24.325523744098113	23.21531435907687	27.347853078553875
32	24.67197509642516	24.72213220900807	23.98158923972819	26.62430345483858
33	24.364953992913005	24.183032558545488	24.25432331729935	27.197690131242158
34	25.167380199196916	24.509790893337517	23.13434368449983	27.188485222965742
35	24.964964481158876	24.682841139451522	23.731195252435022	26.620999126954576
36	24.601548727960356	24.208513076264737	23.72278431756497	27.46715387820994
37	25.198985926617734	24.348911619021596	22.920190943829883	27.531911510530783
38	24.79389186367683	24.568147439421576	23.586516609985207	27.051444086916394
39	24.393016790034302	24.27480050550641	23.848983571041703	27.483199133417585
40	25.078149682695877	24.57440127262146	22.939366973986473	27.40808207069619
41	24.805739050469043	24.68788183702629	23.63365560233029	26.872723510174378
42	24.56885682348199	24.36824390355212	23.622524898550797	27.440374374415093
43	25.141561230785115	24.529321749919617	22.991143817377182	27.337973201918082
44	24.718836641575372	24.53812975448194	23.7430649158125	26.99996868813018
45	24.554109119890114	24.139379348718315	23.665651162320934	27.64086036907064
46	25.2931937836345	24.266540258824627	22.926605834489237	27.513660123051636
47	25.040019314336607	24.43202169622109	23.538903804851802	26.989055184590498
48	24.43077425760928	24.19163972349201	23.56088736282543	27.816698656073285
49	25.503575425024305	24.13616878665731	22.8188833963899	27.54137239192848
50	25.29056812044739	24.498450907321452	23.405470227229834	26.80551074500132
51	24.97581348522999	24.216698049174436	23.34927922135491	27.458209244240667
>>END_MODULE
>>Per base GC content	fail
#Base	%GC
1	76.82473606983616
2	55.94841900049358
3	60.742382320809384
4	58.16897287177909
5	51.37922484454348
6	48.51126771286119
7	41.99594141970302
8	49.21735666503649
9	49.72910790304936
10	44.38918575112793
11	53.605557726823314
12	53.49178214280273
13	50.755955329996524
14	50.19403983339339
15	51.148867942209044
16	52.224483490057864
17	51.22374587745183
18	51.42327773152166
19	52.21184913158204
20	51.49872770874945
21	51.60098020253139
22	52.18158599691943
23	51.19404596275559
24	51.59964402734628
25	52.30613076009829
26	51.67063902068906
27	51.63349248623186
28	52.31446812140975
29	51.67198988089382
30	51.83578867705655
31	52.459161896825016
32	51.29627855126374
33	51.56264412415516
34	52.35586542216265
35	51.58596360811346
36	52.06870260617029
37	52.73089743714851
38	51.84533595059322
39	51.87621592345189
40	52.48623175339206
41	51.678462560643425
42	52.00923119789709
43	52.479534432703204
44	51.71880532970555
45	52.19496948896075
46	52.806853906686136
47	52.02907449892711
48	52.24747291368257
49	53.04494781695279
50	52.09607886544872
51	52.434022729470655
>>END_MODULE
>>Per sequence GC content	pass
#GC Content	Count
0	90773.0
1	88587.5
2	81735.0
3	46575.5
4	11706.5
5	6533.0
6	6030.0
7	6475.5
8	7307.5
9	7990.0
10	9166.5
11	10903.0
12	11588.0
13	12615.0
14	14214.5
15	16667.5
16	18639.0
17	21871.0
18	25594.5
19	30855.5
20	35945.0
21	44610.0
22	53563.0
23	63439.0
24	73730.5
25	88511.5
26	115493.5
27	131081.0
28	156806.5
29	182914.0
30	214269.5
31	248116.0
32	288397.0
33	326180.5
34	377497.5
35	432995.0
36	499404.0
37	563833.5
38	625514.0
39	691082.0
40	753047.0
41	809493.0
42	863619.0
43	917648.5
44	976558.5
45	1038324.0
46	1075349.5
47	1109546.5
48	1137386.5
49	1163896.5
50	1182767.0
51	1200503.5
52	1195073.0
53	1188947.5
54	1165554.5
55	1140793.5
56	1100856.0
57	1061771.0
58	1015525.5
59	966090.0
60	912536.0
61	855989.5
62	804325.0
63	755804.0
64	707915.0
65	656985.0
66	615601.5
67	580020.0
68	535219.0
69	486529.0
70	445579.5
71	404677.5
72	368243.5
73	332041.0
74	305346.0
75	254612.5
76	223867.0
77	203704.5
78	183466.0
79	163153.5
80	143769.5
81	128558.0
82	113113.5
83	101787.0
84	91090.5
85	82305.5
86	73144.5
87	67131.5
88	60632.5
89	54461.0
90	46510.5
91	39730.0
92	33234.5
93	26330.5
94	20793.0
95	16584.0
96	13803.0
97	12341.5
98	11155.5
99	10556.5
100	10163.0
>>END_MODULE
>>Per base N content	pass
#Base	N-Count
1	0.0
2	0.0
3	0.0
4	0.0
5	0.0
6	0.0
7	0.0
8	0.0
9	0.0
10	0.0
11	0.0
12	0.0
13	0.0
14	0.0
15	0.0
16	0.0
17	0.0
18	0.0
19	0.0
20	0.0
21	0.0
22	0.0
23	0.0
24	0.0
25	0.0
26	0.0
27	0.0
28	0.0
29	0.0
30	0.0
31	0.0
32	0.0
33	0.0
34	0.0
35	0.0
36	0.0
37	0.0
38	0.0
39	0.0
40	0.0
41	0.0
42	0.0
43	0.0
44	0.0
45	0.0
46	0.0
47	0.0
48	0.0
49	0.0
50	0.0
51	0.0
>>END_MODULE
>>Sequence Length Distribution	warn
#Length	Count
5	48040.0
6	48480.0
7	40215.0
8	49410.0
9	45704.0
10	49313.0
11	52777.0
12	47213.0
13	48908.0
14	50211.0
15	65896.0
16	45134.0
17	82847.0
18	47271.0
19	52903.0
20	47800.0
21	48961.0
22	43163.0
23	48185.0
24	44977.0
25	45282.0
26	45680.0
27	49454.0
28	44735.0
29	47622.0
30	47507.0
31	45819.0
32	46067.0
33	43429.0
34	44098.0
35	45206.0
36	46037.0
37	45291.0
38	43873.0
39	44181.0
40	40903.0
41	45453.0
42	41432.0
43	38530.0
44	23076.0
45	43037.0
46	55539.0
47	61416.0
48	38465.0
49	4069.0
50	0.0
51	1.3411399E7
>>END_MODULE
>>Sequence Duplication Levels	fail
#Total Duplicate Percentage	76.56392924473609
#Duplication Level	Relative count
1	100.0
2	64.70232532571052
3	34.7607791398677
4	20.84180822018214
5	14.13336265186081
6	10.439228189764169
7	8.430909057592583
8	7.023619738698624
9	5.924174958312719
10++	100.22538617997911
>>END_MODULE
>>Overrepresented sequences	warn
#Sequence	Count	Percentage	Possible Source
ATATATATATATATATA	33227	0.21443680442114005	No Hit
ATATATATATATATA	17217	0.11111320497543466	No Hit
>>END_MODULE
>>Kmer Content	warn
#Sequence	Count	Obs/Exp Overall	Obs/Exp Max	Max Obs/Exp Position
AAAAA	2818655	5.366303	8.146647	10
TTCTT	2085815	3.5143592	5.983063	6
CTTCT	2248370	3.2840624	5.5331373	1
CAGCA	2352260	3.2555451	4.577044	9
TTTTT	1667705	3.2412782	4.3070207	11
TCTTC	2045680	2.9880054	5.1539373	7
ATATA	1358825	2.6084487	8.043871	7
TATAT	1199840	2.3127832	7.944136	8
CTCCT	1802870	2.282871	6.4099026	1
GCCAG	1554355	2.0637717	5.948549	1
CTCCA	1614845	2.0363624	6.7207007	1
TTGAA	1100800	2.0272171	5.5068693	7
GGCAG	1368490	2.0024428	5.115356	1
TCCAG	1417385	1.9697862	5.1496944	2
GTCCA	1111550	1.5447571	5.1475196	1
>>END_MODULE
