##FastQC	0.10.1
>>Basic Statistics	pass
#Measure	Value	
Filename	Sample_8_L002_poly.fastq	
File type	Conventional base calls	
Encoding	Sanger / Illumina 1.9	
Total Sequences	11388570	
Filtered Sequences	0	
Sequence length	35-39	
%GC	55	
>>END_MODULE
>>Per base sequence quality	pass
#Base	Mean	Median	Lower Quartile	Upper Quartile	10th Percentile	90th Percentile
1	37.72149549943496	39.0	38.0	39.0	35.0	39.0
2	39.10993785874785	41.0	39.0	41.0	36.0	41.0
3	39.076475273014964	41.0	39.0	41.0	36.0	41.0
4	39.04582533188978	41.0	39.0	41.0	36.0	41.0
5	39.030685064059846	41.0	38.0	41.0	36.0	41.0
6	39.02735084387241	41.0	38.0	41.0	35.0	41.0
7	39.053833712221994	41.0	39.0	41.0	35.0	41.0
8	38.97004918088926	40.0	39.0	41.0	35.0	41.0
9	38.97529988400651	40.0	39.0	41.0	35.0	41.0
10	38.97946282983728	40.0	39.0	41.0	35.0	41.0
11	38.960675220857404	40.0	39.0	41.0	35.0	41.0
12	38.935749000972024	40.0	38.0	41.0	35.0	41.0
13	38.899734294999284	40.0	38.0	41.0	35.0	41.0
14	38.849976599344785	40.0	38.0	41.0	35.0	41.0
15	38.79813558682082	40.0	38.0	41.0	35.0	41.0
16	38.75499970584542	40.0	38.0	41.0	35.0	41.0
17	38.69891399886026	40.0	38.0	41.0	34.0	41.0
18	38.666967406794704	40.0	38.0	41.0	34.0	41.0
19	38.62029043154672	40.0	38.0	41.0	34.0	41.0
20	38.55748904383957	40.0	38.0	41.0	34.0	41.0
21	38.489877306808495	40.0	38.0	41.0	34.0	41.0
22	38.43595982638733	40.0	38.0	41.0	34.0	41.0
23	38.36007672605077	40.0	38.0	41.0	34.0	41.0
24	38.140474001564726	40.0	37.0	41.0	33.0	41.0
25	38.14663122762559	40.0	37.0	41.0	33.0	41.0
26	38.103467775146484	40.0	37.0	41.0	33.0	41.0
27	38.02581052757282	40.0	37.0	41.0	33.0	41.0
28	37.93964571495807	40.0	37.0	41.0	33.0	41.0
29	37.860849254998655	40.0	37.0	41.0	33.0	41.0
30	37.717508519506836	40.0	36.0	41.0	33.0	41.0
31	37.66996585172677	40.0	36.0	41.0	33.0	41.0
32	37.58228039165584	40.0	36.0	41.0	33.0	41.0
33	37.4993151027741	39.0	35.0	41.0	33.0	41.0
34	37.40288324170638	39.0	35.0	41.0	32.0	41.0
35	37.30323157341088	39.0	35.0	41.0	32.0	41.0
36	37.203086408815324	39.0	35.0	41.0	32.0	41.0
37	37.080948751324186	39.0	35.0	41.0	32.0	41.0
38	37.03921899311933	39.0	35.0	41.0	32.0	41.0
39	37.14813486559679	38.0	35.0	41.0	32.0	41.0
>>END_MODULE
>>Per sequence quality scores	pass
#Quality	Count
8	1.0
9	0.0
10	4.0
11	13.0
12	38.0
13	104.0
14	180.0
15	351.0
16	604.0
17	1088.0
18	1878.0
19	3122.0
20	5118.0
21	8127.0
22	12204.0
23	17637.0
24	25062.0
25	34560.0
26	46074.0
27	60758.0
28	77422.0
29	97647.0
30	121838.0
31	151366.0
32	189867.0
33	242535.0
34	328464.0
35	450670.0
36	637397.0
37	928195.0
38	1330294.0
39	2031413.0
40	4582440.0
41	2099.0
>>END_MODULE
>>Per base sequence content	pass
#Base	G	A	T	C
1	25.92778549018885	23.28957893747854	23.805157276111046	26.977478296221562
2	25.604654491301364	23.002800175965906	24.13996665077354	27.252578681959193
3	26.2083650537337	22.581447890297028	23.278559116728438	27.931627939240833
4	26.928192038157555	22.72843737185617	22.366697487041833	27.976673102944442
5	26.465043460241276	23.00928913814465	22.57353644926448	27.95213095234959
6	26.396782036726297	22.664206305093614	22.48413101908317	28.45488063909692
7	26.911113511178314	22.637346040811092	21.946109125201847	28.505431322808743
8	27.14848308435563	22.407018616033444	22.48633498323319	27.95816331637774
9	26.543016375190216	22.313266722687747	22.584617735150243	28.559099166971798
10	27.182657699781448	23.03708894092937	21.64912715116999	28.131126208119195
11	26.798342548713315	23.281746523048987	22.18239866813832	27.73751226009938
12	26.72094038145263	22.71178910082653	22.161351249542307	28.405919268178533
13	27.14187119190557	22.976712616245937	21.585150725683732	28.296265466164762
14	26.94084507536943	22.864205075790903	22.08352760706568	28.111422241773987
15	26.51623513751068	22.497890428736884	22.506135537648714	28.479738896103722
16	27.092400538434585	22.62857408787934	21.82413595385549	28.454889419830586
17	26.80612227874088	22.764877416567664	22.168700723620262	28.260299581071198
18	26.549171669489674	22.493377131632855	22.336930799916054	28.620520398961414
19	27.09080244490748	22.67401438459789	21.71180402807376	28.52337914242087
20	26.594102683655628	23.02315391660235	22.44418746163917	27.938555938102855
21	26.438271003295412	22.571534441988767	22.54353268232974	28.446661872386088
22	27.01022165205992	22.976712616245937	21.69200347365824	28.321062258035905
23	26.916768303658845	23.0190269717796	22.184260183675384	27.87994454088617
24	26.825264278131495	22.62540424302612	22.057492731747708	28.491838747094672
25	27.186556345528896	22.697107714137946	21.471914384334468	28.64442155599869
26	26.772448165133987	22.8872369401953	22.002894129816124	28.33742076485459
27	26.60542983008402	22.571859329134387	22.114883606984897	28.70782723379669
28	26.865041001635852	22.969714371514595	21.47862286485485	28.6866217619947
29	26.819741196655944	22.89123217401307	22.136826660414783	28.152199968916204
30	26.715276808238436	22.62987363646182	21.840310065267193	28.814539490032548
31	27.0899594944756	22.975413067663457	21.462826324990758	28.471801112870182
32	26.73467344890535	22.720394219818644	22.14720548760731	28.397726843668696
33	26.586726867376676	22.50224567263493	22.05543804007	28.85558941991839
34	27.453587237028003	22.52448727100944	21.40341588101052	28.61850961095203
35	27.491318049588315	22.480144565999066	21.35124076157059	28.677296622842025
36	26.52560275927309	22.238168473901826	21.58341789115799	29.65281087566709
37	26.976034448364615	22.07502117723511	21.055175149233875	29.893769225166402
38	28.75548668047739	20.637742619629858	20.6708640071384	29.935906692754354
39	27.456427743100285	22.29679273565631	20.3750587587444	29.871720762499006
>>END_MODULE
>>Per base GC content	pass
#Base	%GC
1	52.90526378641041
2	52.85723317326055
3	54.13999299297454
4	54.904865141102
5	54.417174412590875
6	54.85166267582322
7	55.41654483398706
8	55.106646400733375
9	55.10211554216201
10	55.313783907900635
11	54.5358548088127
12	55.126859649631164
13	55.43813665807033
14	55.052267317143425
15	54.9959740336144
16	55.547289958265175
17	55.066421859812074
18	55.16969206845109
19	55.614181587328346
20	54.53265862175848
21	54.88493287568149
22	55.33128391009582
23	54.79671284454501
24	55.31710302522617
25	55.83097790152759
26	55.10986892998858
27	55.31325706388072
28	55.551662763630546
29	54.97194116557215
30	55.52981629827099
31	55.56176060734579
32	55.13240029257405
33	55.44231628729507
34	56.072096847980035
35	56.16861467243034
36	56.178413634940185
37	56.86980367353102
38	58.69139337323174
39	57.32814850559929
>>END_MODULE
>>Per sequence GC content	pass
#GC Content	Count
0	1545.0
1	856.5
2	168.0
3	168.0
4	198.5
5	229.0
6	303.0
7	366.5
8	356.0
9	549.0
10	763.0
11	784.0
12	1228.5
13	1705.0
14	2590.0
15	3497.0
16	3585.0
17	4816.5
18	6161.5
19	8922.0
20	11571.5
21	11698.0
22	15913.5
23	20070.5
24	27910.0
25	35806.0
26	36524.0
27	47947.0
28	58919.0
29	79752.5
30	101170.5
31	102155.0
32	139105.0
33	177763.0
34	179951.0
35	212350.5
36	246762.0
37	303067.0
38	360167.0
39	366480.0
40	428722.0
41	491766.5
42	557833.5
43	623229.5
44	630109.0
45	704163.5
46	776751.5
47	843363.5
48	907941.0
49	910774.5
50	959860.5
51	1007673.0
52	1009233.0
53	1026762.0
54	1045262.0
55	1020637.0
56	991948.0
57	986191.5
58	951410.5
59	917397.5
60	858002.0
61	798439.0
62	796159.5
63	735585.0
64	669760.0
65	613871.5
66	562225.5
67	558628.0
68	501120.5
69	444652.5
70	441201.0
71	391335.0
72	341784.5
73	301237.5
74	260307.5
75	257562.0
76	223147.0
77	188033.0
78	162140.0
79	136320.5
80	134010.5
81	114536.0
82	95162.5
83	80925.0
84	67415.5
85	66383.0
86	56464.5
87	47126.0
88	39282.0
89	31595.0
90	31424.5
91	25484.0
92	19714.0
93	19275.5
94	15127.5
95	11418.0
96	8248.5
97	5079.0
98	5079.0
99	3533.5
100	1988.0
>>END_MODULE
>>Per base N content	pass
#Base	N-Count
1	0.0
2	0.0
3	0.0
4	0.0
5	0.0
6	0.0
7	0.0
8	0.0
9	0.0
10	0.0
11	0.0
12	0.0
13	0.0
14	0.0
15	0.0
16	0.0
17	0.0
18	0.0
19	0.0
20	0.0
21	0.0
22	0.0
23	0.0
24	0.0
25	0.0
26	0.0
27	0.0
28	0.0
29	0.0
30	0.0
31	0.0
32	0.0
33	0.0
34	0.0
35	0.0
36	0.0
37	0.0
38	0.0
39	0.0
>>END_MODULE
>>Sequence Length Distribution	warn
#Length	Count
35	327106.0
36	338865.0
37	203716.0
38	109794.0
39	1.0409089E7
>>END_MODULE
>>Sequence Duplication Levels	fail
#Total Duplicate Percentage	76.3516690173954
#Duplication Level	Relative count
1	100.0
2	43.44986988637282
3	23.45762821445312
4	15.50049297709677
5	11.46131342029126
6	8.802469734438896
7	7.446378638736686
8	6.179185052287899
9	5.4227480644587756
10++	101.54358402430942
>>END_MODULE
>>Overrepresented sequences	pass
>>END_MODULE
>>Kmer Content	warn
#Sequence	Count	Obs/Exp Overall	Obs/Exp Max	Max Obs/Exp Position
CAGCA	1472235	3.3334937	3.8084052	27
CTTCT	1086935	3.1652887	3.562783	2
CATCA	1107665	3.050473	3.6808093	1
>>END_MODULE
