##FastQC	0.10.1
>>Basic Statistics	pass
#Measure	Value	
Filename	Sample_3_L002_trimmed.fastq	
File type	Conventional base calls	
Encoding	Sanger / Illumina 1.9	
Total Sequences	15375376	
Filtered Sequences	0	
Sequence length	20-51	
%GC	53	
>>END_MODULE
>>Per base sequence quality	pass
#Base	Mean	Median	Lower Quartile	Upper Quartile	10th Percentile	90th Percentile
1	32.41675247486631	34.0	31.0	34.0	30.0	34.0
2	32.61834767487962	34.0	31.0	34.0	31.0	34.0
3	32.696485796509954	34.0	31.0	34.0	31.0	34.0
4	36.04752976447536	37.0	35.0	37.0	35.0	37.0
5	36.14352429495057	37.0	35.0	37.0	35.0	37.0
6	36.03822781309543	37.0	35.0	37.0	35.0	37.0
7	36.00605546166806	37.0	35.0	37.0	35.0	37.0
8	35.99837285280048	37.0	35.0	37.0	35.0	37.0
9	37.70838235110478	39.0	38.0	39.0	35.0	39.0
10	37.737698772374735	39.0	38.0	39.0	35.0	39.0
11	37.74898272406477	39.0	38.0	39.0	35.0	39.0
12	37.71345962531258	39.0	38.0	39.0	35.0	39.0
13	37.608794217455234	39.0	37.0	39.0	35.0	39.0
14	38.97298544113653	41.0	38.0	41.0	35.0	41.0
15	38.944432253234005	41.0	38.0	41.0	35.0	41.0
16	38.91537728898467	41.0	38.0	41.0	35.0	41.0
17	38.90268101410983	40.0	38.0	41.0	35.0	41.0
18	38.899214172063175	40.0	38.0	41.0	35.0	41.0
19	38.92535376045438	41.0	39.0	41.0	35.0	41.0
20	38.844163420783985	40.0	38.0	41.0	35.0	41.0
21	38.84582164394486	40.0	38.0	41.0	35.0	41.0
22	38.85065858565401	40.0	38.0	41.0	35.0	41.0
23	38.826924789238504	40.0	38.0	41.0	35.0	41.0
24	38.80279463930443	40.0	38.0	41.0	34.0	41.0
25	38.769731088997524	40.0	38.0	41.0	34.0	41.0
26	38.71319574183214	40.0	38.0	41.0	34.0	41.0
27	38.66069280906113	40.0	38.0	41.0	34.0	41.0
28	38.61124111181248	40.0	38.0	41.0	34.0	41.0
29	38.56717342887324	40.0	38.0	41.0	34.0	41.0
30	38.530566982944784	40.0	38.0	41.0	34.0	41.0
31	38.4856992544828	40.0	38.0	41.0	34.0	41.0
32	38.43030020621206	40.0	38.0	41.0	34.0	41.0
33	38.36574593385145	40.0	38.0	41.0	34.0	41.0
34	38.310198225707076	40.0	38.0	41.0	33.0	41.0
35	38.242290787467994	40.0	38.0	41.0	33.0	41.0
36	38.037136743774326	40.0	37.0	41.0	33.0	41.0
37	38.04184162891875	40.0	37.0	41.0	33.0	41.0
38	38.001987056601294	40.0	37.0	41.0	33.0	41.0
39	37.93521360882815	40.0	37.0	41.0	33.0	41.0
40	37.85625303640121	40.0	37.0	41.0	33.0	41.0
41	37.79452192635706	40.0	37.0	41.0	33.0	41.0
42	37.65733196074819	40.0	36.0	41.0	33.0	41.0
43	37.62028316917634	40.0	36.0	41.0	33.0	41.0
44	37.54455016177323	40.0	36.0	41.0	32.0	41.0
45	37.47591697823436	39.0	35.0	41.0	32.0	41.0
46	37.39538110077332	39.0	35.0	41.0	32.0	41.0
47	37.31649079458203	39.0	35.0	41.0	32.0	41.0
48	37.23975045527512	39.0	35.0	41.0	32.0	41.0
49	37.13317284776655	39.0	35.0	41.0	32.0	41.0
50	37.1122735726589	39.0	35.0	41.0	32.0	41.0
51	37.24949067114823	39.0	35.0	41.0	32.0	41.0
>>END_MODULE
>>Per sequence quality scores	pass
#Quality	Count
10	2.0
11	6.0
12	26.0
13	53.0
14	99.0
15	201.0
16	360.0
17	683.0
18	1421.0
19	2321.0
20	4488.0
21	8016.0
22	13637.0
23	22100.0
24	34712.0
25	50918.0
26	71023.0
27	95166.0
28	123933.0
29	156212.0
30	195218.0
31	241846.0
32	301480.0
33	382837.0
34	518305.0
35	723602.0
36	1074992.0
37	1672628.0
38	2672347.0
39	6776350.0
40	230385.0
41	9.0
>>END_MODULE
>>Per base sequence content	fail
#Base	G	A	T	C
1	37.80495480346712	10.055257961063962	11.952509356051024	40.1872778794179
2	25.07251697764573	11.14999221156701	28.73663161817622	35.04085919261104
3	24.920220515542233	16.35099591021198	19.74040773001155	38.98837584423423
4	26.67689731144769	22.12608147768754	18.462704161687114	32.73431704917766
5	27.80217248699121	25.596684672515934	21.11012063836626	25.491022202126594
6	26.415849932733437	28.850187958725833	20.619601666431215	24.11436044210952
7	20.594189046173568	24.854741763713616	33.06818643004243	21.48288276007039
8	23.32750106403902	22.129845800193763	27.65177254852174	26.890880587245476
9	23.00376263969089	20.40294819456773	28.75040584373351	27.842883322007868
10	23.14339499729958	31.547742312122967	23.554246738421224	21.75461595215623
11	26.815526332494244	25.577299703109702	20.342169193130626	27.26500477126543
12	25.62564974020798	21.953134674560154	23.834408992664635	28.586806592567232
13	24.932964223564802	24.398882836785997	24.491921236117083	26.176231703532117
14	24.50269834051538	23.803684540787813	25.00913798791002	26.684479130786787
15	25.292355661150157	23.73231464748967	23.904063415730292	27.07126627562988
16	25.720037769487753	23.713387394674108	23.50000071542975	27.066574120408387
17	25.231782979718087	24.2022210321518	23.422200981907825	27.143795006222287
18	25.234342297539207	23.939232169472064	23.550467591938588	27.275957941050144
19	25.483666283499833	24.09602524140226	23.117018161639518	27.30329031345839
20	25.681178596447708	23.619531051376768	23.772151739017975	26.92713861315755
21	25.44827445346559	23.84309083432237	23.294725354125468	27.41390935808657
22	25.739037840200414	24.360684125353824	22.902301629562217	26.997976404883545
23	25.46214896592393	24.705326804096536	23.07112570104301	26.761398528936525
24	25.542386363236737	24.07109957162389	23.115038959445524	27.27147510569385
25	25.809670669651947	24.400654589863628	22.660845918990432	27.128828821493993
26	25.58057289439486	24.060167426870485	23.093939400653458	27.265320278081195
27	25.447757749961735	23.91955000903455	23.201394579843907	27.43129766115981
28	25.82431718327131	24.016939490760098	22.929842969222452	27.228900356746138
29	25.576838537909552	24.039480772918374	23.135738148006592	27.247942541165482
30	25.472520711690194	23.815742111364276	23.09784474174045	27.613892435205084
31	25.79099468813082	24.062186526948647	22.781646868712183	27.365171916208347
32	25.35781929546937	24.211570078716818	23.320693644003697	27.109916981810116
33	25.43161277307219	23.861275236937786	23.25624377487072	27.450868215119307
34	25.799103059218304	24.262076342198853	22.731621242052576	27.20719935653027
35	25.713827367741466	24.212669622644036	23.040372255807593	27.0331307538069
36	25.844173824009502	23.87523672243071	22.729517152914518	27.551072300645263
37	25.959916168346624	24.035105371095366	22.419214098843394	27.58576436171461
38	25.62900539758951	24.058587078680162	22.851576588580862	27.460830935149467
39	25.59108048633622	23.87186504512723	22.82924402566975	27.707810442866798
40	25.672655197199518	24.211765092394725	22.45846529019012	27.65711442021564
41	25.541504120058917	24.134020289168845	22.939564612538472	27.38491097823377
42	25.6492726276279	23.97207197306518	22.63270993121534	27.745945468091577
43	25.750591776524306	24.27466351900593	22.538798828899193	27.43594587557057
44	25.408259355512325	24.01861769603584	23.071973645181885	27.50114930326995
45	25.49456869496328	23.778127104673384	22.744407413283515	27.982896787079813
46	25.952672308868813	23.92464891856331	22.54523109861185	27.57744767395603
47	25.878327319803574	23.943467181616178	22.737842789037305	27.440362709542942
48	25.16469616360906	24.013884387402445	22.776276709849352	28.045142739139138
49	25.112888770833475	24.07682190243229	22.63259081473428	28.17769851199996
50	26.215968221856617	23.194978254395366	22.772322160763668	27.816731362984342
51	25.781369518308573	24.228664354204206	21.815535446903382	28.174430680583836
>>END_MODULE
>>Per base GC content	fail
#Base	%GC
1	77.992232682885
2	60.11337617025677
3	63.90859635977647
4	59.41121436062535
5	53.293194689117804
6	50.53021037484295
7	42.07707180624396
8	50.218381651284496
9	50.846645961698755
10	44.89801094945581
11	54.080531103759675
12	54.21245633277522
13	51.10919592709692
14	51.18717747130217
15	52.363621936780035
16	52.78661188989614
17	52.37557798594037
18	52.510300238589345
19	52.78695659695822
20	52.60831720960526
21	52.86218381155216
22	52.737014245083955
23	52.223547494860455
24	52.81386146893059
25	52.93849949114594
26	52.84589317247605
27	52.87905541112154
28	53.05321754001745
29	52.82478107907503
30	53.086413146895275
31	53.15616660433917
32	52.467736277279485
33	52.882480988191496
34	53.00630241574857
35	52.746958121548374
36	53.39524612465477
37	53.54568053006123
38	53.08983633273898
39	53.29889092920301
40	53.32976961741516
41	52.926415098292686
42	53.39521809571948
43	53.18653765209488
44	52.909408658782276
45	53.477465482043094
46	53.53011998282484
47	53.31869002934651
48	53.20983890274821
49	53.290587282833435
50	54.03269958484096
51	53.95580019889241
>>END_MODULE
>>Per sequence GC content	pass
#GC Content	Count
0	44462.0
1	40645.0
2	21377.5
3	5169.5
4	4227.0
5	3759.5
6	3175.5
7	2366.5
8	1783.5
9	1744.5
10	1763.0
11	2021.0
12	2319.5
13	2799.5
14	3315.5
15	4212.5
16	5178.5
17	6866.5
18	8708.5
19	11467.5
20	14171.0
21	18623.0
22	23084.5
23	28998.5
24	35291.5
25	43286.0
26	61617.5
27	72824.5
28	91884.0
29	111267.5
30	134702.5
31	158191.0
32	189015.5
33	219977.0
34	262161.5
35	305835.0
36	360239.5
37	413655.5
38	466066.5
39	520066.5
40	578204.5
41	636370.5
42	693368.0
43	749226.0
44	807267.5
45	865909.5
46	900638.0
47	933763.0
48	964316.0
49	995545.0
50	1010006.5
51	1023079.0
52	1026146.0
53	1028932.0
54	1014053.5
55	998280.0
56	966176.5
57	934619.5
58	891350.0
59	847272.0
60	802464.0
61	757324.5
62	709747.5
63	662699.5
64	618829.5
65	574702.0
66	542021.5
67	510222.0
68	464805.0
69	418397.0
70	383614.0
71	349339.0
72	314398.5
73	279151.5
74	252728.0
75	204416.0
76	179928.5
77	159700.0
78	139762.5
79	121682.5
80	103940.0
81	90874.5
82	77857.0
83	67993.0
84	58273.5
85	50288.0
86	42253.0
87	36067.0
88	30107.5
89	25111.0
90	20160.0
91	16205.5
92	12313.0
93	9470.0
94	6647.0
95	4999.5
96	3385.5
97	2490.5
98	1561.0
99	1018.0
100	575.0
>>END_MODULE
>>Per base N content	pass
#Base	N-Count
1	0.0732014618699406
2	7.1542965843567E-5
3	0.0032259373689462944
4	6.503905985778819E-6
5	1.3007811971557639E-5
6	0.004708827933703865
7	0.0
8	0.0
9	0.0
10	0.0
11	0.0
12	0.0
13	2.6015623943115278E-5
14	0.0
15	7.1542965843567E-5
16	1.3007811971557639E-5
17	1.3007811971557639E-5
18	2.6015623943115278E-5
19	1.3007811971557639E-5
20	1.9511717957336456E-5
21	8.065759355467772E-4
22	5.857189612391366E-5
23	6.313537291396171E-4
24	0.0017713557448909086
25	8.662656486330131E-4
26	1.7594765570276002E-4
27	0.012807082388254296
28	0.0070883784502861445
29	0.00229579611034744
30	0.010152846007164934
31	6.069551975042002E-4
32	0.0015081999066091278
33	0.008293497878072651
34	9.863860435389493E-4
35	0.010944042945077892
36	0.012535598682023624
37	0.00639346438889365
38	0.005754656121695283
39	0.015169209291719594
40	0.008618406035946801
41	0.0072538363497857495
42	0.019858892446439957
43	0.00913343203297215
44	0.003155686757478715
45	0.004051578365569648
46	0.006739415091095523
47	0.006752705740473829
48	0.005201032331001224
49	0.01892836192347622
50	0.0
51	0.0
>>END_MODULE
>>Sequence Length Distribution	warn
#Length	Count
20	1746.0
21	7899.0
22	1919.0
23	8342.0
24	2212.0
25	7785.0
26	2400.0
27	8113.0
28	2588.0
29	6620.0
30	3369.0
31	6111.0
32	3071.0
33	4793.0
34	3278.0
35	4704.0
36	3555.0
37	4906.0
38	4418.0
39	6299.0
40	6572.0
41	11992.0
42	11024.0
43	9336.0
44	13691.0
45	19598.0
46	74361.0
47	253013.0
48	332066.0
49	50573.0
50	157600.0
51	1.4341422E7
>>END_MODULE
>>Sequence Duplication Levels	fail
#Total Duplicate Percentage	71.62577808750714
#Duplication Level	Relative count
1	100.0
2	48.63627404903046
3	24.528873997483284
4	14.938067587440683
5	10.50501068845798
6	8.008004972786125
7	6.537394442001849
8	5.48370957716157
9	4.60285935202171
10++	79.97847147470398
>>END_MODULE
>>Overrepresented sequences	pass
>>END_MODULE
>>Kmer Content	warn
#Sequence	Count	Obs/Exp Overall	Obs/Exp Max	Max Obs/Exp Position
AAAAA	2787355	5.4481215	8.454322	10
TTCTT	2128535	3.7677054	6.7739196	6
TTTTT	1751190	3.7347233	5.1590166	11
CTTCT	2323225	3.4131737	5.5523515	5
CAGCA	2511960	3.2053325	4.4216375	9
TCTTC	2099970	3.085178	5.5572295	7
ATATA	1369670	2.7721624	6.2183557	11
TATAT	1247825	2.569985	6.211495	8
TCTTG	1559355	2.4824626	5.036701	7
CTCCT	1969415	2.40146	7.0472198	1
GCCAG	1776770	2.0749483	6.1484485	1
CTCCA	1719440	2.0603974	6.9276195	1
TTGAA	1098430	2.034655	5.813301	7
TCCAG	1558520	2.0237036	5.31701	2
GTCCA	1198640	1.5564075	5.2014422	1
>>END_MODULE
