##FastQC	0.10.1
>>Basic Statistics	pass
#Measure	Value	
Filename	Sample_7_L002_poly.fastq	
File type	Conventional base calls	
Encoding	Sanger / Illumina 1.9	
Total Sequences	13441733	
Filtered Sequences	0	
Sequence length	35-39	
%GC	54	
>>END_MODULE
>>Per base sequence quality	pass
#Base	Mean	Median	Lower Quartile	Upper Quartile	10th Percentile	90th Percentile
1	37.55374615758251	39.0	37.0	39.0	35.0	39.0
2	38.901617150110035	40.0	38.0	41.0	35.0	41.0
3	38.87314425900291	40.0	38.0	41.0	35.0	41.0
4	38.84264469469822	40.0	38.0	41.0	35.0	41.0
5	38.82904615052241	40.0	38.0	41.0	35.0	41.0
6	38.82372354814666	40.0	38.0	41.0	35.0	41.0
7	38.85025874267849	40.0	38.0	41.0	34.0	41.0
8	38.766466198964075	40.0	38.0	41.0	34.0	41.0
9	38.76775055716402	40.0	38.0	41.0	34.0	41.0
10	38.772752962731815	40.0	38.0	41.0	34.0	41.0
11	38.746333229502476	40.0	38.0	41.0	34.0	41.0
12	38.72210153259256	40.0	38.0	41.0	34.0	41.0
13	38.68770061122327	40.0	38.0	41.0	34.0	41.0
14	38.628886840707224	40.0	38.0	41.0	34.0	41.0
15	38.57591554600884	40.0	38.0	41.0	34.0	41.0
16	38.52672107086192	40.0	38.0	41.0	34.0	41.0
17	38.47537159085067	40.0	38.0	41.0	34.0	41.0
18	38.43723119630482	40.0	38.0	41.0	34.0	41.0
19	38.38961583301796	40.0	38.0	41.0	34.0	41.0
20	38.33072268285645	40.0	38.0	41.0	33.0	41.0
21	38.26056260751497	40.0	38.0	41.0	33.0	41.0
22	38.20272691028754	40.0	38.0	41.0	33.0	41.0
23	38.1294714007487	40.0	37.0	41.0	33.0	41.0
24	37.92466455032249	40.0	37.0	41.0	33.0	41.0
25	37.92241097185906	40.0	37.0	41.0	33.0	41.0
26	37.87775132864193	40.0	37.0	41.0	33.0	41.0
27	37.802395569083245	40.0	37.0	41.0	33.0	41.0
28	37.71675951307767	40.0	36.0	41.0	33.0	41.0
29	37.64470340245562	40.0	36.0	41.0	32.0	41.0
30	37.50332282303182	40.0	36.0	41.0	32.0	41.0
31	37.4571031875131	40.0	35.0	41.0	32.0	41.0
32	37.36945347746455	39.0	35.0	41.0	32.0	41.0
33	37.2878994843894	39.0	35.0	41.0	32.0	41.0
34	37.20025118784907	39.0	35.0	41.0	32.0	41.0
35	37.10521612057017	39.0	35.0	41.0	31.0	41.0
36	37.0190202338392	39.0	35.0	41.0	31.0	41.0
37	36.90640214022223	39.0	35.0	41.0	31.0	41.0
38	36.88022452817787	39.0	35.0	41.0	31.0	41.0
39	37.04135165560426	38.0	35.0	41.0	32.0	41.0
>>END_MODULE
>>Per sequence quality scores	pass
#Quality	Count
9	2.0
10	6.0
11	23.0
12	64.0
13	146.0
14	295.0
15	615.0
16	1184.0
17	1970.0
18	3464.0
19	5827.0
20	8998.0
21	13888.0
22	20396.0
23	29469.0
24	40322.0
25	54207.0
26	70643.0
27	90241.0
28	112630.0
29	139523.0
30	169973.0
31	205955.0
32	252806.0
33	313678.0
34	414704.0
35	551287.0
36	760265.0
37	1076448.0
38	1517705.0
39	2295089.0
40	5287090.0
41	2820.0
>>END_MODULE
>>Per base sequence content	pass
#Base	G	A	T	C
1	25.666437504747343	23.124592639952006	24.31226687808782	26.896702977212833
2	25.33564682470631	22.940152136632978	24.46002312350647	27.264177915154242
3	26.014212601901853	22.534891892287995	23.738070083671502	27.71282542213865
4	26.625235005039897	22.630050753128337	22.85610791406138	27.888606327770386
5	26.295515615434407	22.945277963786364	22.920854029759408	27.838352391019818
6	26.10751158351382	22.79787137566265	22.82450484621291	28.27011219461062
7	26.560957578907423	22.58080115116109	22.44982845589925	28.408412814032236
8	26.848383314859774	22.373722197874336	22.85858527319357	27.919309214072324
9	26.264254765363958	22.340601468575517	22.970624397910598	28.424519368149927
10	26.792497663805705	23.004489078900765	22.18764500083434	28.015368256459194
11	26.526832514825283	23.166134902396887	22.605366436009405	27.701666146768428
12	26.396105323621587	22.76513750124333	22.57511736023919	28.263639814895892
13	26.8373058741756	22.918079089950677	22.13600731393787	28.10860772193585
14	26.689147894843618	22.839063980812593	22.495871626076784	27.975916498267
15	26.254605711927177	22.614881578141745	22.805080267551812	28.325432442379267
16	26.811892484399145	22.77422115139469	22.30623833995215	28.10764802425402
17	26.619878552862193	22.753650887128916	22.54028554205027	28.08618501795862
18	26.360908969103907	22.612910106159674	22.66218202667766	28.363998898058757
19	26.71857118423644	22.780946474684477	22.22095915757291	28.27952318350617
20	26.446255107135368	23.073453400688734	22.73577372798582	27.74451776419008
21	26.24558157791112	22.712398765843663	22.912023323183103	28.129996333062113
22	26.71572184925857	23.013297466926325	22.141780379062727	28.129200304752374
23	26.79655220052355	22.927021389280682	22.54152050185791	27.734905908337858
24	26.68970585861213	22.666824285231673	22.333474411372404	28.30999544478379
25	26.844901620944263	22.808152788037077	21.928005860553842	28.418939730464814
26	26.677125635511434	22.84288045298921	22.34990086471737	28.13009304678199
27	26.405799014159854	22.616495953311972	22.481275293892537	28.496429738635637
28	26.677192591163656	22.92827866763906	21.933146566741062	28.461382174456222
29	26.67773567589834	22.84119168264985	22.408933431425844	28.07213921002597
30	26.495593983305575	22.733571630979426	22.27158507016915	28.499249315545843
31	26.786903147086765	22.943507358760957	21.947579229553213	28.32201026459907
32	26.52625223250603	22.75591250027061	22.458324384214446	28.259510883008907
33	26.48870499064369	22.556875664767333	22.417436799257953	28.536982545331025
34	27.13428394984486	22.624947244525686	21.82320538579363	28.417563419835822
35	27.295342051504818	22.51998310039338	21.755171003619846	28.429503844481957
36	26.509513722447537	22.268937249161695	21.94057338173742	29.280975646653353
37	26.74586509963105	21.982464313972827	21.52658023681048	29.745090349585645
38	28.49610569844017	20.583630650484462	21.094786278883877	29.82547737219149
39	27.084229803324067	22.480082711660298	20.828828985162275	29.60685849985336
>>END_MODULE
>>Per base GC content	pass
#Base	%GC
1	52.56314048196018
2	52.59982473986056
3	53.727038024040496
4	54.51384133281029
5	54.13386800645422
6	54.37762377812444
7	54.969370392939666
8	54.7676925289321
9	54.68877413351388
10	54.807865920264895
11	54.228498661593704
12	54.65974513851748
13	54.94591359611145
14	54.66506439311062
15	54.58003815430644
16	54.919540508653164
17	54.70606357082082
18	54.72490786716266
19	54.99809436774261
20	54.19077287132544
21	54.37557791097324
22	54.844922154010945
23	54.53145810886141
24	54.99970130339592
25	55.263841351409084
26	54.807218682293424
27	54.90222875279549
28	55.13857476561987
29	54.749874885924314
30	54.99484329885143
31	55.10891341168583
32	54.78576311551494
33	55.02568753597471
34	55.55184736968069
35	55.724845895986775
36	55.79048936910088
37	56.4909554492167
38	58.321583070631654
39	56.69108830317743
>>END_MODULE
>>Per sequence GC content	pass
#GC Content	Count
0	3184.0
1	1797.0
2	410.0
3	410.0
4	438.5
5	467.0
6	588.0
7	689.0
8	669.0
9	934.5
10	1219.5
11	1239.0
12	1813.5
13	2455.5
14	3525.0
15	4591.5
16	4689.5
17	6505.5
18	8511.0
19	12010.0
20	15316.5
21	15541.0
22	20970.0
23	26278.5
24	35950.0
25	45661.0
26	46502.0
27	61002.5
28	75036.0
29	100475.5
30	126840.5
31	128296.5
32	170677.5
33	215094.5
34	217774.5
35	263225.5
36	311719.0
37	386033.0
38	460764.0
39	468840.0
40	547394.0
41	626837.5
42	709810.5
43	791821.5
44	799955.5
45	882844.0
46	965296.0
47	1040236.0
48	1111648.0
49	1114978.0
50	1164327.0
51	1211547.0
52	1212748.0
53	1212260.0
54	1211498.0
55	1172298.0
56	1129942.5
57	1123198.5
58	1071468.0
59	1020796.5
60	948962.0
61	875221.5
62	870571.5
63	806966.0
64	739278.5
65	680903.5
66	625386.5
67	620822.5
68	562190.5
69	505222.5
70	501548.0
71	448158.0
72	395270.0
73	349657.5
74	303370.5
75	300142.5
76	263400.0
77	225962.0
78	196629.5
79	167171.0
80	164313.0
81	140310.5
82	116448.5
83	99116.0
84	82719.0
85	81300.5
86	68018.5
87	55546.5
88	46124.0
89	36918.0
90	36633.5
91	29552.5
92	22756.0
93	22286.5
94	17520.0
95	13223.0
96	9636.0
97	6049.0
98	6049.0
99	4217.0
100	2385.0
>>END_MODULE
>>Per base N content	pass
#Base	N-Count
1	0.0
2	0.0
3	0.0
4	0.0
5	0.0
6	0.0
7	0.0
8	0.0
9	0.0
10	0.0
11	0.0
12	0.0
13	0.0
14	0.0
15	0.0
16	0.0
17	0.0
18	0.0
19	0.0
20	0.0
21	0.0
22	0.0
23	0.0
24	0.0
25	0.0
26	0.0
27	0.0
28	0.0
29	0.0
30	0.0
31	0.0
32	0.0
33	0.0
34	0.0
35	0.0
36	0.0
37	0.0
38	0.0
39	0.0
>>END_MODULE
>>Sequence Length Distribution	warn
#Length	Count
35	406194.0
36	421148.0
37	245164.0
38	152328.0
39	1.2216899E7
>>END_MODULE
>>Sequence Duplication Levels	fail
#Total Duplicate Percentage	78.42922397433959
#Duplication Level	Relative count
1	100.0
2	61.86963545417388
3	36.764047568072556
4	22.954903754452207
5	16.633254831740594
6	12.493431168376185
7	9.918449171840635
8	8.324412697794818
9	6.985344206777088
10++	113.32061737285662
>>END_MODULE
>>Overrepresented sequences	pass
>>END_MODULE
>>Kmer Content	warn
#Sequence	Count	Obs/Exp Overall	Obs/Exp Max	Max Obs/Exp Position
CAGCA	1661000	3.2544763	3.6688766	27
>>END_MODULE
