##FastQC	0.10.1
>>Basic Statistics	pass
#Measure	Value	
Filename	Sample_5_L001_trimmed.fastq	
File type	Conventional base calls	
Encoding	Sanger / Illumina 1.9	
Total Sequences	18435482	
Filtered Sequences	0	
Sequence length	20-51	
%GC	52	
>>END_MODULE
>>Per base sequence quality	pass
#Base	Mean	Median	Lower Quartile	Upper Quartile	10th Percentile	90th Percentile
1	32.29463411914047	33.0	31.0	34.0	30.0	34.0
2	32.511291595196695	34.0	31.0	34.0	30.0	34.0
3	32.60432393359718	34.0	31.0	34.0	31.0	34.0
4	35.94822690288217	37.0	35.0	37.0	35.0	37.0
5	36.06370194172303	37.0	35.0	37.0	35.0	37.0
6	35.92851816947341	37.0	35.0	37.0	35.0	37.0
7	35.89719015754511	37.0	35.0	37.0	35.0	37.0
8	35.893388846573146	37.0	35.0	37.0	35.0	37.0
9	37.568541034077654	39.0	37.0	39.0	35.0	39.0
10	37.594425738366915	39.0	37.0	39.0	35.0	39.0
11	37.60903148613093	39.0	37.0	39.0	35.0	39.0
12	37.58998039758331	39.0	37.0	39.0	35.0	39.0
13	37.47159238906799	39.0	37.0	39.0	34.0	39.0
14	38.804496459598944	40.0	38.0	41.0	34.0	41.0
15	38.77175416406254	40.0	38.0	41.0	34.0	41.0
16	38.69626224039057	40.0	38.0	41.0	34.0	41.0
17	38.715533719161776	40.0	38.0	41.0	34.0	41.0
18	38.71805597488582	40.0	38.0	41.0	34.0	41.0
19	38.76019618038736	40.0	38.0	41.0	34.0	41.0
20	38.748654740895844	40.0	38.0	41.0	34.0	41.0
21	38.711011458944355	40.0	38.0	41.0	34.0	41.0
22	38.61383838770806	40.0	38.0	41.0	34.0	41.0
23	38.61523120013767	40.0	38.0	41.0	34.0	41.0
24	38.64171379745555	40.0	38.0	41.0	34.0	41.0
25	38.61889818393684	40.0	38.0	41.0	34.0	41.0
26	38.55243950250982	40.0	38.0	41.0	34.0	41.0
27	38.50108115547154	40.0	38.0	41.0	34.0	41.0
28	38.47003238130522	40.0	38.0	41.0	34.0	41.0
29	38.42350775218227	40.0	38.0	41.0	34.0	41.0
30	38.39393617451975	40.0	38.0	41.0	34.0	41.0
31	38.31286026479289	40.0	38.0	41.0	33.0	41.0
32	38.27818870314188	40.0	38.0	41.0	33.0	41.0
33	38.237112629563484	40.0	38.0	41.0	33.0	41.0
34	38.18160782989376	40.0	38.0	41.0	33.0	41.0
35	38.11403948051535	40.0	37.0	41.0	33.0	41.0
36	38.06015865757661	40.0	37.0	41.0	33.0	41.0
37	37.999538427314086	40.0	37.0	41.0	33.0	41.0
38	37.9407258125769	40.0	37.0	41.0	33.0	41.0
39	37.8673054785681	40.0	37.0	41.0	33.0	41.0
40	37.7737590987601	40.0	37.0	41.0	33.0	41.0
41	37.69603580371667	40.0	36.0	41.0	32.0	41.0
42	37.61373623310257	40.0	36.0	41.0	32.0	41.0
43	37.556220375718596	40.0	36.0	41.0	32.0	41.0
44	37.46961246497997	40.0	36.0	41.0	32.0	41.0
45	37.406806446543236	39.0	35.0	41.0	32.0	41.0
46	37.33572873655964	39.0	35.0	41.0	32.0	41.0
47	37.25326270736558	39.0	35.0	41.0	32.0	41.0
48	37.17167765342308	39.0	35.0	41.0	31.0	41.0
49	37.09395476675542	39.0	35.0	41.0	31.0	41.0
50	37.07250784759845	39.0	35.0	41.0	31.0	41.0
51	37.22122755297549	39.0	35.0	41.0	32.0	41.0
>>END_MODULE
>>Per sequence quality scores	pass
#Quality	Count
10	3.0
11	6.0
12	28.0
13	61.0
14	135.0
15	287.0
16	571.0
17	1117.0
18	1957.0
19	3578.0
20	6725.0
21	11702.0
22	19455.0
23	31439.0
24	48982.0
25	70318.0
26	97708.0
27	129501.0
28	167262.0
29	208957.0
30	256147.0
31	315428.0
32	388767.0
33	490098.0
34	651295.0
35	890958.0
36	1294490.0
37	1974266.0
38	3123295.0
39	7964217.0
40	286720.0
41	9.0
>>END_MODULE
>>Per base sequence content	fail
#Base	G	A	T	C
1	37.0792104387909	10.093499412408987	11.45226800794514	41.37502214085498
2	25.447059906491255	11.495658785998435	30.54058139932882	32.516699908181494
3	24.08268468380702	16.44150123115848	20.837860382495016	38.637953702539484
4	26.29791975593151	23.124533609944866	18.570375245430267	32.00717138869336
5	27.625086660534638	26.249941756201196	21.7367321711189	24.38823941214527
6	25.749661752790722	29.19716605170215	21.418264052888013	23.634908142619114
7	20.28002415559431	24.211567899964205	34.47627431039093	21.032133634050556
8	23.162498445253476	21.734133218438945	28.431322187904946	26.67204614840264
9	22.87771018889286	19.99211086320142	29.59665757495724	27.53352137294847
10	23.083533658116504	31.915286822761697	23.642379999998916	21.358799519122883
11	26.91443638051294	25.58205244981246	20.66158182614671	26.841929343527895
12	25.47419751481881	22.061141645433917	24.28675095832161	28.177909881425666
13	24.756364392220824	24.306073617738374	25.139360798974973	25.79820119106583
14	24.427374458496516	24.103309070874595	25.372340514975555	26.096975955653328
15	25.09894777907082	23.672003802233107	24.59648193630088	26.632566482395198
16	25.662026546510447	23.932577537850282	23.701271601967537	26.704124313671734
17	25.237527053134883	24.322714912913302	23.86824882608149	26.571509207870324
18	25.072426937738246	24.12775369226993	23.857329415162887	26.942489954828936
19	25.47164627509814	23.988403013558802	23.538981547482436	27.000969163860617
20	25.54509842381087	23.82827827952169	24.13466577866872	26.49195751799872
21	25.248932167513473	23.73689210770389	23.90381340574944	27.1103623190332
22	25.688245892740124	24.5408221183305	23.125759824898143	26.645172164031234
23	25.407175121567917	24.654434413075364	23.591868702795985	26.34652176256073
24	25.285066057680396	24.20896859345916	23.552253954702422	26.95371139415803
25	25.73661538441493	24.35569006281982	23.121112510147356	26.78658204261789
26	25.500728049833743	24.314942167348562	23.47715405958035	26.70717572323735
27	25.281719487786404	23.95200708994565	23.746880728598583	27.01939269366937
28	25.742581464671648	24.184073970477584	23.282226180698647	26.791118384152117
29	25.502142465100253	24.135345029082174	23.642093959859896	26.720418545957674
30	25.262832293104665	23.97518080393497	23.59068629115907	27.171300611801293
31	25.6992350466943	24.126307115693653	23.212428840209906	26.962028997402143
32	25.292212049783696	24.367221841290387	23.774887335150932	26.565678773774987
33	25.19416769600501	23.98303501780486	23.85372311428524	26.969074171904893
34	25.702221950502064	24.361281153779878	23.08471917866635	26.851777717051707
35	25.665078919804017	24.353392320882282	23.518943821530492	26.462584937783202
36	25.55972946370707	23.943418617434663	23.25888232221982	27.23796959663845
37	25.80266867097503	24.189596350614323	22.83230632125733	27.175428657153315
38	25.529774147547602	24.202513438166196	23.355311501312574	26.912400912973634
39	25.320050669753286	23.98824575887008	23.381622688118973	27.31008088325766
40	25.61703329165227	24.31049026203492	22.871738948138816	27.20073749817399
41	25.470321427874453	24.275914272671898	23.398717942987197	26.85504635646645
42	25.345198295165105	24.092160250639253	23.261626380278962	27.30101507391668
43	25.625614279406474	24.365586998180035	22.956289923554582	27.05250879885891
44	25.278654249435988	24.219571151545814	23.58944030952569	26.912334289492513
45	25.307084190697193	23.92149341600339	23.325032859006452	27.44638953429297
46	25.87902507801646	24.05072738793017	22.933326966691382	27.136920567361983
47	25.753709304981793	24.153672975673125	23.255579438712182	26.837038280632903
48	24.97135968533901	24.114724340756823	23.391627898212537	27.522288075691637
49	24.989929172384176	24.156736321097274	23.073870689254154	27.779463817264393
50	26.06217564661055	23.38954633313807	23.33446283773122	27.213815182520158
51	25.47821918605983	24.440024901319575	22.427282882802846	27.65447302981775
>>END_MODULE
>>Per base GC content	fail
#Base	%GC
1	78.45423257964588
2	57.96375981467274
3	62.72063838634651
4	58.30509114462487
5	52.01332607267991
6	49.38456989540983
7	41.31215778964487
8	49.83454459365612
9	50.41123156184133
10	44.442333177239384
11	53.75636572404083
12	53.652107396244475
13	50.554565583286646
14	50.52435041414984
15	51.73151426146602
16	52.36615086018218
17	51.809036261005204
18	52.014916892567186
19	52.472615438958755
20	52.0370559418096
21	52.35929448654667
22	52.333418056771364
23	51.75369688412865
24	52.23877745183842
25	52.52319742703282
26	52.20790377307109
27	52.301112181455764
28	52.533699848823765
29	52.222561011057934
30	52.43413290490596
31	52.66126404409645
32	51.857890823558684
33	52.1632418679099
34	52.553999667553775
35	52.12766385758722
36	52.797699060345515
37	52.97809732812835
38	52.44217506052124
39	52.63013155301094
40	52.817770789826255
41	52.325367784340905
42	52.646213369081785
43	52.67812307826538
44	52.190988538928494
45	52.753473724990165
46	53.01594564537845
47	52.59074758561469
48	52.49364776103065
49	52.769392989648566
50	53.275990829130706
51	53.13269221587758
>>END_MODULE
>>Per sequence GC content	pass
#GC Content	Count
0	15267.0
1	12937.5
2	6838.5
3	2796.0
4	2453.5
5	2231.0
6	1855.5
7	1379.0
8	1101.0
9	1215.0
10	1378.5
11	1677.5
12	1966.0
13	2596.5
14	3289.5
15	4463.5
16	5692.5
17	7746.5
18	9979.0
19	13383.0
20	16838.0
21	22667.0
22	28415.5
23	36016.0
24	44241.0
25	54344.5
26	78657.0
27	94321.5
28	119674.5
29	145209.5
30	175987.5
31	206901.0
32	245278.0
33	283874.5
34	336980.5
35	392299.0
36	459942.0
37	525770.5
38	592908.0
39	663322.5
40	742813.5
41	821078.5
42	891029.0
43	959826.5
44	1031460.0
45	1103551.0
46	1144491.5
47	1183555.0
48	1216127.0
49	1248816.5
50	1258015.0
51	1266441.0
52	1265813.0
53	1264273.5
54	1236567.5
55	1207953.0
56	1158987.5
57	1109796.0
58	1045608.5
59	980742.5
60	918931.5
61	857240.0
62	802841.5
63	748836.0
64	696629.0
65	644590.5
66	603213.5
67	562705.5
68	510430.0
69	457203.0
70	418145.0
71	379402.5
72	340230.0
73	300903.5
74	270848.0
75	217060.0
76	190104.0
77	167561.5
78	145565.0
79	126639.5
80	107985.0
81	94087.0
82	80280.5
83	70100.5
84	60045.0
85	52100.0
86	44293.5
87	37893.5
88	31610.5
89	26461.0
90	21350.5
91	17384.5
92	13522.5
93	10670.5
94	7819.5
95	5923.0
96	4093.0
97	3031.0
98	1906.0
99	1256.0
100	737.0
>>END_MODULE
>>Per base N content	pass
#Base	N-Count
1	0.07406912387753138
2	0.0010902888245612455
3	0.0
4	5.424322510254953E-6
5	2.3324586794096295E-4
6	5.424322510254953E-6
7	5.424322510254953E-6
8	5.424322510254953E-6
9	2.7121612551274762E-5
10	1.6272967530764856E-5
11	1.6272967530764858E-4
12	6.834646362921241E-4
13	3.308836731255521E-4
14	2.7121612551274762E-5
15	0.0
16	0.0477557353802846
17	1.6272967530764856E-5
18	3.797025757178467E-5
19	1.6272967530764856E-5
20	2.1697290041019812E-5
21	3.254873345554659E-4
22	7.271258419330435E-4
23	4.3415471244278176E-4
24	4.342559082009065E-5
25	1.1400748019364333E-4
26	2.7150834833869473E-5
27	8.418099065058763E-4
28	0.002460783637364148
29	0.0012061509788078187
30	1.1955491877465991E-4
31	3.85913064331273E-4
32	0.0012178072119847887
33	0.0015116974660524679
34	0.0038671487023105374
35	0.007872100508716135
36	0.004135703984157642
37	0.004784462157054352
38	0.00780770313217935
39	0.006453947463015885
40	0.004783766924414358
41	0.004229952885084063
42	0.010545124568307258
43	0.00950488346827247
44	0.006014672523205929
45	0.0078306420240591
46	0.00572198407087244
47	0.007854219953494432
48	0.006583418018669317
49	0.008717826274255129
50	0.0
51	0.0
>>END_MODULE
>>Sequence Length Distribution	warn
#Length	Count
20	1585.0
21	5175.0
22	2111.0
23	4294.0
24	2473.0
25	4204.0
26	2932.0
27	3938.0
28	3114.0
29	4071.0
30	3659.0
31	4210.0
32	3793.0
33	4284.0
34	4268.0
35	4814.0
36	4586.0
37	5494.0
38	5621.0
39	7119.0
40	8379.0
41	14612.0
42	13846.0
43	11664.0
44	18102.0
45	24238.0
46	94319.0
47	335895.0
48	397143.0
49	70991.0
50	210437.0
51	1.7154111E7
>>END_MODULE
>>Sequence Duplication Levels	fail
#Total Duplicate Percentage	69.23187842189664
#Duplication Level	Relative count
1	100.0
2	39.865085564155365
3	20.85635162962437
4	13.15202726691756
5	9.530639778456294
6	7.558048711212099
7	5.951856848682809
8	5.1281687140524035
9	4.413832280053966
10++	77.57438045870909
>>END_MODULE
>>Overrepresented sequences	pass
>>END_MODULE
>>Kmer Content	warn
#Sequence	Count	Obs/Exp Overall	Obs/Exp Max	Max Obs/Exp Position
AAAAA	3283350	5.2151003	8.347066	10
TTCTT	2577510	3.5405843	6.459088	6
TTTTT	2199720	3.5019343	4.7301025	11
CTTCT	2754300	3.2645235	5.3787274	5
CAGCA	2876120	3.1522176	4.4268165	9
TCTTC	2538930	3.009257	5.51263	7
TCTTG	1932925	2.4574707	5.1549954	7
CTCCT	2252390	2.303489	7.409015	1
TCCTC	2092355	2.1398234	5.0888996	2
TTGAA	1416955	2.0859184	5.9744244	7
CTCCA	1999240	2.043659	7.3822203	1
GCCAG	1984010	2.0134964	6.0401754	1
TCCAG	1781635	1.9535611	5.4047465	2
GGCAG	1785430	1.943634	5.2185707	1
GTCCA	1393515	1.527988	5.2400045	1
>>END_MODULE
