##FastQC	0.10.1
>>Basic Statistics	pass
#Measure	Value	
Filename	Sample_7_L002_trimmed.fastq	
File type	Conventional base calls	
Encoding	Sanger / Illumina 1.9	
Total Sequences	16679872	
Filtered Sequences	0	
Sequence length	20-51	
%GC	52	
>>END_MODULE
>>Per base sequence quality	pass
#Base	Mean	Median	Lower Quartile	Upper Quartile	10th Percentile	90th Percentile
1	32.32704483583567	33.0	31.0	34.0	30.0	34.0
2	32.53656191126647	34.0	31.0	34.0	31.0	34.0
3	32.61601186148191	34.0	31.0	34.0	31.0	34.0
4	35.974309754895	37.0	35.0	37.0	35.0	37.0
5	36.076712459184336	37.0	35.0	37.0	35.0	37.0
6	35.96146703044244	37.0	35.0	37.0	35.0	37.0
7	35.930978666982575	37.0	35.0	37.0	35.0	37.0
8	35.92132565525683	37.0	35.0	37.0	35.0	37.0
9	37.6178413719242	39.0	37.0	39.0	35.0	39.0
10	37.64843729016626	39.0	37.0	39.0	35.0	39.0
11	37.6570974885179	39.0	38.0	39.0	35.0	39.0
12	37.61933544813773	39.0	37.0	39.0	35.0	39.0
13	37.510136288815644	39.0	37.0	39.0	34.0	39.0
14	38.847696193352085	40.0	38.0	41.0	35.0	41.0
15	38.82157285139838	40.0	38.0	41.0	34.0	41.0
16	38.79263168206567	40.0	38.0	41.0	34.0	41.0
17	38.78175378084436	40.0	38.0	41.0	34.0	41.0
18	38.77918289780641	40.0	38.0	41.0	34.0	41.0
19	38.80930549107331	40.0	38.0	41.0	34.0	41.0
20	38.728227650667826	40.0	38.0	41.0	34.0	41.0
21	38.730122692978796	40.0	38.0	41.0	34.0	41.0
22	38.73528306002172	40.0	38.0	41.0	34.0	41.0
23	38.71090026045881	40.0	38.0	41.0	34.0	41.0
24	38.688160723460015	40.0	38.0	41.0	34.0	41.0
25	38.65530978065416	40.0	38.0	41.0	34.0	41.0
26	38.597360457513496	40.0	38.0	41.0	34.0	41.0
27	38.54236187381538	40.0	38.0	41.0	34.0	41.0
28	38.49622632470069	40.0	38.0	41.0	34.0	41.0
29	38.451974378457095	40.0	38.0	41.0	34.0	41.0
30	38.41843005778458	40.0	38.0	41.0	34.0	41.0
31	38.37522443646915	40.0	38.0	41.0	34.0	41.0
32	38.32297935114057	40.0	38.0	41.0	33.0	41.0
33	38.25630627514711	40.0	38.0	41.0	33.0	41.0
34	38.206038053065	40.0	38.0	41.0	33.0	41.0
35	38.137304482320076	40.0	38.0	41.0	33.0	41.0
36	37.94154527126578	40.0	37.0	41.0	33.0	41.0
37	37.94839236337638	40.0	37.0	41.0	33.0	41.0
38	37.91287034579949	40.0	37.0	41.0	33.0	41.0
39	37.84694245023272	40.0	37.0	41.0	33.0	41.0
40	37.771166160564654	40.0	37.0	41.0	33.0	41.0
41	37.71300392107537	40.0	36.0	41.0	33.0	41.0
42	37.58357329957348	40.0	36.0	41.0	32.0	41.0
43	37.55027351695292	40.0	36.0	41.0	32.0	41.0
44	37.479063848949636	40.0	36.0	41.0	32.0	41.0
45	37.41170358589847	39.0	35.0	41.0	32.0	41.0
46	37.33963377996065	39.0	35.0	41.0	32.0	41.0
47	37.263942650629666	39.0	35.0	41.0	32.0	41.0
48	37.195601044562586	39.0	35.0	41.0	31.0	41.0
49	37.09700530134692	39.0	35.0	41.0	31.0	41.0
50	37.08503294612512	39.0	35.0	41.0	31.0	41.0
51	37.247624099089265	39.0	35.0	41.0	32.0	41.0
>>END_MODULE
>>Per sequence quality scores	pass
#Quality	Count
9	1.0
10	2.0
11	8.0
12	27.0
13	77.0
14	155.0
15	251.0
16	547.0
17	997.0
18	1850.0
19	3353.0
20	6204.0
21	10784.0
22	18087.0
23	28942.0
24	44162.0
25	63872.0
26	88596.0
27	116845.0
28	149493.0
29	186023.0
30	228250.0
31	279277.0
32	344374.0
33	433172.0
34	575086.0
35	789577.0
36	1153906.0
37	1769770.0
38	2846197.0
39	7298833.0
40	241148.0
41	6.0
>>END_MODULE
>>Per base sequence content	fail
#Base	G	A	T	C
1	36.567704718307645	10.444427339134913	12.0845412125002	40.90332673005724
2	25.634608410517767	11.710390972870083	29.849028045990572	32.80597257062158
3	23.898712888009126	16.963886748342063	20.9751092957915	38.16229106785731
4	25.780530663608292	23.167530682193565	18.92899644901309	32.12294220518505
5	27.309148415527407	26.361689106487145	21.78731947103671	24.541843006948735
6	25.416284801217525	29.196467959934974	21.31450728175393	24.07273995709357
7	20.32458642368479	23.670361499176973	34.59193212034241	21.413119956795832
8	22.94611733231526	21.79917207997759	28.21372969768593	27.040980890021217
9	22.808078072066625	20.108362948370523	29.281659312593007	27.80189966696985
10	23.06357027200209	31.832090797819074	23.577620979345646	21.526717950833195
11	26.91890561270494	25.2458052435894	20.577346157092812	27.25794298661285
12	25.493588919627204	21.786162387816884	24.23416678497293	28.48608190758298
13	24.745599051695304	24.165648523300927	25.11245440687161	25.976298018132155
14	24.39502533352774	23.96051960110965	25.33289823806801	26.311556827294595
15	25.076151718299794	23.599604553035817	24.538964955341353	26.78527877332304
16	25.590058484861274	23.76011038933632	23.783120158236226	26.866710967566178
17	25.19665769597379	24.138651911636487	23.845112471193573	26.819577921196153
18	25.056601153773844	24.054123436918463	23.82345619918426	27.065819210123436
19	25.44157870784237	23.885691188581877	23.550694552816932	27.12203555075882
20	25.602302464402143	23.697826847180494	24.004513944865387	26.695356743551972
21	25.201537726271077	23.70486457596539	23.877519120399562	27.216078577363966
22	25.59741212269868	24.361477618447623	23.249983357991493	26.791126900862206
23	25.32239541945367	24.54404849679756	23.61969105195531	26.513865031793454
24	25.2663499621122	24.121509011393815	23.552367086283105	27.059773940210878
25	25.696887719350247	24.243997686175874	23.155905150490668	26.90320944398322
26	25.469917259658814	24.18228116472734	23.460560413363833	26.887241162250007
27	25.20530209132924	23.910106561568835	23.687820400417642	27.19677094668428
28	25.679583303463456	24.099091391266374	23.30975203856679	26.911573266703385
29	25.459449043650277	24.01074274030069	23.60381875763016	26.92598945841887
30	25.251766851840085	23.86833606650626	23.58719426294369	27.29270281870997
31	25.61174917896196	24.02669372322653	23.241212475092528	27.120344622718978
32	25.266808095857797	24.30286556948283	23.707089193285185	26.72323714137419
33	25.180650948655263	23.948166924860374	23.822707322533773	27.04847480395059
34	25.589460802141588	24.294110808231117	23.16902711480616	26.947401274821136
35	25.63921334323353	24.210924708712678	23.506557918437867	26.643304029615926
36	25.57959912608035	23.92957443784414	23.2251431806424	27.26568325543311
37	25.674424503162808	24.108637304489417	22.929771343776288	27.287166848571488
38	25.498311945736262	24.101917400730414	23.31933396370715	27.080436689826175
39	25.315476498641292	23.935627262756014	23.371182887875662	27.377713350727035
40	25.531599709315	24.225323750780728	22.936336419954557	27.306740119949712
41	25.461239118038907	24.1651964604201	23.360106800681603	27.013457620859388
42	25.37570109777626	24.027968961671323	23.219763819613306	27.376566120939117
43	25.552799625445566	24.26683745254719	23.030258785256265	27.15010413675098
44	25.25845722256792	24.086438381600818	23.546240752827362	27.1088636430039
45	25.29218772932079	23.838540520849467	23.326638362130613	27.542633387699134
46	25.775462632444313	23.99060142096757	22.962616713866073	27.271319232722043
47	25.67967827515628	24.078905246175843	23.230666612825303	27.01074986584257
48	24.92412044396778	24.04487559022507	23.376439448166924	27.654564517640228
49	24.902085849779038	24.074345966920045	23.142234420100063	27.88133376320085
50	25.985022552624642	23.269343909488185	23.36365459632693	27.381978941560238
51	25.47010030277303	24.331081676934595	22.437031204642498	27.761786815649874
>>END_MODULE
>>Per base GC content	fail
#Base	%GC
1	77.4710314483649
2	58.44058098113935
3	62.06100395586643
4	57.90347286879334
5	51.85099142247614
6	49.489024758311096
7	41.73770638048062
8	49.98709822233648
9	50.609977739036474
10	44.590288222835284
11	54.176848599317786
12	53.97967082721018
13	50.72189706982746
14	50.706582160822336
15	51.861430491622826
16	52.45676945242745
17	52.01623561716994
18	52.122420363897284
19	52.56361425860119
20	52.29765920795412
21	52.41761630363504
22	52.38853902356089
23	51.83626045124713
24	52.326123902323076
25	52.60009716333346
26	52.35715842190882
27	52.40207303801352
28	52.591156570166845
29	52.38543850206915
30	52.54446967055005
31	52.732093801680946
32	51.99004523723198
33	52.22912575260585
34	52.53686207696272
35	52.282517372849455
36	52.84528238151346
37	52.96159135173429
38	52.578748635562434
39	52.69318984936832
40	52.83833982926471
41	52.474696738898295
42	52.752267218715374
43	52.70290376219655
44	52.36732086557182
45	52.83482111701993
46	53.046781865166345
47	52.69042814099885
48	52.578684961608005
49	52.783419612979884
50	53.36700149418488
51	53.231887118422904
>>END_MODULE
>>Per sequence GC content	pass
#GC Content	Count
0	13329.0
1	11317.5
2	5705.5
3	1862.5
4	1564.0
5	1422.0
6	1227.5
7	1007.5
8	874.0
9	985.5
10	1129.5
11	1452.5
12	1790.5
13	2364.0
14	2983.5
15	3952.5
16	4989.0
17	6713.0
18	8563.0
19	11608.5
20	14653.0
21	19449.0
22	24235.0
23	31110.5
24	38502.0
25	47783.5
26	70004.5
27	84154.0
28	105903.5
29	127814.0
30	155334.5
31	183108.0
32	217670.5
33	252157.5
34	301975.0
35	354119.5
36	415345.5
37	474655.0
38	539512.5
39	607195.0
40	677316.5
41	747019.0
42	811013.0
43	873258.5
44	938157.5
45	1003723.5
46	1042123.0
47	1078982.0
48	1107117.0
49	1135112.5
50	1139993.0
51	1144148.0
52	1141173.0
53	1137478.0
54	1110841.5
55	1083385.5
56	1037333.5
57	991231.0
58	933311.5
59	874428.5
60	818159.5
61	762560.5
62	715796.5
63	669192.5
64	622664.5
65	576202.5
66	541292.5
67	506996.5
68	462209.5
69	416966.0
70	382298.5
71	347844.0
72	313401.5
73	278774.0
74	252748.0
75	204182.0
76	178721.5
77	158176.0
78	138295.0
79	120707.0
80	103372.5
81	90425.5
82	77495.5
83	67907.0
84	58466.5
85	50488.5
86	42528.5
87	36483.0
88	30694.0
89	25812.5
90	20917.5
91	17209.0
92	13594.0
93	10735.0
94	7829.0
95	5925.0
96	4111.0
97	3077.0
98	2001.0
99	1345.5
100	808.0
>>END_MODULE
>>Per base N content	pass
#Base	N-Count
1	0.07124155389202028
2	1.139097470292338E-4
3	0.0035551831572808233
4	1.1990499687287767E-5
5	0.0
6	0.004712266377104092
7	0.0
8	0.0
9	5.995249843643883E-6
10	0.0
11	0.0
12	0.0
13	5.995249843643883E-6
14	0.0
15	7.194299812372661E-5
16	0.0
17	5.995249843643883E-6
18	0.0
19	1.7985749530931653E-5
20	2.997624921821942E-5
21	9.053549165148847E-4
22	5.3974052513994416E-5
23	6.897426156455457E-4
24	0.0016497464669629571
25	8.459870394785551E-4
26	1.3202813519561018E-4
27	0.012754809583597784
28	0.00679606159825358
29	0.0019154789796297519
30	0.009477411448664983
31	4.98597529251005E-4
32	0.001351943202042023
33	0.00789694831026641
34	0.0010700140231950186
35	0.010654324645689592
36	0.012142647419497976
37	0.006430726963905816
38	0.0056382641367288076
39	0.014427784843867834
40	0.008195017080378546
41	0.006915540587145058
42	0.019430001054995403
43	0.00841590624378799
44	0.0031751531588850267
45	0.0037822810284348384
46	0.006412770948647256
47	0.006701340937105301
48	0.005343933848662765
49	0.018327238608234313
50	0.0
51	0.0
>>END_MODULE
>>Sequence Length Distribution	warn
#Length	Count
20	1330.0
21	3863.0
22	1793.0
23	3658.0
24	2306.0
25	3807.0
26	2733.0
27	3676.0
28	2908.0
29	3682.0
30	3423.0
31	3982.0
32	3372.0
33	4043.0
34	3552.0
35	4398.0
36	4031.0
37	4725.0
38	4813.0
39	6124.0
40	7360.0
41	12543.0
42	11995.0
43	9625.0
44	15271.0
45	21343.0
46	85046.0
47	295318.0
48	358448.0
49	59719.0
50	184356.0
51	1.5546629E7
>>END_MODULE
>>Sequence Duplication Levels	fail
#Total Duplicate Percentage	74.11051731225716
#Duplication Level	Relative count
1	100.0
2	58.59584421793099
3	32.52573887209957
4	19.054448599088254
5	13.363724837371306
6	9.935289999829262
7	7.795933002100087
8	6.474414792808482
9	5.388516109204528
10++	88.34366302993051
>>END_MODULE
>>Overrepresented sequences	pass
>>END_MODULE
>>Kmer Content	warn
#Sequence	Count	Obs/Exp Overall	Obs/Exp Max	Max Obs/Exp Position
AAAAA	2832325	5.0468063	7.990711	10
TTCTT	2313890	3.490452	6.204368	6
TTTTT	1968435	3.458932	4.725201	11
CTTCT	2487785	3.2215867	5.2608767	5
CAGCA	2607255	3.1532311	4.5144544	9
TCTTC	2281010	2.9538212	5.381889	7
CTCCT	2045545	2.2739668	7.0225077	1
TTGAA	1272820	2.08883	5.9795413	7
CTCCA	1829580	2.0395622	7.007211	1
GCCAG	1769730	1.9822702	5.957873	1
TCCAG	1631770	1.9679798	5.1596766	2
GTCCA	1259425	1.518917	5.19247	1
>>END_MODULE
