##FastQC	0.10.1
>>Basic Statistics	pass
#Measure	Value	
Filename	Sample_5_L001_poly.fastq	
File type	Conventional base calls	
Encoding	Sanger / Illumina 1.9	
Total Sequences	14833360	
Filtered Sequences	0	
Sequence length	35-39	
%GC	54	
>>END_MODULE
>>Per base sequence quality	pass
#Base	Mean	Median	Lower Quartile	Upper Quartile	10th Percentile	90th Percentile
1	37.5139677052266	39.0	37.0	39.0	34.0	39.0
2	38.858065805724394	40.0	38.0	41.0	35.0	41.0
3	38.821719623874834	40.0	38.0	41.0	34.0	41.0
4	38.76206901201076	40.0	38.0	41.0	34.0	41.0
5	38.773189014491656	40.0	38.0	41.0	34.0	41.0
6	38.767251654379045	40.0	38.0	41.0	34.0	41.0
7	38.80476028357702	40.0	38.0	41.0	34.0	41.0
8	38.790369477987454	40.0	38.0	41.0	34.0	41.0
9	38.7503864262716	40.0	38.0	41.0	34.0	41.0
10	38.65168491831925	40.0	38.0	41.0	34.0	41.0
11	38.65017817945496	40.0	38.0	41.0	34.0	41.0
12	38.67577278512758	40.0	38.0	41.0	34.0	41.0
13	38.651776805794505	40.0	38.0	41.0	34.0	41.0
14	38.58466658936344	40.0	38.0	41.0	34.0	41.0
15	38.531499201799186	40.0	38.0	41.0	34.0	41.0
16	38.49876669884638	40.0	38.0	41.0	34.0	41.0
17	38.446962791977	40.0	38.0	41.0	34.0	41.0
18	38.41126568761225	40.0	38.0	41.0	34.0	41.0
19	38.325742178441025	40.0	38.0	41.0	33.0	41.0
20	38.286833596703644	40.0	38.0	41.0	33.0	41.0
21	38.24020781535673	40.0	38.0	41.0	33.0	41.0
22	38.17943567741901	40.0	38.0	41.0	33.0	41.0
23	38.10743250349213	40.0	37.0	41.0	33.0	41.0
24	38.04567973810384	40.0	37.0	41.0	33.0	41.0
25	37.975732807671356	40.0	37.0	41.0	33.0	41.0
26	37.908591242982034	40.0	37.0	41.0	33.0	41.0
27	37.82472548363958	40.0	37.0	41.0	33.0	41.0
28	37.719967289946446	40.0	36.0	41.0	33.0	41.0
29	37.6285174094069	40.0	36.0	41.0	32.0	41.0
30	37.532817042126666	40.0	36.0	41.0	32.0	41.0
31	37.46491934396522	40.0	35.0	41.0	32.0	41.0
32	37.36360069465044	39.0	35.0	41.0	32.0	41.0
33	37.288617953046376	39.0	35.0	41.0	32.0	41.0
34	37.201143166484194	39.0	35.0	41.0	31.0	41.0
35	37.10012896606028	39.0	35.0	41.0	31.0	41.0
36	37.0010589258471	39.0	35.0	41.0	31.0	41.0
37	36.90668606631622	39.0	35.0	41.0	31.0	41.0
38	36.87394352613313	39.0	35.0	41.0	31.0	41.0
39	37.02057936309967	38.0	35.0	41.0	31.0	41.0
>>END_MODULE
>>Per sequence quality scores	pass
#Quality	Count
9	3.0
10	6.0
11	23.0
12	76.0
13	163.0
14	354.0
15	665.0
16	1247.0
17	2207.0
18	3682.0
19	6218.0
20	9891.0
21	15106.0
22	22817.0
23	32150.0
24	44224.0
25	59729.0
26	78419.0
27	100727.0
28	126322.0
29	155842.0
30	190570.0
31	231945.0
32	283000.0
33	353015.0
34	465518.0
35	616859.0
36	845970.0
37	1196820.0
38	1676232.0
39	2514769.0
40	5795163.0
41	3628.0
>>END_MODULE
>>Per base sequence content	pass
#Base	G	A	T	C
1	25.695749311012474	23.24247506970774	24.34324387731438	26.718531741965407
2	25.379098194879653	23.049821483466996	24.50409752072356	27.066982800929797
3	26.03287454764126	22.5846065894713	23.801492042261497	27.581026820625944
4	26.692893585809287	22.78777701073796	22.780462417146214	27.738866986306544
5	26.34107848794879	23.10351127458647	22.948293576101435	27.607116661363307
6	26.134206949740314	22.86324204360981	22.858913961502992	28.143637045146885
7	26.601181391134578	22.677013164920155	22.424811371125625	28.296994072819643
8	26.81861695529536	22.470593311292923	22.99853168803292	27.712258045378796
9	26.31755718191967	22.352353074421437	23.00736313283032	28.322726610828564
10	26.9037696112007	23.159054994957312	22.07871311692024	27.85846227692175
11	26.605981382505377	23.26612446539422	22.590215568151788	27.537678583948612
12	26.41499296181041	22.838797143735473	22.573375148988497	28.172834745465625
13	26.881643808280792	23.007444031561292	22.105632169650033	28.00527999050788
14	26.699028406241066	22.955486821596725	22.52886062227304	27.81662414988917
15	26.328417836552205	22.62848740946084	22.87513415706219	28.167960596924768
16	26.888075257392796	22.830997157757917	22.281728482285875	27.99919910256341
17	26.656455449068854	22.87343528371185	22.591509947847285	27.87859931937201
18	26.36728293522169	22.691622127420892	22.672921037445327	28.268173899912092
19	26.840378713925904	22.866235296655645	22.17916237453955	28.114223614878895
20	26.49144900413662	23.118484281376574	22.803161252743813	27.58690546174299
21	26.27528085342768	22.724702966826126	22.946271107827222	28.05374507191897
22	26.839657366908103	23.071124815955386	22.042436777641747	28.04678103949476
23	26.84174725079146	23.051304626868085	22.570597625891907	27.53635049644855
24	26.683030682192033	22.655945787063754	22.395856366999787	28.265167163744426
25	27.000477302512714	22.883648748496633	21.828621431691808	28.287252517298846
26	26.711217148373667	22.940931791583296	22.39927433838321	27.948576721659823
27	26.422058117648326	22.64528063769773	22.50356628572353	28.429094958930413
28	26.7644080639855	23.01751592356688	21.873264048064634	28.344811964382988
29	26.710334003893927	22.939118311697417	22.454076487053506	27.89647119735515
30	26.47812093820955	22.78454780306013	22.30465653095455	28.43267472777577
31	26.873655058597645	23.03805071811107	21.86445282794997	28.22384139534131
32	26.55221069265494	22.865952151097257	22.520190974937574	28.061646181310234
33	26.513224245888996	22.63402897253218	22.4190405949832	28.43370618659562
34	27.25586111305867	22.67314350895549	21.80347540948241	28.26751996850343
35	27.406292303294737	22.5672335869958	21.789358580928393	28.23711552878107
36	26.573273676871217	22.308341515025454	21.9646617661356	29.153723041967734
37	26.86333078165563	22.03536349333972	21.453934551910354	29.6473711730943
38	28.57903444698105	20.695366386870923	21.09694760880835	29.628651557339676
39	27.10713591641447	22.58623028868943	20.813878562724682	29.492755232171426
>>END_MODULE
>>Per base GC content	pass
#Base	%GC
1	52.414281052977884
2	52.44608099580944
3	53.6139013682672
4	54.43176057211583
5	53.94819514931209
6	54.2778439948872
7	54.898175463954225
8	54.530875000674165
9	54.640283792748235
10	54.76223188812245
11	54.143659966453995
12	54.58782770727603
13	54.88692379878868
14	54.515652556130235
15	54.49637843347698
16	54.88727435995621
17	54.53505476844086
18	54.63545683513378
19	54.9546023288048
20	54.078354465879606
21	54.329025925346656
22	54.88643840640286
23	54.378097747240005
24	54.948197845936456
25	55.28772981981156
26	54.65979387003349
27	54.85115307657874
28	55.10922002836849
29	54.606805201249074
30	54.910795665985326
31	55.09749645393895
32	54.61385687396517
33	54.94693043248462
34	55.52338108156209
35	55.64340783207581
36	55.72699671883895
37	56.51070195474993
38	58.20768600432073
39	56.59989114858589
>>END_MODULE
>>Per sequence GC content	pass
#GC Content	Count
0	3895.0
1	2205.0
2	515.0
3	515.0
4	499.5
5	484.0
6	607.5
7	719.5
8	708.0
9	978.5
10	1273.0
11	1297.0
12	1954.5
13	2696.5
14	3965.5
15	5229.0
16	5364.5
17	7369.5
18	9542.0
19	13368.0
20	17025.0
21	17324.0
22	23459.5
23	29404.5
24	40403.5
25	51466.0
26	52378.5
27	68184.0
28	83512.5
29	111998.0
30	141531.0
31	143246.0
32	190852.0
33	240603.0
34	243565.0
35	291836.5
36	343523.5
37	425990.5
38	508725.5
39	517308.5
40	603472.5
41	691063.5
42	781646.0
43	870972.5
44	880013.5
45	969418.0
46	1058156.5
47	1142380.5
48	1222832.0
49	1226747.5
50	1284495.0
51	1339445.0
52	1340563.0
53	1344602.0
54	1348589.5
55	1305394.0
56	1258656.5
57	1251912.0
58	1196904.0
59	1142563.5
60	1060622.0
61	976696.5
62	971684.5
63	900591.5
64	824892.0
65	757729.0
66	693593.5
67	688290.0
68	621877.5
69	557192.5
70	552888.5
71	489816.0
72	427044.0
73	376465.5
74	325877.0
75	322652.0
76	282147.0
77	240693.5
78	208474.0
79	176306.5
80	173114.0
81	147488.5
82	122027.0
83	103382.0
84	85786.5
85	84314.5
86	70690.0
87	57858.0
88	47760.0
89	37923.0
90	37687.5
91	30294.5
92	23137.0
93	22579.5
94	17614.0
95	13206.0
96	9497.5
97	5789.0
98	5789.0
99	3985.0
100	2181.0
>>END_MODULE
>>Per base N content	pass
#Base	N-Count
1	0.0
2	0.0
3	0.0
4	0.0
5	0.0
6	0.0
7	0.0
8	0.0
9	0.0
10	0.0
11	0.0
12	0.0
13	0.0
14	0.0
15	0.0
16	0.0
17	0.0
18	0.0
19	0.0
20	0.0
21	0.0
22	0.0
23	0.0
24	0.0
25	0.0
26	0.0
27	0.0
28	0.0
29	0.0
30	0.0
31	0.0
32	0.0
33	0.0
34	0.0
35	0.0
36	0.0
37	0.0
38	0.0
39	0.0
>>END_MODULE
>>Sequence Length Distribution	warn
#Length	Count
35	453694.0
36	464638.0
37	275197.0
38	173768.0
39	1.3466063E7
>>END_MODULE
>>Sequence Duplication Levels	fail
#Total Duplicate Percentage	75.05654494858234
#Duplication Level	Relative count
1	100.0
2	45.31529739407201
3	25.3431470061667
4	16.539022611232678
5	12.356607652012466
6	9.725813938067768
7	7.7150056362310195
8	6.596048007426563
9	5.599761289039188
10++	102.35229759299781
>>END_MODULE
>>Overrepresented sequences	pass
>>END_MODULE
>>Kmer Content	warn
#Sequence	Count	Obs/Exp Overall	Obs/Exp Max	Max Obs/Exp Position
CAGCA	1838610	3.268752	3.6520708	27
>>END_MODULE
