##FastQC	0.10.1
>>Basic Statistics	pass
#Measure	Value	
Filename	Sample_5_L001_shorten.fastq	
File type	Conventional base calls	
Encoding	Sanger / Illumina 1.9	
Total Sequences	18435482	
Filtered Sequences	0	
Sequence length	8-39	
%GC	52	
>>END_MODULE
>>Per base sequence quality	pass
#Base	Mean	Median	Lower Quartile	Upper Quartile	10th Percentile	90th Percentile
1	37.47159238906799	39.0	37.0	39.0	34.0	39.0
2	38.804496459598944	40.0	38.0	41.0	34.0	41.0
3	38.77175416406254	40.0	38.0	41.0	34.0	41.0
4	38.69626224039057	40.0	38.0	41.0	34.0	41.0
5	38.715533719161776	40.0	38.0	41.0	34.0	41.0
6	38.71805597488582	40.0	38.0	41.0	34.0	41.0
7	38.76019618038736	40.0	38.0	41.0	34.0	41.0
8	38.748654740895844	40.0	38.0	41.0	34.0	41.0
9	38.711011458944355	40.0	38.0	41.0	34.0	41.0
10	38.61383838770806	40.0	38.0	41.0	34.0	41.0
11	38.61523120013767	40.0	38.0	41.0	34.0	41.0
12	38.64171379745555	40.0	38.0	41.0	34.0	41.0
13	38.61889818393684	40.0	38.0	41.0	34.0	41.0
14	38.55243950250982	40.0	38.0	41.0	34.0	41.0
15	38.50108115547154	40.0	38.0	41.0	34.0	41.0
16	38.47003238130522	40.0	38.0	41.0	34.0	41.0
17	38.42350775218227	40.0	38.0	41.0	34.0	41.0
18	38.39393617451975	40.0	38.0	41.0	34.0	41.0
19	38.31286026479289	40.0	38.0	41.0	33.0	41.0
20	38.27818870314188	40.0	38.0	41.0	33.0	41.0
21	38.237112629563484	40.0	38.0	41.0	33.0	41.0
22	38.18160782989376	40.0	38.0	41.0	33.0	41.0
23	38.11403948051535	40.0	37.0	41.0	33.0	41.0
24	38.06015865757661	40.0	37.0	41.0	33.0	41.0
25	37.999538427314086	40.0	37.0	41.0	33.0	41.0
26	37.9407258125769	40.0	37.0	41.0	33.0	41.0
27	37.8673054785681	40.0	37.0	41.0	33.0	41.0
28	37.7737590987601	40.0	37.0	41.0	33.0	41.0
29	37.69603580371667	40.0	36.0	41.0	32.0	41.0
30	37.61373623310257	40.0	36.0	41.0	32.0	41.0
31	37.556220375718596	40.0	36.0	41.0	32.0	41.0
32	37.46961246497997	40.0	36.0	41.0	32.0	41.0
33	37.406806446543236	39.0	35.0	41.0	32.0	41.0
34	37.33572873655964	39.0	35.0	41.0	32.0	41.0
35	37.25326270736558	39.0	35.0	41.0	32.0	41.0
36	37.17167765342308	39.0	35.0	41.0	31.0	41.0
37	37.09395476675542	39.0	35.0	41.0	31.0	41.0
38	37.07250784759845	39.0	35.0	41.0	31.0	41.0
39	37.22122755297549	39.0	35.0	41.0	32.0	41.0
>>END_MODULE
>>Per sequence quality scores	pass
#Quality	Count
9	4.0
10	13.0
11	34.0
12	101.0
13	231.0
14	475.0
15	850.0
16	1531.0
17	2725.0
18	4550.0
19	7676.0
20	12814.0
21	20418.0
22	31401.0
23	44900.0
24	61274.0
25	81514.0
26	105619.0
27	133276.0
28	163636.0
29	198806.0
30	240146.0
31	288426.0
32	349793.0
33	433052.0
34	566919.0
35	746039.0
36	1012784.0
37	1428288.0
38	2013026.0
39	3066659.0
40	7412163.0
41	6339.0
>>END_MODULE
>>Per base sequence content	pass
#Base	G	A	T	C
1	24.756364392220824	24.306073617738374	25.139360798974973	25.79820119106583
2	24.427374458496516	24.103309070874595	25.372340514975555	26.096975955653328
3	25.09894777907082	23.672003802233107	24.59648193630088	26.632566482395198
4	25.662026546510447	23.932577537850282	23.701271601967537	26.704124313671734
5	25.237527053134883	24.322714912913302	23.86824882608149	26.571509207870324
6	25.072426937738246	24.12775369226993	23.857329415162887	26.942489954828936
7	25.47164627509814	23.988403013558802	23.538981547482436	27.000969163860617
8	25.54509842381087	23.82827827952169	24.13466577866872	26.49195751799872
9	25.248932167513473	23.73689210770389	23.90381340574944	27.1103623190332
10	25.688245892740124	24.5408221183305	23.125759824898143	26.645172164031234
11	25.407175121567917	24.654434413075364	23.591868702795985	26.34652176256073
12	25.285066057680396	24.20896859345916	23.552253954702422	26.95371139415803
13	25.73661538441493	24.35569006281982	23.121112510147356	26.78658204261789
14	25.500728049833743	24.314942167348562	23.47715405958035	26.70717572323735
15	25.281719487786404	23.95200708994565	23.746880728598583	27.01939269366937
16	25.742581464671648	24.184073970477584	23.282226180698647	26.791118384152117
17	25.502142465100253	24.135345029082174	23.642093959859896	26.720418545957674
18	25.262832293104665	23.97518080393497	23.59068629115907	27.171300611801293
19	25.6992350466943	24.126307115693653	23.212428840209906	26.962028997402143
20	25.292212049783696	24.367221841290387	23.774887335150932	26.565678773774987
21	25.19416769600501	23.98303501780486	23.85372311428524	26.969074171904893
22	25.702221950502064	24.361281153779878	23.08471917866635	26.851777717051707
23	25.665078919804017	24.353392320882282	23.518943821530492	26.462584937783202
24	25.55972946370707	23.943418617434663	23.25888232221982	27.23796959663845
25	25.80266867097503	24.189596350614323	22.83230632125733	27.175428657153315
26	25.529774147547602	24.202513438166196	23.355311501312574	26.912400912973634
27	25.320050669753286	23.98824575887008	23.381622688118973	27.31008088325766
28	25.61703329165227	24.31049026203492	22.871738948138816	27.20073749817399
29	25.470321427874453	24.275914272671898	23.398717942987197	26.85504635646645
30	25.345198295165105	24.092160250639253	23.261626380278962	27.30101507391668
31	25.625614279406474	24.365586998180035	22.956289923554582	27.05250879885891
32	25.278654249435988	24.219571151545814	23.58944030952569	26.912334289492513
33	25.307084190697193	23.92149341600339	23.325032859006452	27.44638953429297
34	25.87902507801646	24.05072738793017	22.933326966691382	27.136920567361983
35	25.753709304981793	24.153672975673125	23.255579438712182	26.837038280632903
36	24.97135968533901	24.114724340756823	23.391627898212537	27.522288075691637
37	24.989929172384176	24.156736321097274	23.073870689254154	27.779463817264393
38	26.06217564661055	23.38954633313807	23.33446283773122	27.213815182520158
39	25.47821918605983	24.440024901319575	22.427282882802846	27.65447302981775
>>END_MODULE
>>Per base GC content	pass
#Base	%GC
1	50.554565583286646
2	50.52435041414984
3	51.73151426146602
4	52.36615086018218
5	51.809036261005204
6	52.014916892567186
7	52.472615438958755
8	52.0370559418096
9	52.35929448654667
10	52.333418056771364
11	51.75369688412865
12	52.23877745183842
13	52.52319742703282
14	52.20790377307109
15	52.301112181455764
16	52.533699848823765
17	52.222561011057934
18	52.43413290490596
19	52.66126404409645
20	51.857890823558684
21	52.1632418679099
22	52.553999667553775
23	52.12766385758722
24	52.797699060345515
25	52.97809732812835
26	52.44217506052124
27	52.63013155301094
28	52.817770789826255
29	52.325367784340905
30	52.646213369081785
31	52.67812307826538
32	52.190988538928494
33	52.753473724990165
34	53.01594564537845
35	52.59074758561469
36	52.49364776103065
37	52.769392989648566
38	53.275990829130706
39	53.13269221587758
>>END_MODULE
>>Per sequence GC content	pass
#GC Content	Count
0	17449.0
1	15648.0
2	13099.0
3	11425.5
4	9941.0
5	8337.5
6	5821.0
7	4315.0
8	4225.5
9	5171.0
10	6181.5
11	6215.5
12	8153.5
13	10290.5
14	16284.5
15	22229.5
16	22535.5
17	25995.5
18	29631.5
19	39538.5
20	49279.5
21	50157.5
22	67114.5
23	83487.5
24	112150.5
25	141081.5
26	142714.0
27	173809.0
28	204351.0
29	259414.5
30	315844.0
31	318445.0
32	396537.0
33	476659.5
34	480042.0
35	556960.5
36	636506.5
37	749098.5
38	862694.5
39	870197.0
40	975153.0
41	1081322.5
42	1167758.5
43	1253988.0
44	1259460.5
45	1339098.0
46	1420610.5
47	1478227.0
48	1532599.0
49	1533895.5
50	1565015.0
51	1595357.5
52	1596080.5
53	1562830.5
54	1527229.0
55	1450201.0
56	1373164.5
57	1368250.0
58	1292487.0
59	1217431.5
60	1120782.5
61	1023629.5
62	1019968.0
63	936446.5
64	851809.0
65	782775.5
66	715356.0
67	712770.0
68	643807.5
69	576607.0
70	573432.0
71	507628.0
72	441702.5
73	388350.0
74	335959.5
75	332739.5
76	291095.0
77	250088.5
78	217370.0
79	183659.0
80	181063.5
81	155125.5
82	129382.0
83	110615.0
84	92114.0
85	90691.0
86	77068.0
87	63759.0
88	53341.0
89	43070.0
90	42344.0
91	34680.5
92	27291.0
93	26599.0
94	21479.5
95	16637.5
96	12607.5
97	8731.5
98	8370.0
99	6277.0
100	4454.0
>>END_MODULE
>>Per base N content	pass
#Base	N-Count
1	3.308836731255521E-4
2	2.7121612551274762E-5
3	0.0
4	0.0477557353802846
5	1.6272967530764856E-5
6	3.797025757178467E-5
7	1.6272967530764856E-5
8	2.1697290041019812E-5
9	3.254873345554659E-4
10	7.271258419330435E-4
11	4.3415471244278176E-4
12	4.342559082009065E-5
13	1.1400748019364333E-4
14	2.7150834833869473E-5
15	8.418099065058763E-4
16	0.002460783637364148
17	0.0012061509788078187
18	1.1955491877465991E-4
19	3.85913064331273E-4
20	0.0012178072119847887
21	0.0015116974660524679
22	0.0038671487023105374
23	0.007872100508716135
24	0.004135703984157642
25	0.004784462157054352
26	0.00780770313217935
27	0.006453947463015885
28	0.004783766924414358
29	0.004229952885084063
30	0.010545124568307258
31	0.00950488346827247
32	0.006014672523205929
33	0.0078306420240591
34	0.00572198407087244
35	0.007854219953494432
36	0.006583418018669317
37	0.008717826274255129
38	0.0
39	0.0
>>END_MODULE
>>Sequence Length Distribution	warn
#Length	Count
8	1585.0
9	5175.0
10	2111.0
11	4294.0
12	2473.0
13	4204.0
14	2932.0
15	3938.0
16	3114.0
17	4071.0
18	3659.0
19	4210.0
20	3793.0
21	4284.0
22	4268.0
23	4814.0
24	4586.0
25	5494.0
26	5621.0
27	7119.0
28	8379.0
29	14612.0
30	13846.0
31	11664.0
32	18102.0
33	24238.0
34	94319.0
35	335895.0
36	397143.0
37	70991.0
38	210437.0
39	1.7154111E7
>>END_MODULE
>>Sequence Duplication Levels	fail
#Total Duplicate Percentage	74.30355142090788
#Duplication Level	Relative count
1	100.0
2	44.68429484532677
3	25.01858060680133
4	16.213850397212084
5	11.970865608535519
6	9.45050952152873
7	7.663468049614349
8	6.319057921944935
9	5.4882983467388975
10++	103.51297339257106
>>END_MODULE
>>Overrepresented sequences	pass
>>END_MODULE
>>Kmer Content	warn
#Sequence	Count	Obs/Exp Overall	Obs/Exp Max	Max Obs/Exp Position
AAAAA	2523470	4.8140273	5.250606	11
TTCTT	1840835	3.4945245	3.8981044	11
TTTTT	1597790	3.4715621	4.1889453	1
CTTCT	1924310	3.1916575	3.5037415	10
CAGCA	2159980	3.146761	3.4598112	27
TCTTC	1840650	3.0528994	3.4285285	13
>>END_MODULE
