##FastQC	0.10.1
>>Basic Statistics	pass
#Measure	Value	
Filename	Control_1_filtered.fastq	
File type	Conventional base calls	
Encoding	Sanger / Illumina 1.9	
Total Sequences	127991	
Filtered Sequences	0	
Sequence length	39	
%GC	50	
>>END_MODULE
>>Per base sequence quality	pass
#Base	Mean	Median	Lower Quartile	Upper Quartile	10th Percentile	90th Percentile
1	38.24958004859717	39.0	39.0	39.0	37.0	39.0
2	39.780164230297444	41.0	40.0	41.0	38.0	41.0
3	39.76390527458962	41.0	39.0	41.0	37.0	41.0
4	39.736043940589575	41.0	39.0	41.0	37.0	41.0
5	39.73759092436187	41.0	39.0	41.0	37.0	41.0
6	39.73987233477354	41.0	39.0	41.0	37.0	41.0
7	39.780414247876806	41.0	40.0	41.0	37.0	41.0
8	39.758975240446595	41.0	39.0	41.0	37.0	41.0
9	39.7520763178661	41.0	39.0	41.0	37.0	41.0
10	39.730066957832975	41.0	39.0	41.0	37.0	41.0
11	39.69961950449641	41.0	39.0	41.0	37.0	41.0
12	39.70903422896922	41.0	39.0	41.0	37.0	41.0
13	39.69401754810885	41.0	39.0	41.0	37.0	41.0
14	39.67727418334102	41.0	39.0	41.0	37.0	41.0
15	39.65356157854849	41.0	39.0	41.0	37.0	41.0
16	39.643974966989866	41.0	39.0	41.0	37.0	41.0
17	39.595440304396405	41.0	39.0	41.0	37.0	41.0
18	39.57800939128533	41.0	39.0	41.0	37.0	41.0
19	39.53940511442211	41.0	39.0	41.0	37.0	41.0
20	39.51148127602722	41.0	39.0	41.0	36.0	41.0
21	39.46612652452126	41.0	39.0	41.0	36.0	41.0
22	39.432749177676556	41.0	39.0	41.0	36.0	41.0
23	39.372408997507634	40.0	39.0	41.0	36.0	41.0
24	39.316061285559144	40.0	39.0	41.0	35.0	41.0
25	39.27529279402458	40.0	38.0	41.0	35.0	41.0
26	39.23000054691345	40.0	38.0	41.0	35.0	41.0
27	39.166308568571225	40.0	38.0	41.0	35.0	41.0
28	39.10414013485323	40.0	38.0	41.0	35.0	41.0
29	39.04509692087725	40.0	38.0	41.0	35.0	41.0
30	38.95145752435718	40.0	38.0	41.0	35.0	41.0
31	38.909204553445164	40.0	38.0	41.0	35.0	41.0
32	38.829081732309305	40.0	38.0	41.0	35.0	41.0
33	38.76453813158738	40.0	38.0	41.0	35.0	41.0
34	38.690892328366836	40.0	37.0	41.0	35.0	41.0
35	38.60684735645475	40.0	37.0	41.0	35.0	41.0
36	38.50816854310069	40.0	37.0	41.0	35.0	41.0
37	38.39537154956208	40.0	37.0	41.0	34.0	41.0
38	38.2875905337094	40.0	36.0	41.0	34.0	41.0
39	38.16468345430538	39.0	36.0	41.0	34.0	41.0
>>END_MODULE
>>Per sequence quality scores	pass
#Quality	Count
28	2.0
29	4.0
30	41.0
31	173.0
32	506.0
33	1140.0
34	2453.0
35	4330.0
36	6898.0
37	10196.0
38	15184.0
39	24140.0
40	62924.0
>>END_MODULE
>>Per base sequence content	pass
#Base	G	A	T	C
1	23.581345563359925	24.66501550890297	25.796345055511715	25.95729387222539
2	23.686040424717365	25.23068028220734	25.620551445023477	25.462727848051813
3	24.158729910696845	24.757209491292357	25.225992452594326	25.858068145416475
4	24.544694548835466	24.77908602948645	24.47203318983366	26.204186231844428
5	24.468907970091646	24.87049870694033	24.625168957192304	26.035424365775718
6	24.314209592862	24.42046706409044	24.857997827972277	26.407325515075282
7	24.479846239188692	24.149354251470807	23.95480932253049	27.415990186810006
8	24.465782750349636	24.961911384394213	24.50250408231829	26.069801782937862
9	24.772835590002423	23.979811080466597	24.92206483268355	26.32528849684743
10	25.12754803072091	24.7665851505184	23.643849958200185	26.462016860560507
11	24.273581736215828	25.400223453211552	24.68454813229055	25.641646678282065
12	24.300927408958444	24.85330999835926	24.239204319053684	26.606558273628618
13	24.801743872616044	25.03926057300904	23.715730012266487	26.443265542108428
14	24.49625364283426	25.33224992382277	24.23529779437617	25.9361986389668
15	24.025908071661288	24.42437358876796	24.715019024775177	26.834699314795575
16	25.01582142494394	24.721269464259205	23.696197388878907	26.566711721917947
17	24.619699822643778	25.052542756912594	24.212639951246572	26.115117469197052
18	24.090756381308058	24.59391675977217	24.554070208061503	26.76125665085826
19	24.69861162112961	24.539225414286943	23.911056246142305	26.85110671844114
20	24.482971458930706	24.99941402129837	24.620481127579282	25.89713339219164
21	24.001687618660686	24.661890289160958	24.84393433913322	26.492487753045136
22	24.59782328444969	25.079888429655213	23.48680766616403	26.835480619731072
23	24.852528693423757	25.1009836629138	24.01496980256424	26.0315178410982
24	24.323585252088037	24.82518302068114	24.44312490722004	26.40810682001078
25	24.888468720456906	24.823620410810136	23.56337554984335	26.724535318889608
26	24.79549343313202	24.82518302068114	24.257955637505763	26.12136790868108
27	24.029814596338806	24.602511114062708	24.574384136384587	26.7932901532139
28	25.1017649678493	24.775960809744436	23.278980553320157	26.84329366908611
29	24.71267510996867	25.067387550687158	24.11341422443766	26.106523114906516
30	24.30483393363596	24.78611777390598	24.157167300825837	26.751880991632227
31	24.915814393199522	24.757209491292357	23.76885874788071	26.55811736762741
32	24.607198943675726	24.735332953098265	24.599385894320694	26.058082208905315
33	24.620481127579282	24.397027916025348	23.9805923854021	27.001898570993273
34	24.832996070036177	24.69861162112961	23.36336148635451	27.105030822479705
35	24.77908602948645	24.981444007781796	23.75713917384816	26.482330788883594
36	23.993093264370152	24.679078997742028	24.138415982373758	27.189411755514058
37	25.28537162769257	24.550944988319493	23.39930151338766	26.76438187060028
38	25.0775445148487	24.672828558258004	23.703229133298436	26.54639779359486
39	24.768929065324905	24.427498808509974	24.323585252088037	26.47998687407708
>>END_MODULE
>>Per base GC content	pass
#Base	%GC
1	49.53863943558531
2	49.148768272769175
3	50.01679805611332
4	50.7488807806799
5	50.50433233586736
6	50.72153510793728
7	51.895836425998695
8	50.53558453328749
9	51.098124086849865
10	51.58956489128141
11	49.91522841449789
12	50.90748568258706
13	51.24500941472447
14	50.43245228180106
15	50.860607386456856
16	51.582533146861884
17	50.73481729184083
18	50.85201303216632
19	51.54971833957075
20	50.38010485112234
21	50.49417537170582
22	51.43330390418076
23	50.88404653452196
24	50.731692072098824
25	51.61300403934652
26	50.91686134181309
27	50.823104749552705
28	51.945058636935414
29	50.81919822487519
30	51.05671492526819
31	51.47393176082693
32	50.665281152581045
33	51.62237969857255
34	51.93802689251588
35	51.261416818370044
36	51.1825050198842
37	52.04975349829285
38	51.62394230844356
39	51.24891593940198
>>END_MODULE
>>Per sequence GC content	pass
#GC Content	Count
0	10.0
1	6.5
2	3.0
3	3.0
4	3.0
5	3.0
6	6.5
7	10.0
8	10.0
9	17.5
10	25.0
11	25.0
12	45.0
13	65.0
14	113.0
15	161.0
16	161.0
17	205.5
18	250.0
19	318.5
20	387.0
21	387.0
22	542.0
23	697.0
24	924.0
25	1151.0
26	1151.0
27	1436.5
28	1722.0
29	2168.5
30	2615.0
31	2615.0
32	3191.5
33	3768.0
34	3768.0
35	4481.0
36	5194.0
37	6036.5
38	6879.0
39	6879.0
40	7554.5
41	8230.0
42	8913.5
43	9597.0
44	9597.0
45	9928.5
46	10260.0
47	10586.5
48	10913.0
49	10913.0
50	10881.5
51	10850.0
52	10850.0
53	10517.5
54	10185.0
55	9672.0
56	9159.0
57	9159.0
58	8596.5
59	8034.0
60	7269.5
61	6505.0
62	6505.0
63	5916.0
64	5327.0
65	4824.5
66	4322.0
67	4322.0
68	3840.0
69	3358.0
70	3358.0
71	2934.0
72	2510.0
73	2204.0
74	1898.0
75	1898.0
76	1634.0
77	1370.0
78	1117.5
79	865.0
80	865.0
81	758.5
82	652.0
83	524.0
84	396.0
85	396.0
86	336.0
87	276.0
88	218.0
89	160.0
90	160.0
91	131.0
92	102.0
93	102.0
94	79.0
95	56.0
96	36.5
97	17.0
98	17.0
99	13.0
100	9.0
>>END_MODULE
>>Per base N content	pass
#Base	N-Count
1	0.0
2	0.0
3	0.0
4	0.0
5	0.0
6	0.0
7	0.0
8	0.0
9	0.0
10	0.0
11	0.0
12	0.0
13	0.0
14	0.0
15	0.0
16	0.0
17	0.0
18	0.0
19	0.0
20	0.0
21	0.0
22	0.0
23	0.0
24	0.0
25	0.0
26	0.0
27	0.0
28	0.0
29	0.0
30	0.0
31	0.0
32	0.0
33	0.0
34	0.0
35	0.0
36	0.0
37	0.0
38	0.0
39	0.0
>>END_MODULE
>>Sequence Length Distribution	pass
#Length	Count
39	127991.0
>>END_MODULE
>>Sequence Duplication Levels	warn
#Total Duplicate Percentage	41.120860060473
#Duplication Level	Relative count
1	100.0
2	19.25955414012739
3	4.945594479830149
4	1.4941613588110403
5	0.583864118895966
6	0.291932059447983
7	0.1817940552016985
8	0.11544585987261147
9	0.05440552016985138
10++	0.19240976645435245
>>END_MODULE
>>Overrepresented sequences	pass
>>END_MODULE
>>Kmer Content	warn
#Sequence	Count	Obs/Exp Overall	Obs/Exp Max	Max Obs/Exp Position
AAAAA	17445	4.1709795	5.272003	11
TTCTT	12780	3.1167333	3.9264011	31
CAGCA	14650	3.1004405	3.851742	12
CTTCT	13800	3.0805197	4.4142957	30
AGCAG	12090	2.767496	7.8114815	5
CAAAA	10045	2.2464578	7.2403255	1
AAAAG	9010	2.1794558	8.381592	2
GCAGG	7790	1.8040742	6.808701	6
AAGCA	7230	1.6358476	7.5230885	4
AAAGC	6465	1.46276	7.087541	3
>>END_MODULE
