##FastQC	0.10.1
>>Basic Statistics	pass
#Measure	Value	
Filename	Sample_2_L002_poly.fastq	
File type	Conventional base calls	
Encoding	Sanger / Illumina 1.9	
Total Sequences	12871659	
Filtered Sequences	0	
Sequence length	35-39	
%GC	53	
>>END_MODULE
>>Per base sequence quality	pass
#Base	Mean	Median	Lower Quartile	Upper Quartile	10th Percentile	90th Percentile
1	37.58454757075214	39.0	37.0	39.0	35.0	39.0
2	38.94167977880707	41.0	38.0	41.0	35.0	41.0
3	38.91469732067949	41.0	38.0	41.0	35.0	41.0
4	38.888782324019	40.0	38.0	41.0	35.0	41.0
5	38.87329317844732	40.0	38.0	41.0	35.0	41.0
6	38.87375916344583	40.0	38.0	41.0	35.0	41.0
7	38.90560812712643	40.0	38.0	41.0	35.0	41.0
8	38.82056508799681	40.0	38.0	41.0	34.0	41.0
9	38.828202875790915	40.0	38.0	41.0	34.0	41.0
10	38.839446414793926	40.0	38.0	41.0	34.0	41.0
11	38.81647307468291	40.0	38.0	41.0	34.0	41.0
12	38.80141036986763	40.0	38.0	41.0	34.0	41.0
13	38.77213729791941	40.0	38.0	41.0	34.0	41.0
14	38.71376300444255	40.0	38.0	41.0	34.0	41.0
15	38.666932755132805	40.0	38.0	41.0	34.0	41.0
16	38.62334761975904	40.0	38.0	41.0	34.0	41.0
17	38.57072495472417	40.0	38.0	41.0	34.0	41.0
18	38.542146509630186	40.0	38.0	41.0	34.0	41.0
19	38.50377095912811	40.0	38.0	41.0	34.0	41.0
20	38.447068167359	40.0	38.0	41.0	34.0	41.0
21	38.38846049293257	40.0	38.0	41.0	34.0	41.0
22	38.3419859864218	40.0	38.0	41.0	33.0	41.0
23	38.26922706700046	40.0	38.0	41.0	33.0	41.0
24	38.07466279210784	40.0	38.0	41.0	33.0	41.0
25	38.08348100272078	40.0	37.0	41.0	33.0	41.0
26	38.04034258520988	40.0	37.0	41.0	33.0	41.0
27	37.975536486788535	40.0	37.0	41.0	33.0	41.0
28	37.9021917066013	40.0	37.0	41.0	33.0	41.0
29	37.832264900740455	40.0	37.0	41.0	33.0	41.0
30	37.70548909041173	40.0	36.0	41.0	33.0	41.0
31	37.66924644290219	40.0	36.0	41.0	33.0	41.0
32	37.586632849736	40.0	36.0	41.0	32.0	41.0
33	37.518076962728735	40.0	36.0	41.0	32.0	41.0
34	37.43674945086721	39.0	35.0	41.0	32.0	41.0
35	37.34330865974619	39.0	35.0	41.0	32.0	41.0
36	37.26438381425135	39.0	35.0	41.0	32.0	41.0
37	37.15918000037458	39.0	35.0	41.0	31.0	41.0
38	37.13147486822064	39.0	35.0	41.0	31.0	41.0
39	37.28996203123488	39.0	35.0	41.0	32.0	41.0
>>END_MODULE
>>Per sequence quality scores	pass
#Quality	Count
9	1.0
10	8.0
11	17.0
12	58.0
13	125.0
14	255.0
15	516.0
16	961.0
17	1767.0
18	2947.0
19	4858.0
20	7820.0
21	11878.0
22	17844.0
23	25415.0
24	35489.0
25	48269.0
26	63365.0
27	81402.0
28	102169.0
29	127058.0
30	155872.0
31	189456.0
32	231165.0
33	288088.0
34	372187.0
35	495671.0
36	681513.0
37	973269.0
38	1398514.0
39	2179283.0
40	5371266.0
41	3153.0
>>END_MODULE
>>Per base sequence content	pass
#Base	G	A	T	C
1	25.339655129148465	23.58917370324991	24.316399307967995	26.754771859633635
2	24.59355860810172	23.69067577069902	25.273393274324622	26.44237234687463
3	25.17823848503134	23.045079115287315	24.17483247497467	27.601849924706674
4	26.0892321650224	23.376170857229823	22.912260183399823	27.62233679434796
5	25.434786611422815	23.919970222952614	23.711566628668457	26.933676536956114
6	25.48870351521898	23.321352748701624	23.2322034012865	27.957740334792895
7	26.260095920813313	23.436512729244924	22.3981694978091	27.905221852132655
8	26.060261540489847	23.299591762025393	23.689681337891255	26.950465359593505
9	25.563511276984574	22.73523560560453	23.534138062545008	28.16711505486589
10	26.41687446816296	23.521109438961986	22.336530201740118	27.725485891134934
11	25.65890690547349	23.9268691005565	23.46089187104786	26.953332122922152
12	25.554693454821948	23.233966965719027	23.090504495185897	28.120835084273132
13	26.42803076122511	23.52029369329936	22.166085972289977	27.885589573185555
14	25.876710997393577	23.63321620002519	23.3022876072152	27.187785195366036
15	25.536568363099114	22.91867738261245	23.383155193903132	28.1615990603853
16	26.42275560594015	23.11869045008107	22.471586607445087	27.986967336533695
17	25.85716417751589	23.508337192587216	23.360858145791465	27.273640484105428
18	25.64889265633902	22.980984813224154	23.059381855905286	28.310740674531544
19	26.349152040152713	23.353928192162332	22.281587789110947	28.015331978574014
20	25.61654251406132	23.84556644951517	23.58365770876932	26.954233327654194
21	25.51760421869473	23.105521984384453	23.369000064405064	28.007873732515755
22	26.375154904274577	23.630504816822757	22.092249336313213	27.902090942589453
23	26.00312826808106	23.752734593108784	23.269797622823912	26.974339515986244
24	25.944285814283923	22.96324040281055	22.93100679562751	28.16146698727802
25	26.51012585091013	23.3392214632162	21.90276327239558	28.247889413478088
26	25.88660871143339	23.59608811886642	23.12687121372622	27.390431955973977
27	25.623798765955502	23.014407078372727	22.96442129176977	28.397372863902003
28	26.399899189374114	23.518374748740627	22.003317521074788	28.07840854081047
29	25.9285613455111	23.60599360191254	23.2015935164224	27.263851536153965
30	25.763143663143968	23.14923041388837	22.744511799139488	28.343114123828173
31	26.503832955798472	23.52078314069694	21.92283838470239	28.0525455188022
32	25.79069255952166	23.479296646997874	23.187974448359764	27.542036345120703
33	25.79105770281826	22.947127483722184	22.852027077473075	28.40978773598648
34	26.755439994176356	23.15686734709178	21.891801204491202	28.19589145424067
35	26.615318196356817	23.27045798836032	22.37404673321442	27.740177082068442
36	25.743153708558612	22.57184029128507	22.415970646119725	29.26903535403659
37	26.429465145068455	22.603243315991516	21.48916869827641	29.478122840663616
38	27.814320594190058	21.342420805407187	21.820141847519874	29.02311675288289
39	26.41802273063861	22.824782408979797	21.296318148221495	29.460876712160093
>>END_MODULE
>>Per base GC content	pass
#Base	%GC
1	52.0944269887821
2	51.03593095497636
3	52.78008840973801
4	53.71156895937035
5	52.36846314837893
6	53.446443850011875
7	54.165317772945976
8	53.01072690008335
9	53.73062633185046
10	54.14236035929789
11	52.612239028395635
12	53.675528539095076
13	54.313620334410665
14	53.06449619275961
15	53.69816742348442
16	54.40972294247385
17	53.130804661621326
18	53.95963333087056
19	54.36448401872672
20	52.57077584171551
21	53.52547795121049
22	54.277245846864034
23	52.977467784067315
24	54.10575280156195
25	54.75801526438821
26	53.27704066740736
27	54.0211716298575
28	54.47830773018458
29	53.192412881665064
30	54.10625778697214
31	54.55637847460068
32	53.33272890464236
33	54.20084543880475
34	54.951331448417015
35	54.35549527842526
36	55.012189062595205
37	55.90758798573208
38	56.837437347072935
39	55.87889944279871
>>END_MODULE
>>Per sequence GC content	pass
#GC Content	Count
0	47.0
1	109.5
2	172.0
3	172.0
4	284.0
5	396.0
6	614.5
7	860.0
8	887.0
9	1204.5
10	1537.5
11	1553.0
12	2283.5
13	3065.5
14	4350.5
15	5658.0
16	5778.0
17	7664.5
18	9661.5
19	13622.5
20	17496.0
21	17677.5
22	23757.5
23	29784.0
24	40732.0
25	51732.5
26	52686.0
27	69006.5
28	84764.0
29	110658.5
30	137479.5
31	138939.5
32	184793.0
33	233008.0
34	236074.5
35	278933.5
36	324931.0
37	402627.5
38	480770.5
39	489477.5
40	567014.0
41	645662.5
42	725348.5
43	802631.0
44	810548.0
45	893943.0
46	976009.0
47	1046360.0
48	1113503.0
49	1116015.0
50	1158198.0
51	1199107.0
52	1200345.0
53	1201387.0
54	1202433.0
55	1153628.5
56	1100489.5
57	1093605.5
58	1040203.0
59	986505.0
60	903426.0
61	818249.0
62	812791.5
63	743420.5
64	668337.5
65	605053.5
66	546328.5
67	541293.0
68	482609.5
69	425765.5
70	421401.5
71	371779.0
72	323224.0
73	283395.0
74	243356.5
75	240871.5
76	207679.0
77	173659.5
78	149082.0
79	124844.0
80	122562.5
81	103860.0
82	85359.5
83	71644.5
84	58662.5
85	57554.5
86	48154.0
87	39304.0
88	32473.5
89	25853.0
90	25655.5
91	20517.5
92	15577.0
93	15168.0
94	11660.5
95	8562.0
96	6035.5
97	3509.0
98	3509.0
99	2462.5
100	1416.0
>>END_MODULE
>>Per base N content	pass
#Base	N-Count
1	0.0
2	0.0
3	0.0
4	0.0
5	0.0
6	0.0
7	0.0
8	0.0
9	0.0
10	0.0
11	0.0
12	0.0
13	0.0
14	0.0
15	0.0
16	0.0
17	0.0
18	0.0
19	0.0
20	0.0
21	0.0
22	0.0
23	0.0
24	0.0
25	0.0
26	0.0
27	0.0
28	0.0
29	0.0
30	0.0
31	0.0
32	0.0
33	0.0
34	0.0
35	0.0
36	0.0
37	0.0
38	0.0
39	0.0
>>END_MODULE
>>Sequence Length Distribution	warn
#Length	Count
35	447816.0
36	357057.0
37	233939.0
38	137971.0
39	1.1694876E7
>>END_MODULE
>>Sequence Duplication Levels	fail
#Total Duplicate Percentage	79.3892044332446
#Duplication Level	Relative count
1	100.0
2	57.14805871756544
3	32.62044383120616
4	21.15863707791959
5	14.750297037292553
6	11.751178567322064
7	9.463033229849373
8	8.111992641140624
9	6.923843470928673
10++	121.34644130159825
>>END_MODULE
>>Overrepresented sequences	pass
>>END_MODULE
>>Kmer Content	warn
#Sequence	Count	Obs/Exp Overall	Obs/Exp Max	Max Obs/Exp Position
CAGCA	1570600	3.2198014	3.7230496	27
>>END_MODULE
