##FastQC	0.10.1
>>Basic Statistics	pass
#Measure	Value	
Filename	Sample_4_L001_poly.fastq	
File type	Conventional base calls	
Encoding	Sanger / Illumina 1.9	
Total Sequences	16253497	
Filtered Sequences	0	
Sequence length	20-39	
%GC	52	
>>END_MODULE
>>Per base sequence quality	pass
#Base	Mean	Median	Lower Quartile	Upper Quartile	10th Percentile	90th Percentile
1	37.49223087191636	39.0	37.0	39.0	34.0	39.0
2	38.824410586841715	40.0	38.0	41.0	34.0	41.0
3	38.79096756839466	40.0	38.0	41.0	34.0	41.0
4	38.71534359651957	40.0	38.0	41.0	34.0	41.0
5	38.735368456400494	40.0	38.0	41.0	34.0	41.0
6	38.7380563087439	40.0	38.0	41.0	34.0	41.0
7	38.777502896761234	40.0	38.0	41.0	34.0	41.0
8	38.76998340726306	40.0	38.0	41.0	34.0	41.0
9	38.73082309610049	40.0	38.0	41.0	34.0	41.0
10	38.63171900791565	40.0	38.0	41.0	34.0	41.0
11	38.632985443071114	40.0	38.0	41.0	34.0	41.0
12	38.66123468691076	40.0	38.0	41.0	34.0	41.0
13	38.63797292361146	40.0	38.0	41.0	34.0	41.0
14	38.56837928477792	40.0	38.0	41.0	34.0	41.0
15	38.5145232438287	40.0	38.0	41.0	34.0	41.0
16	38.481038634332045	40.0	38.0	41.0	34.0	41.0
17	38.43588508983636	40.0	38.0	41.0	34.0	41.0
18	38.40388809866578	40.0	38.0	41.0	34.0	41.0
19	38.32047146530989	40.0	38.0	41.0	33.0	41.0
20	38.28562597944307	40.0	38.0	41.0	33.0	41.0
21	38.24360188698463	40.0	38.0	41.0	33.0	41.0
22	38.18612980087767	40.0	38.0	41.0	33.0	41.0
23	38.117952556151884	40.0	37.0	41.0	33.0	41.0
24	38.063354636848935	40.0	37.0	41.0	33.0	41.0
25	38.00378799994601	40.0	37.0	41.0	33.0	41.0
26	37.94557504953589	40.0	37.0	41.0	33.0	41.0
27	37.87334309989909	40.0	37.0	41.0	33.0	41.0
28	37.77878134362891	40.0	37.0	41.0	33.0	41.0
29	37.701644244476725	40.0	36.0	41.0	32.0	41.0
30	37.62055991580571	40.0	36.0	41.0	32.0	41.0
31	37.56317870641636	40.0	36.0	41.0	32.0	41.0
32	37.47953410246347	40.0	36.0	41.0	32.0	41.0
33	37.416640500518646	39.0	35.0	41.0	32.0	41.0
34	37.34452828959064	39.0	35.0	41.0	32.0	41.0
35	37.26165977415523	39.0	35.0	41.0	32.0	41.0
36	37.174544889928875	39.0	35.0	41.0	31.0	41.0
37	37.0638781517709	39.0	35.0	41.0	31.0	41.0
38	37.02580528977543	39.0	35.0	41.0	31.0	41.0
39	37.17391027932311	39.0	35.0	41.0	32.0	41.0
>>END_MODULE
>>Per sequence quality scores	pass
#Quality	Count
9	4.0
10	8.0
11	39.0
12	88.0
13	202.0
14	342.0
15	723.0
16	1257.0
17	2173.0
18	3705.0
19	6266.0
20	10379.0
21	16656.0
22	24896.0
23	36657.0
24	50640.0
25	68167.0
26	89083.0
27	112689.0
28	140539.0
29	171840.0
30	209614.0
31	254329.0
32	308839.0
33	384235.0
34	501265.0
35	664080.0
36	902939.0
37	1266407.0
38	1778882.0
39	2713298.0
40	6527872.0
41	5384.0
>>END_MODULE
>>Per base sequence content	pass
#Base	G	A	T	C
1	24.786803737864656	24.244075919630852	24.717366176573822	26.25175416593067
2	24.348589213936304	24.07746593778125	25.09610242525114	26.477842423031312
3	24.990505120221204	23.79960447896228	24.334861599322288	26.875028801494228
4	25.54409588029072	24.012483751142913	23.576468392548996	26.866951976017372
5	25.00886424626036	24.411718905783783	23.81066056123184	26.76875628672402
6	24.982360717964923	24.33296811959716	23.711667939008322	26.973003223429593
7	25.348355824494618	24.20322372491432	23.49051551740007	26.95790493319099
8	25.298535810207945	24.145657542925846	23.974014448831742	26.581792198034464
9	25.11522017452667	24.061849772543635	23.756117702294166	27.066812350635526
10	25.561788990591438	24.75944555317048	22.99124201112765	26.687523445110433
11	25.166028957473134	24.91011468921444	23.496399850124497	26.42745650318793
12	25.099915445867545	24.494457898988237	23.429259175243132	26.976367479901093
13	25.55723451223984	24.54980102722617	23.040413499139873	26.852550961394112
14	25.272313823062	24.53238658282006	23.355482422544327	26.839817171573614
15	25.09688463032118	24.211116574599505	23.592874872826233	27.09912392225308
16	25.6169456484375	24.41606652961378	23.075306343229563	26.89168147871916
17	25.31262737801781	24.338978650175243	23.5138721102398	26.834521861567147
18	25.14401529469193	24.150935781022184	23.45995153530794	27.245097388977946
19	25.54284337874217	24.30489659269158	23.09115390614113	27.061106122425123
20	25.082549410285765	24.595515887977427	23.680193851142562	26.641740850594243
21	25.091712096790026	24.183622483352305	23.692489119448787	27.032176300408885
22	25.575864091641808	24.538902408212657	23.01624239630383	26.868991103841704
23	25.432035537740127	24.558384851071995	23.435276285409227	26.574303325778654
24	25.37410292306066	24.167178202487356	23.176909745367286	27.2818091290847
25	25.649968857013572	24.346629019790374	22.751020914305816	27.25238120889024
26	25.28680414189397	24.40614907586874	23.262595609089175	27.044451173148115
27	25.164272499217606	24.19823444856567	23.30100166549348	27.336491386723242
28	25.492645758429937	24.465265077751333	22.81488943690429	27.227199726914442
29	25.30509957579262	24.44030305154594	23.35003160753591	26.904565765125533
30	25.319723659436242	24.184629201672152	23.11077505652964	27.384872082361966
31	25.59346795149382	24.43164935092712	22.866422633407964	27.108460064171098
32	25.168330014913494	24.270168517791436	23.443889736383486	27.117611730911584
33	25.25522825635193	23.964658405652465	23.170800906903068	27.60931243109254
34	25.841703412110522	24.02215626347248	22.74998586033406	27.38615446408294
35	25.780460586730143	24.02720287540811	22.998707685285016	27.193628852576733
36	25.255950730082187	23.72548697778206	22.953369911324177	28.06519238081157
37	25.894369230625465	23.02834904156865	22.11191925514923	28.965362472656658
38	26.95467818049216	22.181465391357126	22.418838788133247	28.44501764001747
39	26.472949249288817	23.252303152254196	21.38907800632797	28.885669592129016
>>END_MODULE
>>Per base GC content	pass
#Base	%GC
1	51.03855790379532
2	50.82643163696762
3	51.86553392171543
4	52.41104785630809
5	51.77762053298438
6	51.955363941394516
7	52.30626075768561
8	51.880328008242415
9	52.1820325251622
10	52.24931243570187
11	51.59348546066106
12	52.07628292576864
13	52.40978547363395
14	52.112130994635606
15	52.196008552574256
16	52.50862712715666
17	52.147149239584955
18	52.38911268366987
19	52.60394950116729
20	51.72429026088001
21	52.123888397198904
22	52.444855195483505
23	52.00633886351878
24	52.65591205214536
25	52.90235006590381
26	52.33125531504208
27	52.50076388594085
28	52.71984548534437
29	52.20966534091816
30	52.70459574179821
31	52.70192801566491
32	52.28594174582507
33	52.864540687444475
34	53.22785787619346
35	52.97408943930687
36	53.321143110893765
37	54.85973170328212
38	55.399695820509635
39	55.35861884141783
>>END_MODULE
>>Per sequence GC content	pass
#GC Content	Count
0	6049.0
1	5810.5
2	4173.5
3	2745.0
4	2755.5
5	2618.0
6	2599.5
7	2678.0
8	2555.5
9	2972.5
10	3538.0
11	3661.0
12	4839.5
13	6312.0
14	9440.0
15	12679.0
16	14834.5
17	21580.5
18	27339.0
19	35266.5
20	41764.5
21	42336.5
22	56074.0
23	68871.5
24	91695.0
25	114844.5
26	118205.0
27	146956.5
28	173970.5
29	222049.0
30	272298.0
31	276955.5
32	349076.5
33	424082.5
34	430241.0
35	495930.5
36	563839.5
37	660068.5
38	760161.0
39	771542.0
40	862510.0
41	953759.5
42	1028543.5
43	1104713.5
44	1112516.0
45	1190616.5
46	1269323.0
47	1318940.0
48	1364904.5
49	1364645.0
50	1390100.0
51	1412944.0
52	1410616.5
53	1385720.5
54	1357449.5
55	1296460.0
56	1235304.5
57	1224752.0
58	1156143.5
59	1091516.5
60	1003857.5
61	915533.5
62	910373.0
63	830728.0
64	749962.5
65	687207.5
66	626284.5
67	623141.5
68	559046.5
69	496897.5
70	493868.0
71	439471.0
72	384944.5
73	339945.0
74	295195.0
75	291630.0
76	255250.5
77	219604.5
78	191068.0
79	161713.5
80	159462.0
81	137279.0
82	115267.0
83	98191.0
84	81261.5
85	79816.0
86	68042.0
87	56705.5
88	47120.5
89	37684.5
90	37137.5
91	30190.5
92	23487.5
93	22825.5
94	17708.0
95	13054.5
96	9496.5
97	6044.0
98	5797.5
99	3936.5
100	2322.0
>>END_MODULE
>>Per base N content	pass
#Base	N-Count
1	2.8301601802984306E-4
2	3.0762610655417726E-5
3	0.0
4	0.047614368772455555
5	0.0
6	6.152522131083544E-6
7	6.152522131083544E-6
8	1.8457566393250636E-5
9	3.0762610655417724E-4
10	6.644723901570228E-4
11	4.306765491758481E-5
12	2.4610088524334174E-5
13	1.0459287622842026E-4
14	4.306765491758481E-5
15	8.92115709007114E-4
16	0.002485618940957752
17	0.001242809470478876
18	9.228783196625317E-5
19	3.1993115081634435E-4
20	0.0012366569483477925
21	0.0015877699862854827
22	0.0038106295634058904
23	0.007950044898355813
24	0.004195198069100026
25	0.005022810028634948
26	0.007763444216570125
27	0.006589470322580486
28	0.004482887779981349
29	0.004673221292234701
30	0.010655545768881522
31	0.009719882049727239
32	0.0062443433914642806
33	0.008006934615073305
34	0.006104966471374324
35	0.00793667877246203
36	0.006894407846934583
37	0.008768602471648975
38	0.0
39	0.0
>>END_MODULE
>>Sequence Length Distribution	warn
#Length	Count
20	4292.0
21	5170.0
22	5133.0
23	6057.0
24	6868.0
25	8948.0
26	9353.0
27	12758.0
28	17640.0
29	26064.0
30	19331.0
31	21302.0
32	37014.0
33	53823.0
34	131486.0
35	411947.0
36	707709.0
37	58866.0
38	175851.0
39	1.4533885E7
>>END_MODULE
>>Sequence Duplication Levels	fail
#Total Duplicate Percentage	78.81590104665437
#Duplication Level	Relative count
1	100.0
2	63.76580702977198
3	36.50701981479637
4	22.56497062630688
5	15.810016927212985
6	12.062132828836004
7	9.55690530717913
8	7.9697301603106645
9	6.87842278203724
10++	123.17235885691527
>>END_MODULE
>>Overrepresented sequences	pass
>>END_MODULE
>>Kmer Content	warn
#Sequence	Count	Obs/Exp Overall	Obs/Exp Max	Max Obs/Exp Position
AAAAA	2018460	4.338254	5.3112655	11
TTCTT	1622190	3.5981216	4.07467	1
CTTCT	1722825	3.28662	3.56189	34
TTTTT	1230360	3.1730146	4.0535355	1
CAGCA	1918200	3.1276987	3.4559624	27
TCTTC	1627805	3.105351	3.3902116	13
>>END_MODULE
