##FastQC	0.10.1
>>Basic Statistics	pass
#Measure	Value	
Filename	Sample_2_L001_poly.fastq	
File type	Conventional base calls	
Encoding	Sanger / Illumina 1.9	
Total Sequences	16265129	
Filtered Sequences	0	
Sequence length	20-39	
%GC	51	
>>END_MODULE
>>Per base sequence quality	pass
#Base	Mean	Median	Lower Quartile	Upper Quartile	10th Percentile	90th Percentile
1	37.52558304333154	39.0	37.0	39.0	34.0	39.0
2	38.87249766048581	40.0	38.0	41.0	35.0	41.0
3	38.84130061310918	40.0	38.0	41.0	35.0	41.0
4	38.77082720954749	40.0	38.0	41.0	34.0	41.0
5	38.78892002639512	40.0	38.0	41.0	34.0	41.0
6	38.798089950593074	40.0	38.0	41.0	34.0	41.0
7	38.843459280279916	40.0	38.0	41.0	34.0	41.0
8	38.83435003804765	40.0	38.0	41.0	34.0	41.0
9	38.80068218333835	40.0	38.0	41.0	34.0	41.0
10	38.70529535916992	40.0	38.0	41.0	34.0	41.0
11	38.70975901881872	40.0	38.0	41.0	34.0	41.0
12	38.74262860134709	40.0	38.0	41.0	34.0	41.0
13	38.72228569475225	40.0	38.0	41.0	34.0	41.0
14	38.656248899101875	40.0	38.0	41.0	34.0	41.0
15	38.60645808588423	40.0	38.0	41.0	34.0	41.0
16	38.580628164707456	40.0	38.0	41.0	34.0	41.0
17	38.535510354698076	40.0	38.0	41.0	34.0	41.0
18	38.5104748938665	40.0	38.0	41.0	34.0	41.0
19	38.43745579884426	40.0	38.0	41.0	34.0	41.0
20	38.401906434311094	40.0	38.0	41.0	34.0	41.0
21	38.36562291426104	40.0	38.0	41.0	34.0	41.0
22	38.31575787377058	40.0	38.0	41.0	33.0	41.0
23	38.2476973400097	40.0	38.0	41.0	33.0	41.0
24	38.20233723124157	40.0	38.0	41.0	33.0	41.0
25	38.15359394854237	40.0	38.0	41.0	33.0	41.0
26	38.096755023687805	40.0	37.0	41.0	33.0	41.0
27	38.02970141497264	40.0	37.0	41.0	33.0	41.0
28	37.946334473901416	40.0	37.0	41.0	33.0	41.0
29	37.87295195345488	40.0	37.0	41.0	33.0	41.0
30	37.80296946928082	40.0	37.0	41.0	33.0	41.0
31	37.75194164172545	40.0	37.0	41.0	33.0	41.0
32	37.671786211607746	40.0	36.0	41.0	32.0	41.0
33	37.616326634220286	40.0	36.0	41.0	32.0	41.0
34	37.55164988932007	40.0	36.0	41.0	32.0	41.0
35	37.46992349427686	39.0	35.0	41.0	32.0	41.0
36	37.392241707233005	39.0	35.0	41.0	32.0	41.0
37	37.29029309552205	39.0	35.0	41.0	32.0	41.0
38	37.250961911641134	39.0	35.0	41.0	32.0	41.0
39	37.39705475413845	39.0	35.0	41.0	32.0	41.0
>>END_MODULE
>>Per sequence quality scores	pass
#Quality	Count
9	2.0
10	7.0
11	25.0
12	67.0
13	153.0
14	338.0
15	646.0
16	1117.0
17	2050.0
18	3741.0
19	6123.0
20	10172.0
21	16138.0
22	24620.0
23	35186.0
24	48739.0
25	65652.0
26	85075.0
27	108286.0
28	134878.0
29	165295.0
30	199548.0
31	242617.0
32	294632.0
33	364116.0
34	469729.0
35	618866.0
36	841819.0
37	1191390.0
38	1702726.0
39	2678828.0
40	6946591.0
41	5957.0
>>END_MODULE
>>Per base sequence content	pass
#Base	G	A	T	C
1	24.353631315347744	24.602237256732177	25.167133945334974	25.8769974825851
2	23.657285472497634	24.752991507168495	26.088179196119505	25.501543824214366
3	24.260680625404202	24.112234215910615	25.02358265956575	26.603502499119436
4	25.00178534445338	24.5259579856935	23.87051974652476	26.60173692332836
5	24.353401952938828	25.074355393944643	24.5801631564166	25.992079496699933
6	24.387516234889066	24.717522920973558	24.211968859753615	26.682991984383765
7	25.0606097327122	24.7655551659695	23.537387688396162	26.636447412922138
8	24.655307025884273	24.71654847822584	24.83553924909409	25.792605246795798
9	24.47016919295537	24.192039912701418	24.43500186718826	26.902789027154956
10	25.165929768028484	24.97070706486942	23.337631310984424	26.52573185611768
11	24.443350077758442	25.308699016268864	24.461228832381448	25.78672207359124
12	24.41732355305674	24.647927503252973	24.085712023203524	26.849036920486764
13	25.250424021032007	24.875615681243655	23.23696736690363	26.636992930820707
14	24.6526817774002	24.99247008646167	24.209961594520596	26.144886541617534
15	24.47550001177377	24.29480490184825	24.30066412062195	26.929030965756034
16	25.251365343455166	24.520202312088973	23.453977713305786	26.774454631150068
17	24.685611579085087	24.776451295893885	24.377463585416262	26.160473539604762
18	24.55743613169539	24.253534098447535	23.97794420080774	27.21108556904933
19	25.18976104670004	24.607992555330718	23.33831394791572	26.863932450053525
20	24.477360597778222	25.036687909759024	24.47705933545836	26.008892157004393
21	24.47279215370609	24.342149724402585	24.29074135965901	26.894316762232318
22	25.218580619701704	24.84382353831207	23.239951798846292	26.697644043139935
23	24.90215028512828	24.97400220483697	24.204702483280848	25.919145026753903
24	24.81972557624926	24.22219733452794	23.793996349713677	27.164080739509117
25	25.28390897283589	24.632875160811786	22.931187945117784	27.152027921234538
26	24.745207338678938	24.8050451724225	24.023027435988546	26.426720052910017
27	24.57394039179205	24.34850671443291	23.844355147988598	27.23319774578644
28	25.22015923687419	24.77558114776846	23.016181236955312	26.988078378402037
29	24.76824190355191	24.87686212259641	24.044018675397254	26.31087729845443
30	24.695386756806812	24.34794946679048	23.70040550829806	27.256258268104645
31	25.23766752782281	24.81949714758137	23.057528492790745	26.885306831805078
32	24.58187061404826	24.799008142719252	24.165263060964158	26.45385818226833
33	24.67974840546873	24.15406313672863	23.743980958293445	27.422207499509195
34	25.510453378406734	24.32981689263759	22.92869049764076	27.231039231314924
35	25.180709707714705	24.531375763001424	23.714106839399072	26.5738076898848
36	24.573156198590283	23.87323355011947	23.53866036674821	28.01494988454204
37	25.53196131126605	23.371884685413416	22.281218527208264	28.814935476112268
38	26.405775300070943	22.668479865393042	23.134540181593298	27.791204652942714
39	25.90520067035163	23.363621045453105	21.971037336709458	28.76014094748581
>>END_MODULE
>>Per base GC content	pass
#Base	%GC
1	50.23062879793285
2	49.158829296712
3	50.864183124523635
4	51.60352226778174
5	50.34548144963876
6	51.070508219272824
7	51.69705714563434
8	50.44791227268007
9	51.37295822011032
10	51.69166162414616
11	50.23007215134968
12	51.26636047354351
13	51.887416951852714
14	50.79756831901774
15	51.4045309775298
16	52.025819974605234
17	50.84608511868986
18	51.76852170074472
19	52.05369349675356
20	50.48625275478261
21	51.36710891593841
22	51.916224662841636
23	50.82129531188219
24	51.983806315758386
25	52.43593689407044
26	51.17192739158896
27	51.80713813757849
28	52.20823761527622
29	51.07911920200634
30	51.95164502491145
31	52.12297435962788
32	51.03572879631659
33	52.10195590497793
34	52.741492609721654
35	51.75451739759951
36	52.588106083132324
37	54.34689678737832
38	54.19697995301366
39	54.665341617837434
>>END_MODULE
>>Per sequence GC content	pass
#GC Content	Count
0	143.0
1	262.0
2	406.5
3	433.5
4	623.0
5	832.0
6	1295.0
7	1863.0
8	2015.0
9	2737.5
10	3592.5
11	3809.0
12	5342.0
13	7167.0
14	10498.5
15	13890.0
16	15299.5
17	21539.5
18	27467.0
19	36787.5
20	45399.5
21	46681.0
22	61664.0
23	75680.5
24	101351.5
25	127301.0
26	130732.5
27	162016.0
28	191385.0
29	240307.0
30	291550.0
31	296143.0
32	373654.5
33	454471.0
34	460889.0
35	527290.5
36	596773.5
37	701890.0
38	810420.5
39	823017.0
40	918385.5
41	1013685.0
42	1090448.5
43	1168332.0
44	1176718.0
45	1254685.0
46	1332375.0
47	1381710.5
48	1427784.5
49	1426607.5
50	1442095.5
51	1455999.5
52	1453832.5
53	1421376.5
54	1384450.5
55	1306804.5
56	1228846.5
57	1218108.0
58	1144193.0
59	1072650.5
60	971921.0
61	869995.0
62	863585.0
63	781709.5
64	698023.0
65	631182.5
66	567049.5
67	563584.0
68	502013.5
69	443143.0
70	440505.0
71	388965.0
72	337177.5
73	293248.5
74	250196.5
75	247276.0
76	213258.5
77	179805.0
78	154818.5
79	129113.5
80	127077.5
81	108295.0
82	89690.5
83	75502.5
84	61505.0
85	60483.5
86	50985.0
87	41713.0
88	34621.5
89	27571.0
90	27043.0
91	21706.0
92	16595.0
93	16074.0
94	12514.0
95	9316.5
96	6743.0
97	4244.0
98	4112.0
99	2805.0
100	1630.0
>>END_MODULE
>>Per base N content	pass
#Base	N-Count
1	1.9059178688346094E-4
2	0.0
3	0.0
4	0.047721724186755604
5	6.148122157530998E-6
6	2.459248863012399E-5
7	1.2296244315061995E-5
8	1.2296244315061995E-5
9	1.9059178688346094E-4
10	7.070340481160647E-4
11	8.607371020543397E-5
12	7.992558804790297E-5
13	9.836995452049596E-5
14	1.2296244315061995E-5
15	9.959957895200216E-4
16	0.002194879610238566
17	0.0013341425081842267
18	1.1681432099308897E-4
19	4.180723067121079E-4
20	0.0014386605848622535
21	0.001703334267605005
22	0.004139193767468951
23	0.007904993421322984
24	0.004658020961340457
25	0.005121092920015176
26	0.00813413076960638
27	0.0070165867428770255
28	0.004857328309162783
29	0.004738220709282026
30	0.011041974332198447
31	0.010156903121886858
32	0.006569923053259351
33	0.008502698924209982
34	0.006387535912768921
35	0.008488576089356286
36	0.007116144798796829
37	0.009211976839577408
38	0.0
39	0.0
>>END_MODULE
>>Sequence Length Distribution	warn
#Length	Count
20	2907.0
21	3017.0
22	3657.0
23	4011.0
24	5005.0
25	6321.0
26	7247.0
27	10054.0
28	14294.0
29	24916.0
30	17355.0
31	16993.0
32	36821.0
33	49999.0
34	123463.0
35	481261.0
36	650997.0
37	55716.0
38	169494.0
39	1.4581601E7
>>END_MODULE
>>Sequence Duplication Levels	fail
#Total Duplicate Percentage	79.0754635337149
#Duplication Level	Relative count
1	100.0
2	57.53833547933981
3	32.52955636193375
4	21.089390924343515
5	15.076670958679621
6	11.836201178352647
7	9.643372741815911
8	8.037769713995864
9	6.902337196144992
10++	127.52936127043583
>>END_MODULE
>>Overrepresented sequences	pass
>>END_MODULE
>>Kmer Content	warn
#Sequence	Count	Obs/Exp Overall	Obs/Exp Max	Max Obs/Exp Position
AAAAA	2057745	4.119352	5.1804833	11
TTCTT	1671945	3.4178488	4.1913533	11
CTTCT	1743450	3.1794364	3.8765726	10
CAGCA	1884010	3.129379	3.5484405	27
TTTTT	1316560	3.0169053	4.093191	1
TCTTC	1654285	3.0168312	3.5272262	12
>>END_MODULE
