##FastQC	0.10.1
>>Basic Statistics	pass
#Measure	Value	
Filename	Treat_1_trimmed.fastq	
File type	Conventional base calls	
Encoding	Sanger / Illumina 1.9	
Total Sequences	36787208	
Filtered Sequences	0	
Sequence length	51	
%GC	52	
>>END_MODULE
>>Per base sequence quality	pass
#Base	Mean	Median	Lower Quartile	Upper Quartile	10th Percentile	90th Percentile
1	32.20779424195498	33.0	31.0	34.0	30.0	34.0
2	32.42993436740293	34.0	31.0	34.0	30.0	34.0
3	32.515780186416976	34.0	31.0	34.0	31.0	34.0
4	35.94489579094994	37.0	35.0	37.0	35.0	37.0
5	36.02930195191763	37.0	35.0	37.0	35.0	37.0
6	35.885695103580574	37.0	35.0	37.0	35.0	37.0
7	35.85440645563534	37.0	35.0	37.0	35.0	37.0
8	35.84653592085597	37.0	35.0	37.0	35.0	37.0
9	37.56999522768893	39.0	37.0	39.0	35.0	39.0
10	37.581988934849306	39.0	37.0	39.0	35.0	39.0
11	37.58447844152783	39.0	37.0	39.0	35.0	39.0
12	37.55568954838867	39.0	37.0	39.0	35.0	39.0
13	37.44113611448849	39.0	37.0	39.0	34.0	39.0
14	38.81010823110033	40.0	38.0	41.0	34.0	41.0
15	38.7779910614581	40.0	38.0	41.0	34.0	41.0
16	38.726081468319094	40.0	38.0	41.0	34.0	41.0
17	38.72792662057963	40.0	38.0	41.0	34.0	41.0
18	38.726055236374556	40.0	38.0	41.0	34.0	41.0
19	38.76502677234978	40.0	38.0	41.0	34.0	41.0
20	38.714899565087954	40.0	38.0	41.0	34.0	41.0
21	38.69700736734356	40.0	38.0	41.0	34.0	41.0
22	38.651820165313985	40.0	38.0	41.0	34.0	41.0
23	38.63882377265489	40.0	38.0	41.0	34.0	41.0
24	38.63780390727125	40.0	38.0	41.0	34.0	41.0
25	38.60881934829085	40.0	38.0	41.0	34.0	41.0
26	38.53946290243065	40.0	38.0	41.0	34.0	41.0
27	38.4833110194174	40.0	38.0	41.0	34.0	41.0
28	38.44398077179437	40.0	38.0	41.0	34.0	41.0
29	38.39221660964322	40.0	38.0	41.0	34.0	41.0
30	38.35656255837627	40.0	38.0	41.0	34.0	41.0
31	38.2929898349448	40.0	38.0	41.0	33.0	41.0
32	38.24352734243925	40.0	38.0	41.0	33.0	41.0
33	38.187038847851674	40.0	38.0	41.0	33.0	41.0
34	38.13226749907196	40.0	38.0	41.0	33.0	41.0
35	38.05901608515656	40.0	37.0	41.0	33.0	41.0
36	37.927684264595456	40.0	37.0	41.0	33.0	41.0
37	37.89938238857377	40.0	37.0	41.0	33.0	41.0
38	37.84518895807477	40.0	37.0	41.0	33.0	41.0
39	37.769284964490915	40.0	37.0	41.0	33.0	41.0
40	37.68234101919341	40.0	37.0	41.0	32.0	41.0
41	37.60577179436939	40.0	36.0	41.0	32.0	41.0
42	37.49079416410183	40.0	36.0	41.0	32.0	41.0
43	37.43983973994438	40.0	36.0	41.0	32.0	41.0
44	37.34704715834918	40.0	35.0	41.0	31.0	41.0
45	37.27017986795845	39.0	35.0	41.0	31.0	41.0
46	37.183121181689025	39.0	35.0	41.0	31.0	41.0
47	37.07487061806919	39.0	35.0	41.0	31.0	41.0
48	36.96644496641333	39.0	35.0	41.0	31.0	41.0
49	36.83282561155497	39.0	35.0	41.0	31.0	41.0
50	36.712069532430945	39.0	35.0	41.0	31.0	41.0
51	36.57757212778964	39.0	35.0	41.0	31.0	41.0
>>END_MODULE
>>Per sequence quality scores	pass
#Quality	Count
8	8.0
9	51.0
10	225.0
11	661.0
12	1304.0
13	1959.0
14	2701.0
15	3424.0
16	5391.0
17	7981.0
18	11954.0
19	17938.0
20	26990.0
21	40558.0
22	58070.0
23	83818.0
24	116932.0
25	155728.0
26	204895.0
27	261650.0
28	329807.0
29	408629.0
30	500197.0
31	614910.0
32	760884.0
33	961002.0
34	1276835.0
35	1752582.0
36	2560664.0
37	3924584.0
38	6270585.0
39	1.6130988E7
40	293303.0
>>END_MODULE
>>Per base sequence content	fail
#Base	G	A	T	C
1	36.65263418357929	9.420016995452338	11.63508677892762	42.292262042040754
2	24.94672643523296	10.828331318174376	31.98043809326483	32.24450415332783
3	24.00262105989823	15.811909457902454	22.09384954784542	38.09161993435389
4	27.336719872842757	22.568478151426984	18.1733253580973	31.921476617632955
5	28.02502601247071	26.28113507964721	21.515353059435434	24.178485848446645
6	25.688695882646766	29.270016412326576	21.470729312143423	23.570558392883235
7	20.322297903118933	24.088870783561504	34.55463105544732	21.03420025787225
8	23.14527919596399	21.80648229678099	28.56793589771749	26.48030260953753
9	22.647674158908714	19.835063318749278	30.047355047982983	27.469907474359022
10	23.17362872441964	31.985208010349687	23.45347328343048	21.387689981800197
11	27.05023170010619	25.64423752952385	20.52995976209991	26.77557100827005
12	25.288108301124673	22.00687532470526	24.51146061424395	28.193555759926113
13	24.868507949978806	24.223079736555142	24.99185246609521	25.916559847370845
14	24.431618909206524	24.200606504403353	25.37580324809699	25.99197133829314
15	24.907887105825818	23.651055754590693	24.8176654947462	26.623391644837284
16	25.8203504555853	23.79772747887715	23.534495341042398	26.84742672449515
17	25.298200140559736	24.41244382625851	23.868167645023107	26.421188388158644
18	24.919629671270513	24.09863776560591	24.049938772194942	26.931793790928634
19	25.630822540269975	23.882396837509386	23.356980502570348	27.129800119650287
20	25.658592437234628	23.91000349170316	24.069287133936925	26.362116937125286
21	25.08548542209533	23.695596707682455	24.1180179701652	27.100899900057012
22	25.82388936721216	24.456460502466236	22.908669347916792	26.81098078240482
23	25.476885978576753	24.700963325592653	23.598398490468504	26.22375220536209
24	25.13115192556093	24.174803776027222	23.7196528320109	26.97439146640095
25	25.87452619441929	24.23577506789971	22.944385998338486	26.945312739342516
26	25.586027900629237	24.347958647245743	23.479175459920178	26.586837992204842
27	25.097584251506827	23.91731121133656	23.941394643588037	27.043709893568575
28	25.861489834995723	24.11820038195767	23.085119929119376	26.935189853927234
29	25.585419700273853	24.22515218484687	23.612628801957154	26.576799312922123
30	25.14447454803765	23.944385892815205	23.76111381101948	27.150025748127664
31	25.832989069523222	24.05148535619051	23.004267330813786	27.11125824347248
32	25.422463995441696	24.417438118482167	23.77000577943229	26.39009210664385
33	25.05418298871093	23.921358629130967	24.04153661227	26.9829217698881
34	25.856861767876378	24.292524017764975	22.81547466180403	27.03513955255462
35	25.74485492523251	24.410106110281035	23.49639673961818	26.348642224868275
36	25.436141814224992	23.928766800165636	23.410623971138577	27.224467414470787
37	25.902079638929994	24.12101247757259	22.665379953128493	27.31152793036892
38	25.63090178182264	24.278749953238137	23.34590248651301	26.744445778426208
39	25.15055593585785	23.920932189348747	23.58671054549777	27.341801329295635
40	25.754891065994606	24.214018643517253	22.65513255675392	27.375957733734225
41	25.532141470416654	24.342325727471206	23.372626019311728	26.752906782800412
42	25.205753534919385	24.077297715953456	23.446900609415135	27.270048139712017
43	25.78740097003035	24.264102648245988	22.728504467983406	27.219991913740255
44	25.436336720527365	24.276523830199572	23.531268103470847	26.75587134580222
45	25.226807770114405	23.8578730574646	23.459639877365497	27.455679295055496
46	26.076100290995306	23.92597405238394	22.687778643039053	27.310147013581705
47	25.924703097340224	24.185498287302902	23.197046187468175	26.6927524278887
48	25.269178530183733	23.969605971862286	23.308123784360944	27.453091713593032
49	25.993960298061587	24.024152282167435	22.63662776193737	27.345259657833605
50	25.758509142359365	24.23700749637579	23.277973292326028	26.72651006893882
51	25.298859798491186	23.825690851638974	23.40802653583599	27.467422814033853
>>END_MODULE
>>Per base GC content	fail
#Base	%GC
1	78.94489622562004
2	57.19123058856079
3	62.094240994252125
4	59.25819649047571
5	52.20351186091735
6	49.259254275530004
7	41.35649816099118
8	49.625581805501525
9	50.11758163326774
10	44.561318706219836
11	53.82580270837624
12	53.48166406105078
13	50.78506779734965
14	50.42359024749966
15	51.5312787506631
16	52.667777180080456
17	51.71938852871838
18	51.85142346219914
19	52.760622659920266
20	52.02070937435992
21	52.186385322152354
22	52.63487014961697
23	51.70063818393884
24	52.105543391961874
25	52.81983893376181
26	52.17286589283409
27	52.1412941450754
28	52.79667968892296
29	52.16221901319598
30	52.29450029616531
31	52.94424731299571
32	51.81255610208554
33	52.03710475859903
34	52.89200132043099
35	52.09349715010079
36	52.66060922869579
37	53.213607569298915
38	52.375347560248855
39	52.49235726515349
40	53.13084879972884
41	52.28504825321707
42	52.475801674631406
43	53.007392883770606
44	52.192208066329584
45	52.6824870651699
46	53.386247304577005
47	52.61745552522892
48	52.72227024377677
49	53.33921995589519
50	52.48501921129818
51	52.76628261252504
>>END_MODULE
>>Per sequence GC content	pass
#GC Content	Count
0	7979.0
1	4730.0
2	1481.0
3	1543.0
4	1605.0
5	1630.5
6	1656.0
7	1838.0
8	2020.0
9	2277.0
10	2534.0
11	3046.5
12	3559.0
13	4807.5
14	6056.0
15	8360.5
16	10665.0
17	14674.5
18	18684.0
19	25129.0
20	31574.0
21	43270.0
22	54966.0
23	70139.5
24	85313.0
25	105018.0
26	155496.5
27	186270.0
28	236952.5
29	287635.0
30	349388.0
31	411141.0
32	486815.0
33	562489.0
34	668535.5
35	774582.0
36	909215.0
37	1043848.0
38	1181763.5
39	1319679.0
40	1477871.5
41	1636064.0
42	1772696.0
43	1909328.0
44	2055492.0
45	2201656.0
46	2279742.0
47	2357828.0
48	2422729.0
49	2487630.0
50	2507053.5
51	2526477.0
52	2522164.0
53	2517851.0
54	2461206.5
55	2404562.0
56	2308428.5
57	2212295.0
58	2081170.5
59	1950046.0
60	1828214.0
61	1706382.0
62	1595696.0
63	1485010.0
64	1382174.5
65	1279339.0
66	1195749.5
67	1112160.0
68	1005057.5
69	897955.0
70	822922.5
71	747890.0
72	669104.0
73	590318.0
74	530769.5
75	418506.0
76	365791.0
77	322889.5
78	279988.0
79	243758.0
80	207528.0
81	180412.0
82	153296.0
83	133689.5
84	114083.0
85	99130.0
86	84177.0
87	72020.0
88	59863.0
89	49970.0
90	40077.0
91	32588.0
92	25099.0
93	19529.0
94	13959.0
95	10481.5
96	7004.0
97	4970.0
98	2936.0
99	1936.0
100	936.0
>>END_MODULE
>>Per base N content	pass
#Base	N-Count
1	0.07281335403328244
2	5.463855805528923E-4
3	0.0015304232927924296
4	0.0
5	1.223251299745281E-4
6	0.0022643740726395983
7	0.0
8	0.0
9	0.0
10	0.0
11	0.0
12	0.0
13	8.15500866496854E-6
14	1.631001732993708E-5
15	3.533837088153034E-5
16	0.024530266064225367
17	5.4366724433123596E-6
18	0.0
19	0.0
20	8.15500866496854E-6
21	6.360906758675461E-4
22	3.77848734810209E-4
23	4.4852547657326975E-4
24	7.910358405019485E-4
25	6.279356672025776E-4
26	2.446502599490562E-5
27	0.0070241807967595694
28	0.005382305718879237
29	0.0018865253378293888
30	0.005461137469307266
31	0.0026666878334447126
32	0.004316717919990014
33	0.007067674176306068
34	0.006113538162504748
35	0.014627367208731906
36	0.015361317988579074
37	0.01112343181901709
38	0.013852641385559894
39	0.01773986218252823
40	0.010927711611057843
41	0.013020830501733104
42	0.021773873135466002
43	0.017117363187768964
44	0.010495496151814512
45	0.012879477018206981
46	0.01218901961790631
47	0.014831242425356118
48	0.013901571437549706
49	0.024201347381404968
50	0.018397699548169028
51	0.001978948769365699
>>END_MODULE
>>Sequence Length Distribution	pass
#Length	Count
51	3.6787208E7
>>END_MODULE
>>Sequence Duplication Levels	fail
#Total Duplicate Percentage	78.20298484008538
#Duplication Level	Relative count
1	100.0
2	53.89406228096526
3	30.383498548112545
4	19.85380995293882
5	14.663061980574748
6	11.551016321217583
7	9.50235305897667
8	8.046460398518073
9	6.8348853509562435
10++	145.791528987684
>>END_MODULE
>>Overrepresented sequences	pass
>>END_MODULE
>>Kmer Content	warn
#Sequence	Count	Obs/Exp Overall	Obs/Exp Max	Max Obs/Exp Position
AAAAA	6542440	5.2468877	8.60097	10
TTTTT	4532395	3.5500114	4.8435497	11
TTCTT	5157145	3.4976244	6.491154	6
CTTCT	5519045	3.241079	5.550529	1
CAGCA	5746290	3.1551888	4.4866486	9
TCTTC	5084645	2.985976	5.6107	7
TCTTG	3888260	2.4424584	5.1658797	7
CTCCT	4514575	2.2956433	7.3898096	1
TCCTC	4184265	2.127682	5.0810513	2
TTGAA	2899965	2.1237667	6.210019	7
CTCCA	4002730	2.0450118	7.396817	1
GCCAG	3977430	2.013244	6.0351124	1
TCCAG	3578955	1.9558791	5.3856244	2
GGCAG	3589260	1.9433228	5.144127	1
GTCCA	2788480	1.523889	5.311519	1
>>END_MODULE
