##FastQC	0.10.1
>>Basic Statistics	pass
#Measure	Value	
Filename	Sample_1_L001_trimmed.fastq	
File type	Conventional base calls	
Encoding	Sanger / Illumina 1.9	
Total Sequences	86201	
Filtered Sequences	0	
Sequence length	5-51	
%GC	51	
>>END_MODULE
>>Per base sequence quality	pass
#Base	Mean	Median	Lower Quartile	Upper Quartile	10th Percentile	90th Percentile
1	32.47835871973643	34.0	31.0	34.0	31.0	34.0
2	32.70147678101182	34.0	31.0	34.0	31.0	34.0
3	32.765605967448174	34.0	31.0	34.0	31.0	34.0
4	36.18888411967379	37.0	37.0	37.0	35.0	37.0
5	36.269277618589115	37.0	37.0	37.0	35.0	37.0
6	36.165439720442635	37.0	36.0	37.0	35.0	37.0
7	36.15676970778916	37.0	36.0	37.0	35.0	37.0
8	36.14412207987943	37.0	36.0	37.0	35.0	37.0
9	37.93612017207961	39.0	38.0	39.0	35.0	39.0
10	37.92651696583122	39.0	38.0	39.0	35.0	39.0
11	37.94181995457842	39.0	38.0	39.0	35.0	39.0
12	37.93598921421242	39.0	38.0	39.0	35.0	39.0
13	37.82722920406942	39.0	38.0	39.0	35.0	39.0
14	39.258284986727205	41.0	39.0	41.0	36.0	41.0
15	39.23196460433042	41.0	39.0	41.0	36.0	41.0
16	39.1618857419511	40.0	38.0	41.0	36.0	41.0
17	39.196076765273546	41.0	39.0	41.0	36.0	41.0
18	39.20969629015746	41.0	39.0	41.0	36.0	41.0
19	39.237642887707075	41.0	39.0	41.0	36.0	41.0
20	39.23433780766116	41.0	39.0	41.0	36.0	41.0
21	39.213597970893154	41.0	39.0	41.0	36.0	41.0
22	39.117188368903	40.0	39.0	41.0	36.0	41.0
23	39.124352911896466	40.0	39.0	41.0	36.0	41.0
24	39.15659281565928	41.0	39.0	41.0	36.0	41.0
25	39.147990869326804	41.0	39.0	41.0	36.0	41.0
26	39.13878073770492	40.0	39.0	41.0	35.0	41.0
27	39.10612564906688	40.0	39.0	41.0	35.0	41.0
28	39.09150149685145	40.0	38.0	41.0	35.0	41.0
29	39.03061898532516	40.0	38.0	41.0	35.0	41.0
30	39.015332397003746	40.0	38.0	41.0	35.0	41.0
31	38.94674548491492	40.0	38.0	41.0	35.0	41.0
32	38.934969566071075	40.0	38.0	41.0	35.0	41.0
33	38.88210714426501	40.0	38.0	41.0	35.0	41.0
34	38.83399548592321	40.0	38.0	41.0	35.0	41.0
35	38.78512199645005	40.0	38.0	41.0	35.0	41.0
36	38.72497839239412	40.0	38.0	41.0	35.0	41.0
37	38.68952162183819	40.0	38.0	41.0	35.0	41.0
38	38.64036923737455	40.0	38.0	41.0	34.0	41.0
39	38.57070666235446	40.0	38.0	41.0	34.0	41.0
40	38.485691455503336	40.0	38.0	41.0	34.0	41.0
41	38.409404106977505	40.0	37.0	41.0	34.0	41.0
42	38.32755672880962	40.0	37.0	41.0	34.0	41.0
43	38.272612322874146	40.0	37.0	41.0	34.0	41.0
44	38.16472067540866	40.0	37.0	41.0	33.0	41.0
45	38.09756807720038	40.0	37.0	41.0	33.0	41.0
46	38.03234847111644	40.0	36.0	41.0	33.0	41.0
47	37.94270606880882	40.0	36.0	41.0	33.0	41.0
48	37.822535171558265	40.0	36.0	41.0	33.0	41.0
49	37.6997624904572	39.0	35.0	41.0	33.0	41.0
50	37.590193610431484	39.0	35.0	41.0	33.0	41.0
51	37.44717079862535	39.0	35.0	41.0	33.0	41.0
>>END_MODULE
>>Per sequence quality scores	pass
#Quality	Count
26	3.0
27	28.0
28	151.0
29	513.0
30	868.0
31	1347.0
32	1800.0
33	2324.0
34	3329.0
35	5237.0
36	6940.0
37	9924.0
38	15992.0
39	37015.0
40	730.0
>>END_MODULE
>>Per base sequence content	fail
#Base	G	A	T	C
1	32.75832066913377	13.031171332119118	14.353661790466468	39.85684620828064
2	24.642405540538974	13.120497442025034	31.348824259579356	30.88827275785664
3	23.716662219695827	18.620433637660817	21.968422640108585	35.69448150253478
4	27.256064314799133	22.933608658832263	19.1343487894572	30.675978236911405
5	27.326829155114208	27.242143362606004	22.42549390378302	23.00553357849677
6	24.682585905649386	28.448456610366918	24.198019801980198	22.670937682003494
7	21.759607253593913	23.984074039274642	33.14385041811519	21.112468289016252
8	22.272984174830444	23.627072343632253	29.14939713639789	24.95054634513941
9	21.910603696875146	21.292488063158892	30.346759324918448	26.45014891504751
10	23.787731486970337	30.909586702392527	23.812628933203708	21.49005287743343
11	25.936671383217796	26.362350031509735	21.21377867088382	26.487199914388654
12	24.509031903977856	22.85059775216551	24.93139570954733	27.708974634309303
13	23.30460801915021	24.937163375224415	25.34530221424297	26.412926391382406
14	24.084417378352732	24.91081402471983	25.964229517254633	25.0405390796728
15	25.098857115301154	25.168780440758066	24.720306698172347	25.012055745768436
16	24.80876301137739	24.635681433067052	25.181554103122732	25.374001452432825
17	24.49108410919994	25.596921620276518	24.096575666719268	25.815418603804275
18	25.2254667771657	23.864134938819284	24.713596256032762	26.196802027982258
19	24.792468977321352	23.69460235955743	24.31811235405587	27.194816309065345
20	24.65951755785134	24.475472994527742	25.514711295428334	25.350298152192586
21	25.19884754611047	23.58959836489448	24.492107660863354	26.719446428131693
22	25.287626203334117	24.652438798334178	24.200145821233054	25.85978917709865
23	23.974614235938276	26.04280736684918	24.26207068193131	25.720507715281233
24	24.322751255804537	25.022458972834134	24.265813014816594	26.388976756544736
25	24.771414361681778	25.206269048803193	23.696392363900685	26.325924225614344
26	24.372438524590166	24.892418032786885	24.35578893442623	26.379354508196723
27	23.998766130276078	24.041180402035884	24.66325638784638	27.296797079841657
28	25.010323113451015	24.59481779704759	23.47217920924951	26.92267988025188
29	25.351328247438705	24.642843265507015	23.838512052016007	26.167316435038273
30	24.345869746150644	24.237931751976696	24.092280482729922	27.32391801914274
31	25.044367888088527	24.21051257960121	23.792932456415077	26.95218707589519
32	24.491131618561425	24.88120950323974	24.555271941881013	26.07238693631782
33	24.378802412519875	24.717816643233512	24.527285389537866	26.37609555470875
34	24.709950767525047	25.16663806871428	23.333289336483507	26.79012182727717
35	24.88144753225422	24.756934325906695	24.23636315468779	26.125254987151298
36	24.373379429559204	24.9278638388405	24.310883584868026	26.387873146732264
37	24.693501428991162	24.97395763775742	23.663826491092177	26.668714442159246
38	24.944990071378736	24.672623839424677	24.127891375516555	26.25449471368003
39	24.027059077188444	24.54991375592928	24.40033419577404	27.022692971108235
40	25.17843357666211	24.99288974362447	23.30268022806994	26.525996451643486
41	24.807996078217766	24.93327523285582	24.110790348058174	26.147938340868237
42	24.111282843894898	24.84851800686627	24.315082545718155	26.725116603520675
43	25.115793235201146	24.740581921136904	23.954424882145165	26.189199961516792
44	24.97547360130439	24.70326512000663	24.382694725787953	25.938566552901023
45	24.711607786589763	24.566025178858634	23.6592535078476	27.063113526704008
46	25.019869211784883	24.742397412122312	23.105453227178295	27.13228014891451
47	25.024193887712308	24.868511479824402	23.742268475013674	26.365026157449613
48	24.17463136823705	24.675068369562155	23.920888663339817	27.229411598860974
49	25.464415980999238	24.568100206407102	23.257556479203778	26.70992733338988
50	24.89216365667737	24.660227128088362	23.86824873778444	26.579360477449832
51	24.80589458201926	24.39434866848633	24.19069708240818	26.60905966708623
>>END_MODULE
>>Per base GC content	fail
#Base	%GC
1	72.61516687741441
2	55.53067829839561
3	59.4111437222306
4	57.93204255171054
5	50.33236273361098
6	47.35352358765289
7	42.87207554261017
8	47.223530519969856
9	48.360752611922656
10	45.277784364403765
11	52.42387129760645
12	52.21800653828716
13	49.717534410532615
14	49.12495645802554
15	50.11091286106959
16	50.182764463810216
17	50.30650271300421
18	51.42226880514795
19	51.987285286386694
20	50.009815710043924
21	51.91829397424216
22	51.14741538043277
23	49.69512195121951
24	50.71172801234927
25	51.09733858729613
26	50.751793032786885
27	51.295563210117734
28	51.93300299370291
29	51.518644682476975
30	51.669787765293385
31	51.99655496398371
32	50.56351855487925
33	50.75489796722863
34	51.50007259480221
35	51.00670251940551
36	50.76125257629147
37	51.362215871150404
38	51.19948478505877
39	51.04975204829668
40	51.704430028305595
41	50.955934419086
42	50.83639944741557
43	51.30499319671793
44	50.91404015420541
45	51.77472131329377
46	52.1521493606994
47	51.38922004516192
48	51.40404296709803
49	52.17434331438911
50	51.4715241341272
51	51.41495424910549
>>END_MODULE
>>Per sequence GC content	warn
#GC Content	Count
0	268.0
1	262.5
2	243.5
3	147.0
4	45.0
5	27.5
6	34.0
7	40.5
8	45.5
9	51.0
10	62.0
11	73.5
12	76.5
13	83.0
14	93.0
15	100.0
16	105.5
17	126.0
18	146.0
19	183.0
20	222.5
21	262.5
22	304.0
23	356.0
24	423.0
25	544.5
26	722.5
27	820.5
28	997.5
29	1166.5
30	1360.0
31	1600.0
32	1864.5
33	2096.5
34	2427.5
35	2813.0
36	3188.0
37	3678.0
38	4251.0
39	4715.5
40	5076.5
41	5344.0
42	5672.5
43	6106.0
44	6559.5
45	6950.5
46	6895.0
47	6790.0
48	6799.0
49	6881.0
50	6848.5
51	6711.5
52	6473.0
53	6300.0
54	6270.5
55	6246.0
56	6163.0
57	6004.5
58	5815.0
59	5601.5
60	5230.0
61	4897.0
62	4615.0
63	4346.0
64	4097.0
65	3829.5
66	3589.0
67	3391.5
68	3156.5
69	2896.5
70	2694.0
71	2475.5
72	2259.5
73	2054.5
74	1876.0
75	1419.0
76	1099.5
77	994.5
78	892.0
79	792.5
80	696.0
81	630.5
82	572.0
83	517.0
84	457.0
85	421.5
86	391.0
87	364.0
88	330.0
89	308.0
90	251.5
91	188.5
92	146.0
93	115.0
94	97.5
95	78.5
96	66.5
97	59.0
98	51.0
99	47.5
100	46.0
>>END_MODULE
>>Per base N content	pass
#Base	N-Count
1	0.0
2	0.0
3	0.0
4	0.0
5	0.0
6	0.0
7	0.0
8	0.0
9	0.0
10	0.0
11	0.0
12	0.0
13	0.0
14	0.0
15	0.0
16	0.0
17	0.0
18	0.0
19	0.0
20	0.0
21	0.0
22	0.0
23	0.0
24	0.0
25	0.0
26	0.0
27	0.0
28	0.0
29	0.0
30	0.0
31	0.0
32	0.0
33	0.0
34	0.0
35	0.0
36	0.0
37	0.0
38	0.0
39	0.0
40	0.0
41	0.0
42	0.0
43	0.0
44	0.0
45	0.0
46	0.0
47	0.0
48	0.0
49	0.0
50	0.0
51	0.0
>>END_MODULE
>>Sequence Length Distribution	warn
#Length	Count
5	351.0
6	706.0
7	216.0
8	316.0
9	266.0
10	245.0
11	287.0
12	264.0
13	297.0
14	305.0
15	328.0
16	239.0
17	329.0
18	257.0
19	293.0
20	284.0
21	297.0
22	561.0
23	1327.0
24	616.0
25	337.0
26	276.0
27	308.0
28	289.0
29	311.0
30	264.0
31	237.0
32	292.0
33	340.0
34	269.0
35	289.0
36	327.0
37	346.0
38	324.0
39	371.0
40	401.0
41	325.0
42	352.0
43	388.0
44	247.0
45	405.0
46	420.0
47	361.0
48	204.0
49	25.0
50	0.0
51	70709.0
>>END_MODULE
>>Sequence Duplication Levels	warn
#Total Duplicate Percentage	29.60904872389792
#Duplication Level	Relative count
1	100.0
2	12.38030884849284
3	2.2644494619048405
4	0.5273826985513457
5	0.2686355620745917
6	0.10218039784432321
7	0.05438634078810752
8	0.03625756052540501
9	0.032961418659459105
10++	0.18128780262702507
>>END_MODULE
>>Overrepresented sequences	warn
#Sequence	Count	Percentage	Possible Source
ACGCGT	392	0.45475110497558036	No Hit
TCAGTGCACTACAGAACTTTGTA	252	0.29233999605573024	No Hit
TGAGATGAAGCACTGTAGCTCTA	250	0.2900198373568752	No Hit
TGAGATGAAGCACTGTAGCTCA	175	0.20301388614981267	No Hit
TGAGATGAAGCACTGTAGCTCGA	90	0.10440714144847507	No Hit
>>END_MODULE
>>Kmer Content	warn
#Sequence	Count	Obs/Exp Overall	Obs/Exp Max	Max Obs/Exp Position
AAAAA	14350	4.7861996	7.2304296	43
CAGCA	12620	3.351567	8.650754	10
TTCTT	10690	3.1100435	6.6315494	6
CTTCT	11455	3.044192	5.6919007	5
TCTTC	10380	2.7585084	5.9031224	7
AGCAG	9200	2.624124	8.312207	17
CAAAA	8290	2.5024998	8.733197	13
AAAAG	6925	2.2451596	8.689739	14
CTCCT	8805	2.1374433	6.079971	1
TGAAG	6595	2.0593164	10.235809	6
TCAGC	7745	2.0379913	8.306164	9
GATGA	6445	2.012478	10.569791	4
TCCAG	7535	1.9827327	5.9450912	2
CTCCA	7815	1.9147052	8.008439	1
GCCAG	7410	1.9129134	5.917729	1
GCAGG	6525	1.8091125	6.9817643	18
AAGCA	6140	1.8016747	9.811417	8
CAGAA	6070	1.7811345	5.339727	12
GAAGC	6200	1.7684313	9.503697	7
AGCAC	6595	1.7514728	9.023549	9
AGCAA	5965	1.750324	7.9094553	11
ATGAA	5320	1.7089581	10.70251	5
ATCAG	5755	1.6731913	8.32346	8
TCAGG	5815	1.643382	5.0027194	8
AGCTC	6075	1.5985535	9.45166	17
TTTGT	4990	1.5591835	5.3163686	18
GTCCA	5795	1.5248753	5.1941924	1
AGATG	4850	1.5144328	10.0035	3
GCAAA	5010	1.4700961	7.293286	12
GATCA	4920	1.430426	7.9776597	7
TGAGA	4370	1.3645507	9.875265	1
AAAGC	4635	1.360059	6.971062	15
TGTAG	4395	1.3597513	10.365492	14
GAACT	4610	1.3402975	6.104164	14
TGATC	4590	1.3222249	7.6293826	6
CACTG	4905	1.290684	9.185794	11
AACTT	4320	1.2802296	6.1105037	15
AGAAC	4260	1.2500218	5.1587625	13
GCACT	4640	1.2209529	8.918777	10
CTGTA	3750	1.080249	9.35957	13
GAGAT	3445	1.0757157	9.717015	2
GTGAT	3470	1.0735692	8.902201	5
ACTGT	3680	1.0600843	9.90881	12
GTAGC	3415	0.9651161	8.994195	15
GCGTG	2840	0.7801816	6.2609563	3
TAGCT	2620	0.75473404	9.077615	16
CGCGT	2925	0.74816144	10.249415	2
CGTGA	2240	0.63304836	6.458821	4
ACGCG	1915	0.49436292	9.917676	1
>>END_MODULE
