##FastQC	0.10.1
>>Basic Statistics	pass
#Measure	Value	
Filename	Sample_8_L001_poly.fastq	
File type	Conventional base calls	
Encoding	Sanger / Illumina 1.9	
Total Sequences	14130717	
Filtered Sequences	0	
Sequence length	20-39	
%GC	53	
>>END_MODULE
>>Per base sequence quality	pass
#Base	Mean	Median	Lower Quartile	Upper Quartile	10th Percentile	90th Percentile
1	37.6709936940921	39.0	38.0	39.0	35.0	39.0
2	39.04273031580775	41.0	38.0	41.0	36.0	41.0
3	39.00802542432914	41.0	38.0	41.0	35.0	41.0
4	38.93459397707844	40.0	38.0	41.0	35.0	41.0
5	38.94983467576345	40.0	38.0	41.0	35.0	41.0
6	38.95611609800125	40.0	38.0	41.0	35.0	41.0
7	38.99787463014085	40.0	39.0	41.0	35.0	41.0
8	38.98341358049984	40.0	39.0	41.0	35.0	41.0
9	38.949718545775134	40.0	39.0	41.0	35.0	41.0
10	38.84630836496124	40.0	38.0	41.0	35.0	41.0
11	38.856672948725816	40.0	38.0	41.0	35.0	41.0
12	38.88327584509689	40.0	38.0	41.0	35.0	41.0
13	38.85631840196078	40.0	38.0	41.0	35.0	41.0
14	38.799420369115026	40.0	38.0	41.0	35.0	41.0
15	38.74749533233169	40.0	38.0	41.0	35.0	41.0
16	38.716055951017914	40.0	38.0	41.0	34.0	41.0
17	38.67073482541615	40.0	38.0	41.0	34.0	41.0
18	38.6407518457839	40.0	38.0	41.0	34.0	41.0
19	38.563835225063244	40.0	38.0	41.0	34.0	41.0
20	38.52308421433958	40.0	38.0	41.0	34.0	41.0
21	38.475535188433824	40.0	38.0	41.0	34.0	41.0
22	38.42300361090361	40.0	38.0	41.0	34.0	41.0
23	38.35395936130453	40.0	38.0	41.0	34.0	41.0
24	38.29672107741815	40.0	38.0	41.0	33.0	41.0
25	38.23676954279193	40.0	38.0	41.0	33.0	41.0
26	38.17604663590667	40.0	37.0	41.0	33.0	41.0
27	38.09534235558725	40.0	37.0	41.0	33.0	41.0
28	37.9953551756361	40.0	37.0	41.0	33.0	41.0
29	37.91575984925355	40.0	37.0	41.0	33.0	41.0
30	37.833088283171264	40.0	37.0	41.0	33.0	41.0
31	37.76826747380421	40.0	36.0	41.0	33.0	41.0
32	37.68179159318593	40.0	36.0	41.0	33.0	41.0
33	37.61295961932611	40.0	36.0	41.0	33.0	41.0
34	37.53276494317673	39.0	35.0	41.0	33.0	41.0
35	37.4420681180163	39.0	35.0	41.0	32.0	41.0
36	37.345404261341095	39.0	35.0	41.0	32.0	41.0
37	37.22369418535914	39.0	35.0	41.0	32.0	41.0
38	37.174941267966666	39.0	35.0	41.0	32.0	41.0
39	37.27534029330667	39.0	35.0	41.0	32.0	41.0
>>END_MODULE
>>Per sequence quality scores	pass
#Quality	Count
9	1.0
10	6.0
11	15.0
12	60.0
13	119.0
14	234.0
15	423.0
16	789.0
17	1335.0
18	2266.0
19	3891.0
20	6569.0
21	10515.0
22	16530.0
23	23852.0
24	33724.0
25	46178.0
26	61080.0
27	78893.0
28	99987.0
29	124463.0
30	154537.0
31	190793.0
32	237622.0
33	301022.0
34	405586.0
35	548065.0
36	768825.0
37	1108811.0
38	1588867.0
39	2453078.0
40	5858209.0
41	4372.0
>>END_MODULE
>>Per base sequence content	pass
#Base	G	A	T	C
1	25.005258064086956	24.277868942717248	24.61070510710174	26.106167886094056
2	24.673287940489917	24.047105896623066	24.948985242431114	26.3306209204559
3	25.293953590606904	23.671863218264157	24.052268543768868	26.98191464736007
4	25.871325631010965	23.88823934301483	23.251065284339905	26.9893697416343
5	25.38026561288654	24.17230126005655	23.488485897564278	26.958947229492637
6	25.330860799976453	24.00985201316055	23.418056098502017	27.241231088360983
7	25.697238151468184	23.959166403233468	23.086422295485782	27.25717314981257
8	25.77936420352909	23.783386221661644	23.603105206904928	26.834144367904333
9	25.45750124268683	23.632690646276412	23.51922116655174	27.39058694448502
10	25.96807371343338	24.409224143354574	22.680976402085317	26.94172574112673
11	25.55119476278373	24.636025089462933	23.165589733511677	26.647190414241663
12	25.58144982361823	24.124807016093737	23.10093079527769	27.192812365010337
13	25.98837467276035	24.26799976420133	22.5939566046945	27.149668958343813
14	25.72283669136086	24.17994955103478	23.01864958576763	27.078564171836728
15	25.473457780840015	23.794749013185108	23.358241281681416	27.37355192429346
16	25.922418902541512	23.97939191281194	22.818538078430333	27.279651106216217
17	25.659689565344774	24.023350891086025	23.19108085978496	27.125878683784237
18	25.448567498932288	23.73878019532642	23.194964440910766	27.617687864830526
19	25.962304117540658	23.93161455636775	22.734820462840112	27.37126086325147
20	25.40851153329434	24.267991208845956	23.33107204183158	26.992425216028117
21	25.400743475478897	23.817786221072122	23.40116674122184	27.380303562227144
22	25.906511412331962	24.250349703123128	22.71755307562118	27.12558580892373
23	25.782207986200483	24.29483010302548	23.052852469881717	26.870109440892325
24	25.66059167353243	23.871040895913527	22.89730067692538	27.57106675362867
25	26.001841069015857	24.01805165761387	22.40759800143273	27.57250927193754
26	25.65707990755028	24.086324772029453	22.92402720423502	27.33256811618525
27	25.575031377529374	23.919819290386794	22.94557208345306	27.559577248630774
28	25.81183130051124	24.1648981754079	22.39826070832482	27.62500981575604
29	25.604695818474433	24.14154417650482	22.98474188411346	27.269018120907283
30	25.645651303046858	23.840654948243888	22.765089000746812	27.748604747962442
31	25.893914586440186	24.20365356344498	22.544977227220265	27.35745462289457
32	25.51728764638661	23.969010528426836	23.13203641741494	27.38166540777161
33	25.493774446116362	23.62759245855149	22.884454781677483	27.99417831365466
34	26.176271154903795	23.686113952816832	22.486521727151164	27.65109316512821
35	26.11059375781774	23.693126364428085	22.701015813688144	27.495264064066028
36	25.3575813417658	23.47613838427719	22.650046783853416	28.516233490103595
37	26.113477728744833	22.81505888733353	21.84255077414537	29.22891260977627
38	27.285554789316958	21.95613268522577	22.081204849700903	28.677107675756364
39	26.82079580740658	22.879592210558545	21.1203413517654	29.179270630269478
>>END_MODULE
>>Per base GC content	pass
#Base	%GC
1	51.11142595018101
2	51.00390886094582
3	52.275868237966975
4	52.86069537264526
5	52.33921284237917
6	52.57209188833743
7	52.95441130128074
8	52.61350857143342
9	52.84808818717185
10	52.909799454560115
11	52.198385177025386
12	52.774262188628576
13	53.13804363110417
14	52.80140086319759
15	52.84700970513347
16	53.20207000875773
17	52.785568249129014
18	53.066255363762814
19	53.33356498079213
20	52.400936749322454
21	52.78104703770604
22	53.03209722125569
23	52.65231742709281
24	53.2316584271611
25	53.5743503409534
26	52.989648023735526
27	53.13460862616014
28	53.43684111626729
29	52.873713939381716
30	53.3942560510093
31	53.251369209334754
32	52.89895305415821
33	53.48795275977103
34	53.827364320032004
35	53.605857821883774
36	53.873814831869396
37	55.3423903385211
38	55.96266246507332
39	56.000066437676054
>>END_MODULE
>>Per sequence GC content	pass
#GC Content	Count
0	2085.0
1	1380.5
2	551.0
3	426.0
4	486.0
5	539.5
6	721.5
7	959.5
8	1025.0
9	1392.5
10	1847.5
11	1986.0
12	3025.0
13	4264.5
14	6717.5
15	9241.5
16	10641.0
17	15282.5
18	19280.5
19	25346.0
20	30644.5
21	31343.0
22	42170.0
23	52279.5
24	70550.5
25	88933.0
26	91544.5
27	114851.5
28	136558.0
29	174563.0
30	214419.0
31	217896.5
32	281228.5
33	347030.0
34	352146.5
35	403668.5
36	456895.0
37	535697.0
38	616965.5
39	625231.5
40	705515.5
41	786283.0
42	847792.5
43	910577.5
44	917417.0
45	990790.5
46	1064067.0
47	1114171.5
48	1161260.5
49	1161523.5
50	1192838.0
51	1222293.5
52	1221138.0
53	1211844.5
54	1200353.0
55	1153619.0
56	1105971.5
57	1097638.0
58	1046581.5
59	998217.0
60	924352.5
61	850145.0
62	846590.0
63	775106.0
64	702112.0
65	643136.5
66	586157.5
67	583745.0
68	523294.5
69	464915.0
70	462628.0
71	408697.5
72	353814.0
73	310956.5
74	269382.0
75	266524.0
76	229729.0
77	193467.0
78	167696.0
79	141282.5
80	139373.5
81	119369.5
82	99479.5
83	84791.0
84	70369.5
85	69440.5
86	59375.5
87	49580.0
88	41641.5
89	33765.0
90	33316.0
91	27044.5
92	20982.0
93	20511.5
94	16176.5
95	12183.0
96	8990.5
97	5848.0
98	5668.5
99	3820.0
100	2151.0
>>END_MODULE
>>Per base N content	pass
#Base	N-Count
1	2.901480512276907E-4
2	1.4153563474521498E-5
3	0.0
4	0.04471818379775067
5	1.4153563474521498E-5
6	7.076781737260749E-6
7	0.0
8	0.0
9	3.184551781767337E-4
10	7.359853006751179E-4
11	2.8307126949042995E-5
12	3.538390868630374E-5
13	1.273820712706935E-4
14	7.076781737260749E-6
15	0.0010898243875381553
16	0.0024202593541431763
17	0.001464893819612975
18	8.492138084712899E-5
19	3.4676230512577667E-4
20	0.0010544404788518516
21	0.0013801953294897843
22	0.0039005800891739155
23	0.0074557709224650805
24	0.0038880672877848257
25	0.004377908422373238
26	0.007306259919877754
27	0.0062031599392983585
28	0.00431981008157135
29	0.004373083980463389
30	0.010044165896353307
31	0.009377047449496453
32	0.005796800906522811
33	0.00763436881535858
34	0.0056461176607984255
35	0.007513127946115067
36	0.006372649447141204
37	0.009050981061421147
38	0.0
39	0.0
>>END_MODULE
>>Sequence Length Distribution	warn
#Length	Count
20	2282.0
21	2331.0
22	2816.0
23	3162.0
24	3796.0
25	5143.0
26	5473.0
27	7872.0
28	11673.0
29	18301.0
30	12271.0
31	13369.0
32	26662.0
33	41362.0
34	118457.0
35	344883.0
36	573040.0
37	43668.0
38	130314.0
39	1.2763842E7
>>END_MODULE
>>Sequence Duplication Levels	fail
#Total Duplicate Percentage	75.97234772109394
#Duplication Level	Relative count
1	100.0
2	43.39672217295629
3	23.545833743882813
4	15.343055145006076
5	11.125890892370348
6	9.124051630702532
7	7.2486616086970805
8	6.171379774690446
9	5.470161263835517
10++	107.01382730646698
>>END_MODULE
>>Overrepresented sequences	pass
>>END_MODULE
>>Kmer Content	warn
#Sequence	Count	Obs/Exp Overall	Obs/Exp Max	Max Obs/Exp Position
AAAAA	1688865	4.4333243	5.5476866	11
TTCTT	1407520	3.7443228	4.338318	35
CTTCT	1520980	3.4019747	3.714788	34
CAGCA	1729030	3.212905	3.6216118	27
TTTTT	984810	3.115891	4.135886	1
TCTTC	1373715	3.072587	3.4195685	35
>>END_MODULE
