##FastQC	0.10.1
>>Basic Statistics	pass
#Measure	Value	
Filename	Sample_5_L001_poly_any.fastq	
File type	Conventional base calls	
Encoding	Sanger / Illumina 1.9	
Total Sequences	16308554	
Filtered Sequences	0	
Sequence length	20-39	
%GC	54	
>>END_MODULE
>>Per base sequence quality	pass
#Base	Mean	Median	Lower Quartile	Upper Quartile	10th Percentile	90th Percentile
1	37.48117963125364	39.0	37.0	39.0	34.0	39.0
2	38.81085355574749	40.0	38.0	41.0	34.0	41.0
3	38.77517326183548	40.0	38.0	41.0	34.0	41.0
4	38.71543393730676	40.0	38.0	41.0	34.0	41.0
5	38.725944249870345	40.0	38.0	41.0	34.0	41.0
6	38.72005298569082	40.0	38.0	41.0	34.0	41.0
7	38.75849348752808	40.0	38.0	41.0	34.0	41.0
8	38.74392082829661	40.0	38.0	41.0	34.0	41.0
9	38.704459573791766	40.0	38.0	41.0	34.0	41.0
10	38.605592316768245	40.0	38.0	41.0	34.0	41.0
11	38.60390669828852	40.0	38.0	41.0	34.0	41.0
12	38.628864275765956	40.0	38.0	41.0	34.0	41.0
13	38.60367571521056	40.0	38.0	41.0	34.0	41.0
14	38.534371348925234	40.0	38.0	41.0	34.0	41.0
15	38.47941577162512	40.0	38.0	41.0	34.0	41.0
16	38.44636195213874	40.0	38.0	41.0	34.0	41.0
17	38.395766295405465	40.0	38.0	41.0	34.0	41.0
18	38.3618758597482	40.0	38.0	41.0	34.0	41.0
19	38.27738473932146	40.0	38.0	41.0	33.0	41.0
20	38.23905368924799	40.0	38.0	41.0	33.0	41.0
21	38.19477223714309	40.0	38.0	41.0	33.0	41.0
22	38.13627989701057	40.0	38.0	41.0	33.0	41.0
23	38.064818776525904	40.0	37.0	41.0	33.0	41.0
24	38.00584399484591	40.0	37.0	41.0	33.0	41.0
25	37.938647205604305	40.0	37.0	41.0	33.0	41.0
26	37.8733461147923	40.0	37.0	41.0	33.0	41.0
27	37.79298715831495	40.0	37.0	41.0	33.0	41.0
28	37.690789664321166	40.0	36.0	41.0	32.0	41.0
29	37.60245740341452	40.0	36.0	41.0	32.0	41.0
30	37.51132414117873	40.0	36.0	41.0	32.0	41.0
31	37.44447778000039	40.0	35.0	41.0	32.0	41.0
32	37.346621802649835	39.0	35.0	41.0	32.0	41.0
33	37.277250705251376	39.0	35.0	41.0	32.0	41.0
34	37.19456375203953	39.0	35.0	41.0	31.0	41.0
35	37.1001261751051	39.0	35.0	41.0	31.0	41.0
36	37.00105864730841	39.0	35.0	41.0	31.0	41.0
37	36.90668606631622	39.0	35.0	41.0	31.0	41.0
38	36.87394352613313	39.0	35.0	41.0	31.0	41.0
39	37.02057936309967	38.0	35.0	41.0	31.0	41.0
>>END_MODULE
>>Per sequence quality scores	pass
#Quality	Count
9	3.0
10	9.0
11	32.0
12	84.0
13	186.0
14	395.0
15	728.0
16	1402.0
17	2483.0
18	4158.0
19	7016.0
20	11509.0
21	18160.0
22	27531.0
23	39229.0
24	53811.0
25	71822.0
26	92827.0
27	117550.0
28	144761.0
29	176152.0
30	212700.0
31	256479.0
32	310383.0
33	385180.0
34	505866.0
35	667810.0
36	911200.0
37	1285562.0
38	1802829.0
39	2727664.0
40	6466988.0
41	6045.0
>>END_MODULE
>>Per base sequence content	pass
#Base	G	A	T	C
1	25.485827866774702	23.559501351254074	24.524988542822374	26.429682239148853
2	25.212560230661772	23.269960046733758	24.716507668307074	26.800972054297397
3	25.905478805784988	22.80372619178868	23.931195861999782	27.35959914042655
4	26.48250114633094	23.04833402152024	22.983901577049686	27.485263255099134
5	26.153606260861633	23.319798922700322	23.12421444598951	27.402380370448537
6	26.01080390082407	23.05686941956963	22.96660390614643	27.965722773459866
7	26.385552023802965	22.9483496820135	22.628284518664255	28.037813775519275
8	26.523553222437744	22.706924231296043	23.225676537601064	27.543846008665145
9	26.15920454995581	22.546309133231553	23.098473353308943	28.19601296350369
10	26.654380271849977	23.395194938803282	22.29804677962252	27.65237800972422
11	26.352287272065933	23.53065146057707	22.769645917105834	27.347415350251165
12	26.252296800807724	23.052436163255187	22.72268283257976	27.972584203357332
13	26.662235045485943	23.28907884782428	22.30959899939627	27.739087107293507
14	26.451768807951947	23.182999547354104	22.69803319166126	27.667198453032682
15	26.217284499901094	22.820729538621265	22.951151892436325	28.010834069041312
16	26.68034210758354	23.066054783275085	22.469558000053226	27.78404510908815
17	26.448206260346563	23.054054945643863	22.7960492389454	27.701689555064167
18	26.21377713805896	22.893323344301404	22.740379067328718	28.152520450310924
19	26.698326534651695	23.020287390286104	22.318483907279578	27.962902167782627
20	26.32861257963152	23.20204476742696	22.876031805149616	27.5933108477919
21	26.20911766544443	22.778646809105606	22.970094677767747	28.042140847682212
22	26.770796958693943	23.16484084048063	22.125355361381242	27.93900683944419
23	26.72913119032236	23.121851036535173	22.635025597774455	27.513992175368017
24	26.662212978140193	22.69642456883328	22.326979209580898	28.31438324344563
25	26.98332492429188	22.950603736031074	21.81673936916015	28.249331970516895
26	26.671020521183088	22.925644698768718	22.40832021977748	27.995014560270715
27	26.503239879337688	22.63648887222779	22.379357409297757	28.480913839136768
28	26.825112499453883	23.009837981212662	21.823585939322545	28.341463580010913
29	26.679600752504463	22.890225333909545	22.429818359151017	28.00035555443498
30	26.569281082078923	22.738453875515034	22.146405649799473	28.54585939260657
31	26.937688859142206	23.01040162647425	21.812638972435717	28.239270541947832
32	26.57130345896672	22.793207358603183	22.476467801331438	28.159021381098658
33	26.594786600763378	22.516632194728597	22.244828485549814	28.643752718958215
34	27.33406477035257	22.577522088346747	21.694459613555598	28.393953527745087
35	27.40628316427964	22.56721574904772	21.789353911461966	28.237147175210676
36	26.573264436995814	22.30833375812284	21.964688900045072	29.153712904836276
37	26.86333078165563	22.03536349333972	21.453934551910354	29.6473711730943
38	28.57903444698105	20.695366386870923	21.09694760880835	29.628651557339676
39	27.10713591641447	22.58623028868943	20.813878562724682	29.492755232171426
>>END_MODULE
>>Per base GC content	pass
#Base	%GC
1	51.91551010592356
2	52.013532284959176
3	53.265077946211534
4	53.967764401430074
5	53.55598663131017
6	53.976526674283946
7	54.42336579932224
8	54.0673992311029
9	54.3552175134595
10	54.3067582815742
11	53.699702622317105
12	54.22488100416505
13	54.40132215277945
14	54.11896726098463
15	54.228118568942406
16	54.464387216671696
17	54.14989581541073
18	54.36629758836988
19	54.661228702434315
20	53.92192342742342
21	54.25125851312664
22	54.70980379813813
23	54.24312336569037
24	54.97659622158583
25	55.23265689480878
26	54.6660350814538
27	54.984153718474445
28	55.16657607946479
29	54.67995630693944
30	55.11514047468549
31	55.17695940109003
32	54.73032484006538
33	55.23853931972159
34	55.72801829809766
35	55.643430339490315
36	55.7269773418321
37	56.51070195474993
38	58.20768600432073
39	56.59989114858589
>>END_MODULE
>>Per sequence GC content	pass
#GC Content	Count
0	5655.0
1	3933.0
2	1691.5
3	1173.5
4	1160.0
5	1099.0
6	1154.5
7	1259.5
8	1291.0
9	1606.5
10	1964.5
11	2106.0
12	2992.5
13	4083.5
14	5625.0
15	7181.5
16	7841.0
17	10463.0
18	13478.5
19	18257.0
20	22891.5
21	24306.0
22	32038.0
23	40194.5
24	53276.5
25	66766.5
26	69942.5
27	87617.5
28	107734.5
29	141773.5
30	175732.5
31	183711.5
32	236366.5
33	291103.5
34	302412.0
35	358205.5
36	415918.5
37	507148.5
38	601569.5
39	620315.0
40	719573.5
41	819582.0
42	918004.0
43	1020026.0
44	1040517.0
45	1135593.5
46	1230415.0
47	1320964.5
48	1406051.5
49	1413039.5
50	1471103.5
51	1526657.5
52	1528398.0
53	1530766.0
54	1532786.0
55	1486878.5
56	1436138.0
57	1421270.0
58	1356035.0
59	1293509.0
60	1197841.5
61	1099533.5
62	1085694.5
63	1000342.5
64	912116.0
65	838262.0
66	765039.0
67	752090.5
68	680402.0
69	609744.0
70	599855.0
71	532551.0
72	463655.5
73	406472.5
74	351552.5
75	344275.0
76	301213.5
77	258558.0
78	224001.5
79	189720.5
80	185017.0
81	157774.5
82	131459.0
83	111686.5
84	92658.0
85	90291.5
86	76115.5
87	62771.5
88	52010.5
89	41458.5
90	40640.0
91	32904.5
92	25542.5
93	24659.5
94	19403.5
95	14777.0
96	10868.0
97	7101.0
98	6847.0
99	4782.5
100	2972.0
>>END_MODULE
>>Per base N content	pass
#Base	N-Count
1	0.0
2	0.0
3	0.0
4	0.0
5	0.0
6	0.0
7	0.0
8	0.0
9	0.0
10	0.0
11	0.0
12	0.0
13	0.0
14	0.0
15	0.0
16	0.0
17	0.0
18	0.0
19	0.0
20	0.0
21	0.0
22	0.0
23	0.0
24	0.0
25	0.0
26	0.0
27	0.0
28	0.0
29	0.0
30	0.0
31	0.0
32	0.0
33	0.0
34	0.0
35	0.0
36	0.0
37	0.0
38	0.0
39	0.0
>>END_MODULE
>>Sequence Length Distribution	warn
#Length	Count
20	87428.0
21	81218.0
22	83434.0
23	84694.0
24	82137.0
25	86022.0
26	86369.0
27	84065.0
28	85638.0
29	92558.0
30	92682.0
31	89193.0
32	74280.0
33	137161.0
34	228321.0
35	453683.0
36	464643.0
37	275197.0
38	173768.0
39	1.3466063E7
>>END_MODULE
>>Sequence Duplication Levels	fail
#Total Duplicate Percentage	74.75937485608544
#Duplication Level	Relative count
1	100.0
2	45.18071289953391
3	25.269949742075667
4	16.422564646950523
5	12.197913383867704
6	9.656819652009487
7	7.654796065617277
8	6.48874587404004
9	5.593060093881139
10++	103.27091177495065
>>END_MODULE
>>Overrepresented sequences	pass
>>END_MODULE
>>Kmer Content	warn
#Sequence	Count	Obs/Exp Overall	Obs/Exp Max	Max Obs/Exp Position
CAGCA	1963310	3.2671874	3.6091583	27
>>END_MODULE
