##FastQC	0.10.1
>>Basic Statistics	pass
#Measure	Value	
Filename	Sample_8_L001_shorten.fastq	
File type	Conventional base calls	
Encoding	Sanger / Illumina 1.9	
Total Sequences	14159963	
Filtered Sequences	0	
Sequence length	8-39	
%GC	52	
>>END_MODULE
>>Per base sequence quality	pass
#Base	Mean	Median	Lower Quartile	Upper Quartile	10th Percentile	90th Percentile
1	37.6627570990122	39.0	38.0	39.0	35.0	39.0
2	39.03354210741935	41.0	38.0	41.0	36.0	41.0
3	38.99870324519916	41.0	38.0	41.0	35.0	41.0
4	38.92528158442222	40.0	38.0	41.0	35.0	41.0
5	38.93946495481662	40.0	38.0	41.0	35.0	41.0
6	38.94512323231353	40.0	38.0	41.0	35.0	41.0
7	38.986687535836076	40.0	39.0	41.0	35.0	41.0
8	38.971851550742045	40.0	39.0	41.0	35.0	41.0
9	38.93821920959274	40.0	39.0	41.0	35.0	41.0
10	38.83533282369279	40.0	38.0	41.0	35.0	41.0
11	38.845873644187385	40.0	38.0	41.0	35.0	41.0
12	38.873016375396304	40.0	38.0	41.0	35.0	41.0
13	38.846921242469946	40.0	38.0	41.0	35.0	41.0
14	38.790908505684165	40.0	38.0	41.0	35.0	41.0
15	38.740067701090176	40.0	38.0	41.0	34.0	41.0
16	38.70977619846123	40.0	38.0	41.0	34.0	41.0
17	38.66537619209432	40.0	38.0	41.0	34.0	41.0
18	38.63632483493856	40.0	38.0	41.0	34.0	41.0
19	38.56049469645844	40.0	38.0	41.0	34.0	41.0
20	38.521028862573395	40.0	38.0	41.0	34.0	41.0
21	38.473447542032176	40.0	38.0	41.0	34.0	41.0
22	38.420972350010686	40.0	38.0	41.0	34.0	41.0
23	38.351698898179315	40.0	38.0	41.0	34.0	41.0
24	38.29430158082465	40.0	38.0	41.0	33.0	41.0
25	38.23381966031077	40.0	38.0	41.0	33.0	41.0
26	38.17250392901848	40.0	37.0	41.0	33.0	41.0
27	38.09159579819651	40.0	37.0	41.0	33.0	41.0
28	37.99147197927446	40.0	37.0	41.0	33.0	41.0
29	37.9113514301016	40.0	37.0	41.0	33.0	41.0
30	37.82861073204698	40.0	37.0	41.0	33.0	41.0
31	37.7639563406448	40.0	36.0	41.0	33.0	41.0
32	37.67719658942827	40.0	36.0	41.0	33.0	41.0
33	37.60873652433638	40.0	36.0	41.0	33.0	41.0
34	37.53005924295914	39.0	35.0	41.0	33.0	41.0
35	37.441266703743594	39.0	35.0	41.0	32.0	41.0
36	37.351393148527166	39.0	35.0	41.0	32.0	41.0
37	37.260492445127376	39.0	35.0	41.0	32.0	41.0
38	37.22735313152937	39.0	35.0	41.0	32.0	41.0
39	37.32701117395453	39.0	35.0	41.0	32.0	41.0
>>END_MODULE
>>Per sequence quality scores	pass
#Quality	Count
9	1.0
10	6.0
11	13.0
12	61.0
13	114.0
14	235.0
15	432.0
16	790.0
17	1351.0
18	2247.0
19	3903.0
20	6723.0
21	10844.0
22	17090.0
23	24658.0
24	34819.0
25	47445.0
26	62482.0
27	80408.0
28	101489.0
29	125993.0
30	155909.0
31	192153.0
32	238929.0
33	302573.0
34	406966.0
35	549776.0
36	771499.0
37	1112379.0
38	1593255.0
39	2455655.0
40	5855450.0
41	4315.0
>>END_MODULE
>>Per base sequence content	pass
#Base	G	A	T	C
1	25.000377826940007	24.29434286431804	24.61151269053601	26.093766618205947
2	24.669029808768542	24.05366088225808	24.955909129975712	26.321400178997667
3	25.28819460898309	23.691092978138432	24.04922244500215	26.971489967876327
4	25.867792973324523	23.898673379665365	23.25819480296051	26.975338844049602
5	25.378445604475885	24.191288379960934	23.48439377763823	26.945872237924952
6	25.334121659366033	24.0149302660558	23.42184251624404	27.229105558334126
7	25.70832988758516	23.964603579825738	23.083534893417447	27.243531639171657
8	25.789419491379988	23.781391503734262	23.607436234645263	26.821752770240487
9	25.461803851219884	23.648460536119753	23.514999134835072	27.374736477825294
10	25.97392479382256	24.417614385841315	22.681866620349922	26.926594199986198
11	25.558794822983348	24.64802546788954	23.1595282814748	26.633651427652318
12	25.591593200567324	24.128396332332684	23.09973671174245	27.180273755357536
13	25.993990291966618	24.2811125753024	22.58838544683823	27.136511685892746
14	25.72513806298578	24.192086329715156	23.016572363433674	27.066203243865388
15	25.472111016417248	23.812004092527534	23.354517070372776	27.361367820682446
16	25.919159147696952	23.997024219741228	22.817759965506397	27.266056667055427
17	25.655418029536243	24.043995444651884	23.189641460736983	27.110945065074887
18	25.44507962130523	23.758551786388082	23.195044324318822	27.60132426798787
19	25.95831808051916	23.95147317613053	22.735318602149494	27.354890141200812
20	25.39536190266786	24.296032508874006	23.333231729547034	26.975373858911095
21	25.387298930669388	23.846845775659915	23.403118026856234	27.362737266814463
22	25.89175124264072	24.280937969129592	22.71947659817109	27.107834190058593
23	25.76599721971458	24.328049338107814	23.054235378346522	26.851718063831086
24	25.644056071492393	23.905273643107748	22.898753907860307	27.551916377539555
25	25.983255812109817	24.056620234154185	22.409424889518895	27.550699064217106
26	25.637074007502274	24.132265202453105	22.92396615771453	27.306694632330093
27	25.55454610927386	23.97053534180489	22.945895040546905	27.52902350837434
28	25.779559920018947	24.233541451158732	22.398563191501104	27.58833543732122
29	25.560360069247356	24.23492371240096	22.984361237070154	27.22035498128153
30	25.587689182173346	23.96054715281702	22.76713143032527	27.684632234684358
31	25.833302407141062	24.325811965108443	22.552666122791436	27.28821950495906
32	25.447275387641984	24.107179555364297	23.147245352651325	27.298299704342394
33	25.393119467097975	23.809871251007856	22.92037267392282	27.87663660797135
34	26.02779242287463	23.935348873233156	22.552548278856772	27.484310425035442
35	25.884843299807127	24.055947376354773	22.811893694378632	27.247315629459468
36	24.949735000769948	24.08766879564567	22.920999751695128	28.041596451889255
37	25.118093615705583	24.145094086920587	22.63018243601807	28.106629861355763
38	26.242004426969363	23.319836269396514	22.85936165765491	27.578797645979215
39	25.79599528772296	24.20207616815157	21.93859063501986	28.063337909105606
>>END_MODULE
>>Per base GC content	pass
#Base	%GC
1	51.09414444514595
2	50.990429987766205
3	52.25968457685942
4	52.84313181737412
5	52.32431784240084
6	52.56322721770016
7	52.951861526756815
8	52.611172261620474
9	52.83654032904518
10	52.90051899380877
11	52.19244625063566
12	52.771866955924864
13	53.13050197785937
14	52.791341306851166
15	52.83347883709969
16	53.185215814752375
17	52.76636309461114
18	53.04640388929309
19	53.313208221719975
20	52.370735761578956
21	52.75003619748385
22	52.99958543269931
23	52.617715283545664
24	53.19597244903195
25	53.533954876326916
26	52.94376863983237
27	53.08356961764821
28	53.36789535734017
29	52.78071505052888
30	53.27232141685771
31	53.12152191210012
32	52.74557509198438
33	53.26975607506932
34	53.51210284791007
35	53.132158929266595
36	52.99133145265921
37	53.22472347706134
38	53.82080207294857
39	53.85933319682857
>>END_MODULE
>>Per sequence GC content	pass
#GC Content	Count
0	5995.0
1	5239.0
2	4212.0
3	3614.5
4	3136.0
5	2700.5
6	2190.5
7	1992.5
8	2019.0
9	2636.5
10	3310.0
11	3380.5
12	4802.0
13	6315.0
14	10348.5
15	14409.5
16	14618.0
17	17211.5
18	19893.5
19	26947.5
20	33921.0
21	34456.5
22	46071.5
23	57326.0
24	77329.0
25	97535.0
26	98821.5
27	122068.0
28	144709.5
29	186319.0
30	228873.0
31	230531.0
32	293901.0
33	358814.5
34	361172.5
35	412591.5
36	465517.0
37	544809.0
38	625117.5
39	629981.0
40	710583.5
41	792098.0
42	851954.5
43	911453.0
44	915178.5
45	985193.0
46	1056761.0
47	1103388.0
48	1147170.5
49	1148262.0
50	1178539.0
51	1209087.0
52	1210488.0
53	1199039.5
54	1186708.5
55	1138028.0
56	1087567.0
57	1082565.5
58	1031244.0
59	981352.5
60	909066.5
61	836562.0
62	834808.0
63	765426.0
64	694873.5
65	638036.0
66	582971.0
67	581292.5
68	521758.0
69	463948.5
70	461622.0
71	407641.0
72	352922.0
73	310411.5
74	269457.0
75	267072.0
76	230906.0
77	195197.5
78	169410.0
79	143075.0
80	141314.5
81	121309.0
82	101438.5
83	86773.5
84	72333.5
85	71428.5
86	61449.5
87	51702.5
88	43724.5
89	35791.5
90	35312.5
91	28954.5
92	22744.0
93	22242.5
94	17937.5
95	13852.5
96	10492.0
97	7212.0
98	6978.5
99	5133.5
100	3466.0
>>END_MODULE
>>Per base N content	pass
#Base	N-Count
1	2.895487791881942E-4
2	1.4124330692107033E-5
3	0.0
4	0.04468938230982666
5	1.4124330692107033E-5
6	7.062165346053517E-6
7	0.0
8	7.062165346053517E-6
9	4.025649176539336E-4
10	7.345830616023475E-4
11	3.814489507928734E-4
12	3.53236240936223E-5
13	1.413082729705606E-4
14	7.0663822306491185E-6
15	0.0010954182822908462
16	0.0024173212518161717
17	0.0014632887364869351
18	8.48399554335714E-5
19	3.4647956958469404E-4
20	0.0010537451020301073
21	0.001386342643496543
22	0.003919134530588845
23	0.007521177633871478
24	0.003899304253723411
25	0.004388402189133197
26	0.007376976004792628
27	0.006252683768004614
28	0.004377557692562423
29	0.004421657790046933
30	0.01011152817028494
31	0.009443718841403988
32	0.005841964842303151
33	0.007686425112588013
34	0.005675171529925969
35	0.007536464259927076
36	0.006301830922021901
37	0.008717460851131854
38	0.0
39	0.0
>>END_MODULE
>>Sequence Length Distribution	warn
#Length	Count
8	756.0
9	1516.0
10	1144.0
11	1714.0
12	1380.0
13	1940.0
14	1667.0
15	1954.0
16	1675.0
17	1938.0
18	2031.0
19	2206.0
20	2123.0
21	2145.0
22	2349.0
23	2699.0
24	2577.0
25	3120.0
26	3093.0
27	4475.0
28	5107.0
29	9639.0
30	8691.0
31	6298.0
32	10961.0
33	15516.0
34	75911.0
35	243300.0
36	286285.0
37	45676.0
38	135815.0
39	1.3274262E7
>>END_MODULE
>>Sequence Duplication Levels	fail
#Total Duplicate Percentage	75.90513191039095
#Duplication Level	Relative count
1	100.0
2	43.25298638307634
3	23.45027610729677
4	15.285037770167303
5	11.080341488193751
6	9.10580562701755
7	7.219755190325594
8	6.156291477542727
9	5.45168531961263
10++	106.72161502285873
>>END_MODULE
>>Overrepresented sequences	pass
>>END_MODULE
>>Kmer Content	warn
#Sequence	Count	Obs/Exp Overall	Obs/Exp Max	Max Obs/Exp Position
AAAAA	1962270	4.9609747	5.520317	11
TTCTT	1423140	3.7386072	4.1369615	1
TTTTT	1103330	3.4236135	4.352787	1
CTTCT	1531605	3.4063706	3.6466913	5
CAGCA	1735465	3.2058003	3.5599055	27
TCTTC	1378980	3.0669246	3.3298905	21
>>END_MODULE
