##FastQC	0.10.1
>>Basic Statistics	pass
#Measure	Value	
Filename	Sample_1_L001_poly.fastq	
File type	Conventional base calls	
Encoding	Sanger / Illumina 1.9	
Total Sequences	68859	
Filtered Sequences	0	
Sequence length	35-39	
%GC	53	
>>END_MODULE
>>Per base sequence quality	pass
#Base	Mean	Median	Lower Quartile	Upper Quartile	10th Percentile	90th Percentile
1	37.65808391059992	39.0	37.0	39.0	35.0	39.0
2	39.02743287006782	41.0	38.0	41.0	36.0	41.0
3	38.99738596261926	41.0	38.0	41.0	35.0	41.0
4	38.933922943986985	40.0	38.0	41.0	35.0	41.0
5	38.95669411405916	40.0	38.0	41.0	35.0	41.0
6	38.94722548976895	40.0	38.0	41.0	35.0	41.0
7	38.982631173848006	41.0	39.0	41.0	35.0	41.0
8	38.97785329441322	40.0	39.0	41.0	35.0	41.0
9	38.94925862995397	40.0	39.0	41.0	35.0	41.0
10	38.839294790804395	40.0	38.0	41.0	35.0	41.0
11	38.83434264221089	40.0	38.0	41.0	35.0	41.0
12	38.8485891459359	40.0	38.0	41.0	35.0	41.0
13	38.83986116557022	40.0	38.0	41.0	35.0	41.0
14	38.81011922914942	40.0	38.0	41.0	35.0	41.0
15	38.741297433886636	40.0	38.0	41.0	34.0	41.0
16	38.726818571283346	40.0	38.0	41.0	34.0	41.0
17	38.66977446666376	40.0	38.0	41.0	34.0	41.0
18	38.64380836201513	40.0	38.0	41.0	34.0	41.0
19	38.5693082966642	40.0	38.0	41.0	34.0	41.0
20	38.54842504247811	40.0	38.0	41.0	34.0	41.0
21	38.48725656776892	40.0	38.0	41.0	34.0	41.0
22	38.44740702014261	40.0	38.0	41.0	34.0	41.0
23	38.363205971623174	40.0	38.0	41.0	34.0	41.0
24	38.310663820270406	40.0	38.0	41.0	33.0	41.0
25	38.24919037453347	40.0	38.0	41.0	33.0	41.0
26	38.18367969328628	40.0	37.0	41.0	33.0	41.0
27	38.10952816625278	40.0	37.0	41.0	33.0	41.0
28	38.02968384670123	40.0	37.0	41.0	33.0	41.0
29	37.921186772970856	40.0	37.0	41.0	33.0	41.0
30	37.83903338706632	40.0	37.0	41.0	33.0	41.0
31	37.78804513571211	40.0	36.0	41.0	33.0	41.0
32	37.67472661525726	40.0	36.0	41.0	33.0	41.0
33	37.601083373270015	40.0	36.0	41.0	33.0	41.0
34	37.53732990603988	39.0	35.0	41.0	33.0	41.0
35	37.44456062388359	39.0	35.0	41.0	32.0	41.0
36	37.31745341708015	39.0	35.0	41.0	32.0	41.0
37	37.20994320826739	39.0	35.0	41.0	32.0	41.0
38	37.172680412371136	39.0	35.0	41.0	32.0	41.0
39	37.27136554017329	39.0	35.0	41.0	32.0	41.0
>>END_MODULE
>>Per sequence quality scores	pass
#Quality	Count
13	2.0
14	1.0
15	1.0
16	2.0
17	4.0
18	8.0
19	15.0
20	33.0
21	58.0
22	75.0
23	111.0
24	148.0
25	204.0
26	273.0
27	349.0
28	478.0
29	620.0
30	742.0
31	987.0
32	1231.0
33	1467.0
34	1990.0
35	2792.0
36	3789.0
37	5386.0
38	7685.0
39	11705.0
40	28695.0
41	8.0
>>END_MODULE
>>Per base sequence content	pass
#Base	G	A	T	C
1	25.248696611917104	23.812428295502404	24.438345023889397	26.50053006869109
2	25.454915116397274	24.1972726876661	24.131921753147736	26.215890442788886
3	25.86009091041113	24.056405117704294	23.607662034011533	26.475841937873046
4	26.211533713820995	23.761599790877007	23.084854557864624	26.94201193743737
5	26.082284087773566	23.89665838888163	23.18651156711541	26.834545956229395
6	26.28269362029655	23.293977548323387	22.984649791603132	27.438679039776936
7	26.445344835097806	23.055809698078683	22.35873306321614	28.14011240360737
8	26.364019227697177	23.532145398568087	22.82635530576976	27.27748006796497
9	26.53247941445563	22.7130803526046	23.07614109992884	27.678299133010935
10	26.949273152383856	23.418870445402927	22.290477642719182	27.341378759494038
11	25.733745770342292	23.77612222076998	23.46388997807113	27.026242030816594
12	26.205724741863808	23.2867163333769	22.958509417795785	27.549049506963506
13	26.404682031397492	23.56554698732192	22.69710567972233	27.332665301558258
14	26.429370162215545	23.433392875295894	22.95560493181719	27.18163203067137
15	25.919632872972304	22.968675118720864	23.24314904369799	27.86854296460884
16	26.51650474157336	23.529240912589493	22.33549717538739	27.618757170449758
17	26.34514006883632	23.460985492092536	22.78278801609085	27.41108642298029
18	25.971913620586996	23.18651156711541	22.95560493181719	27.885969880480406
19	26.567333246198753	23.1429442774365	22.65789511901131	27.631827357353433
20	25.804905676817846	23.68463091244427	23.47405567899621	27.036407731741676
21	26.364019227697177	23.427583903338707	23.116803903629155	27.09159296533496
22	26.480198666840938	23.806619323545217	22.27014624086902	27.443035768744828
23	26.699487358224776	23.523431940632307	22.9512482028493	26.825832498293618
24	26.411943246343977	23.50745726775004	22.843782221641327	27.23681726426466
25	26.519409227551954	23.479864650953395	22.52428876399599	27.476437357498657
26	26.586212405059616	23.314308950173544	22.968675118720864	27.130803526045977
27	25.998053994394343	23.270741660494636	23.103733716725483	27.62747062838554
28	26.77790847964682	23.414513716435035	22.283216427772697	27.524361376145457
29	26.547001844348593	23.49438708084637	22.758099885272802	27.200511189532232
30	25.90801492905793	23.202486239997675	23.068879884982355	27.82061894596204
31	26.847616143133067	23.203938482986974	22.653538390043423	27.294906983836537
32	26.6878694143104	22.978840819645942	23.089211286832512	27.244078479211144
33	26.581855676091728	23.13858754846861	22.556238109760525	27.72331866567914
34	26.973961283201902	23.118256146618453	21.9927678299133	27.915014740266344
35	26.98557922711628	23.247505772665882	22.05957100742096	27.707343992796872
36	26.101425594747337	23.203765608838385	21.977544259395284	28.717264537018995
37	26.68280420817429	22.806690872978926	21.788784408652205	28.721720510194583
38	28.018468155081905	21.21782303459617	21.356966668774906	29.406742141547028
39	26.77846340761582	23.36701090258017	21.46305591968539	28.391469770118615
>>END_MODULE
>>Per base GC content	pass
#Base	%GC
1	51.749226680608196
2	51.670805559186164
3	52.33593284828417
4	53.15354565125837
5	52.916830044002964
6	53.721372660073484
7	54.58545723870518
8	53.64149929566216
9	54.21077854746657
10	54.290651911877895
11	52.75998780115889
12	53.75477424882731
13	53.73734733295576
14	53.611002192886914
15	53.78817583758114
16	54.135261912023125
17	53.756226491816605
18	53.85788350106739
19	54.19916060355219
20	52.84131340855952
21	53.455612193032145
22	53.92323443558576
23	53.525319856518394
24	53.64876051060864
25	53.995846585050614
26	53.71701593110559
27	53.625524622779885
28	54.302269855792275
29	53.747513033880836
30	53.72863387501997
31	54.1425231269696
32	53.931947893521546
33	54.305174341770865
34	54.88897602346825
35	54.69292321991316
36	54.818690131766324
37	55.40452471836886
38	57.425210296628926
39	55.16993317773444
>>END_MODULE
>>Per sequence GC content	pass
#GC Content	Count
0	0.0
1	1.0
2	2.0
3	2.0
4	2.0
5	2.0
6	1.5
7	1.5
8	2.0
9	3.5
10	4.5
11	4.0
12	7.5
13	11.5
14	20.0
15	29.5
16	30.5
17	38.5
18	49.5
19	68.5
20	85.0
21	89.0
22	121.5
23	151.0
24	216.5
25	280.0
26	283.5
27	395.5
28	507.5
29	634.5
30	764.0
31	773.5
32	973.5
33	1191.5
34	1215.0
35	1545.0
36	1882.0
37	2259.5
38	2649.5
39	2695.0
40	3141.5
41	3599.0
42	4032.0
43	4453.5
44	4493.5
45	4868.0
46	5223.5
47	5520.5
48	5819.0
49	5824.5
50	5980.5
51	6142.0
52	6153.0
53	6184.0
54	6224.0
55	5975.5
56	5691.5
57	5645.5
58	5432.0
59	5237.5
60	4820.0
61	4355.5
62	4305.0
63	3975.5
64	3640.5
65	3302.0
66	2968.0
67	2937.5
68	2612.0
69	2307.5
70	2284.5
71	2014.0
72	1740.0
73	1516.0
74	1314.5
75	1321.5
76	1182.0
77	1023.0
78	844.0
79	671.5
80	654.5
81	571.0
82	493.0
83	406.5
84	322.0
85	317.5
86	286.5
87	256.5
88	201.5
89	148.0
90	146.0
91	121.5
92	99.0
93	100.0
94	74.0
95	47.0
96	33.5
97	20.0
98	20.0
99	14.0
100	8.0
>>END_MODULE
>>Per base N content	pass
#Base	N-Count
1	0.0
2	0.0
3	0.0
4	0.0
5	0.0
6	0.0
7	0.0
8	0.0
9	0.0
10	0.0
11	0.0
12	0.0
13	0.0
14	0.0
15	0.0
16	0.0
17	0.0
18	0.0
19	0.0
20	0.0
21	0.0
22	0.0
23	0.0
24	0.0
25	0.0
26	0.0
27	0.0
28	0.0
29	0.0
30	0.0
31	0.0
32	0.0
33	0.0
34	0.0
35	0.0
36	0.0
37	0.0
38	0.0
39	0.0
>>END_MODULE
>>Sequence Length Distribution	warn
#Length	Count
35	2150.0
36	2263.0
37	1202.0
38	690.0
39	62554.0
>>END_MODULE
>>Sequence Duplication Levels	warn
#Total Duplicate Percentage	27.845711464172645
#Duplication Level	Relative count
1	100.0
2	12.511069962160857
3	2.3770227839948475
4	0.6219306014008534
5	0.27574269382497385
6	0.09057241767973594
7	0.054343450607841556
8	0.022139924321713227
9	0.010063601964415103
10++	0.08453425650108687
>>END_MODULE
>>Overrepresented sequences	pass
>>END_MODULE
>>Kmer Content	warn
#Sequence	Count	Obs/Exp Overall	Obs/Exp Max	Max Obs/Exp Position
CAGCA	8020	3.0673068	4.1187525	12
AGCAG	6705	2.679867	6.6646423	5
CAAAA	3680	1.900935	8.254646	1
AAGCA	4005	1.8197826	6.945297	4
AAAAG	3240	1.7490255	8.251349	2
GCAGG	4730	1.6629269	5.312787	6
AAAGC	3445	1.5653311	7.2609925	3
>>END_MODULE
