##FastQC	0.10.1
>>Basic Statistics	pass
#Measure	Value	
Filename	Sample_7_L002_poly_any.fastq	
File type	Conventional base calls	
Encoding	Sanger / Illumina 1.9	
Total Sequences	14769468	
Filtered Sequences	0	
Sequence length	20-39	
%GC	54	
>>END_MODULE
>>Per base sequence quality	pass
#Base	Mean	Median	Lower Quartile	Upper Quartile	10th Percentile	90th Percentile
1	37.52100969378179	39.0	37.0	39.0	34.0	39.0
2	38.85458880441733	40.0	38.0	41.0	35.0	41.0
3	38.82616476097853	40.0	38.0	41.0	34.0	41.0
4	38.79557124197026	40.0	38.0	41.0	34.0	41.0
5	38.782460614018056	40.0	38.0	41.0	34.0	41.0
6	38.777147829562985	40.0	38.0	41.0	34.0	41.0
7	38.805240852277144	40.0	38.0	41.0	34.0	41.0
8	38.7216698665111	40.0	38.0	41.0	34.0	41.0
9	38.723012636609525	40.0	38.0	41.0	34.0	41.0
10	38.72665934886754	40.0	38.0	41.0	34.0	41.0
11	38.700047422154945	40.0	38.0	41.0	34.0	41.0
12	38.675921096142396	40.0	38.0	41.0	34.0	41.0
13	38.64053119584267	40.0	38.0	41.0	34.0	41.0
14	38.57935749615355	40.0	38.0	41.0	34.0	41.0
15	38.52458172494771	40.0	38.0	41.0	34.0	41.0
16	38.4755080548602	40.0	38.0	41.0	34.0	41.0
17	38.42533894924313	40.0	38.0	41.0	34.0	41.0
18	38.38932918910823	40.0	38.0	41.0	34.0	41.0
19	38.34114580159556	40.0	38.0	41.0	33.0	41.0
20	38.28347588416861	40.0	38.0	41.0	33.0	41.0
21	38.215714035022515	40.0	38.0	41.0	33.0	41.0
22	38.16025269904014	40.0	38.0	41.0	33.0	41.0
23	38.08767727552515	40.0	37.0	41.0	33.0	41.0
24	37.886626200376575	40.0	37.0	41.0	33.0	41.0
25	37.88624512293908	40.0	37.0	41.0	33.0	41.0
26	37.842745384663274	40.0	37.0	41.0	33.0	41.0
27	37.77121114354772	40.0	37.0	41.0	33.0	41.0
28	37.68813495853526	40.0	36.0	41.0	32.0	41.0
29	37.61890653174009	40.0	36.0	41.0	32.0	41.0
30	37.48226571228185	40.0	36.0	41.0	32.0	41.0
31	37.43710807205043	40.0	35.0	41.0	32.0	41.0
32	37.35337615538338	39.0	35.0	41.0	32.0	41.0
33	37.27742335605543	39.0	35.0	41.0	32.0	41.0
34	37.19413810809383	39.0	35.0	41.0	31.0	41.0
35	37.105194902294976	39.0	35.0	41.0	31.0	41.0
36	37.0190100499205	39.0	35.0	41.0	31.0	41.0
37	36.90640214022223	39.0	35.0	41.0	31.0	41.0
38	36.88022452817787	39.0	35.0	41.0	31.0	41.0
39	37.04135165560426	38.0	35.0	41.0	32.0	41.0
>>END_MODULE
>>Per sequence quality scores	pass
#Quality	Count
9	2.0
10	6.0
11	26.0
12	74.0
13	174.0
14	333.0
15	688.0
16	1316.0
17	2193.0
18	3944.0
19	6629.0
20	10456.0
21	16560.0
22	24806.0
23	35812.0
24	48761.0
25	65132.0
26	83825.0
27	105382.0
28	129149.0
29	157884.0
30	189770.0
31	227482.0
32	277108.0
33	341817.0
34	449784.0
35	595394.0
36	817169.0
37	1154283.0
38	1629503.0
39	2485075.0
40	5904135.0
41	4796.0
>>END_MODULE
>>Per base sequence content	pass
#Base	G	A	T	C
1	25.45910929222366	23.43737093306272	24.501999665797033	26.60152010891658
2	25.165341094208678	23.15497078161515	24.672032872138658	27.007655252037516
3	25.87562395612354	22.742139391886017	23.88025079847155	27.501985853518896
4	26.4086018534994	22.890181284796444	23.06299048821528	27.638226373488877
5	26.09882766258067	23.159784766790516	23.100994565274796	27.64039300535402
6	25.969208911248533	23.007301278556547	22.935633158892387	28.08785665130254
7	26.347333566787917	22.845853350980548	22.66032195607858	28.146491126152952
8	26.571078931211332	22.600793745583793	23.08341776426883	27.744709558936044
9	26.09760893215653	22.538015587291298	23.076525166647844	28.287850313904332
10	26.549527714877748	23.23873141537664	22.415032146046155	27.79670872369946
11	26.263491684331484	23.426429442143753	22.79628487634084	27.51379399718392
12	26.225006885826897	22.982743860510073	22.71860435325091	28.07364490041212
13	26.61906305629966	23.195811792273087	22.34006668351223	27.845058467915024
14	26.4139710380902	23.07033672438303	22.66879213252637	27.8469001050004
15	26.136865593263074	22.809169565213857	22.882056415302163	28.171908426220902
16	26.60389663324366	23.00961009563784	22.483802395590686	27.902690875527814
17	26.401472280518163	22.937948746698254	22.742945108110867	27.917633864672712
18	26.207037382795374	22.806359714513754	22.72924116156384	28.257361741127035
19	26.58083554532905	22.940657036529686	22.358957005086438	28.11955041305482
20	26.2913532159723	23.15484890857274	22.803001435122784	27.750796440332177
21	26.178280006681742	22.76590116602402	22.93679749295783	28.119021334336413
22	26.63436306839803	23.112580751583764	22.22046312968652	28.032593050331684
23	26.681305345038496	23.01166681715197	22.606408638356037	27.700619199453495
24	26.67131880138076	22.702281444840402	22.27854958477831	28.347850169000523
25	26.840517858102064	22.881123023299335	21.91314973132082	28.36520938727778
26	26.63916933406024	22.828424427854472	22.36664446953645	28.16576176854884
27	26.49439868545703	22.604575258674195	22.36312844648657	28.537897609382206
28	26.73546534027333	22.932104103871932	21.88304639831761	28.44938415753713
29	26.65196623692101	22.791917528373553	22.39116843704304	28.1649477976624
30	26.59474233117047	22.684336942859552	22.11397603857063	28.606944687399356
31	26.854454345176986	22.914777673294797	21.897857897684574	28.332910083843636
32	26.542684745524582	22.68546968877779	22.417586753894966	28.354258811802662
33	26.57142099803159	22.441466070636867	22.243005721493926	28.744107209837615
34	27.212665752671178	22.528066376326905	21.71873409597656	28.540533775025352
35	27.29537518780128	22.519994628669586	21.75516032714527	28.429469856383864
36	26.509540159714305	22.26895945740893	21.940495535047837	29.281004847828925
37	26.74586509963105	21.982464313972827	21.52658023681048	29.745090349585645
38	28.49610569844017	20.583630650484462	21.094786278883877	29.82547737219149
39	27.084229803324067	22.480082711660298	20.828828985162275	29.60685849985336
>>END_MODULE
>>Per base GC content	pass
#Base	%GC
1	52.06062940114025
2	52.172996346246194
3	53.377609809642436
4	54.046828226988275
5	53.73922066793468
6	54.05706556255107
7	54.493824692940876
8	54.315788490147376
9	54.38545924606086
10	54.3462364385772
11	53.77728568151541
12	54.29865178623901
13	54.46412152421468
14	54.2608711430906
15	54.30877401948398
16	54.506587508771474
17	54.31910614519088
18	54.464399123922405
19	54.700385958383876
20	54.04214965630448
21	54.297301341018155
22	54.666956118729715
23	54.38192454449199
24	55.01916897038128
25	55.20572724537984
26	54.804931102609075
27	55.032296294839234
28	55.18484949781046
29	54.816914034583405
30	55.20168701856982
31	55.187364429020626
32	54.89694355732725
33	55.3155282078692
34	55.75319952769653
35	55.724845044185145
36	55.79054500754324
37	56.4909554492167
38	58.321583070631654
39	56.69108830317743
>>END_MODULE
>>Per sequence GC content	pass
#GC Content	Count
0	4894.0
1	3490.5
2	1557.0
3	1022.5
4	1043.0
5	1016.5
6	1069.5
7	1150.0
8	1165.0
9	1479.0
10	1854.5
11	1998.0
12	2729.0
13	3654.5
14	4938.0
15	6260.0
16	6845.5
17	9264.0
18	12042.0
19	16311.0
20	20399.0
21	21623.5
22	28385.0
23	35452.0
24	46935.0
25	58788.5
26	61818.5
27	78225.0
28	96398.5
29	126498.0
30	156793.0
31	164190.5
32	211338.0
33	260567.0
34	271011.0
35	323125.5
36	377171.0
37	459576.5
38	544865.5
39	562106.0
40	652637.0
41	743255.5
42	833066.0
43	926406.5
44	944719.0
45	1032686.0
46	1120364.0
47	1200796.5
48	1276658.0
49	1283051.5
50	1332534.5
51	1379984.0
52	1381761.5
53	1379972.5
54	1377690.5
55	1336457.5
56	1289992.0
57	1274866.5
58	1213165.0
59	1154949.5
60	1071863.0
61	986295.0
62	973920.5
63	897102.5
64	817678.0
65	753049.5
66	689388.0
67	677870.0
68	614345.0
69	552030.0
70	543336.0
71	486172.5
72	427905.5
73	376577.0
74	326705.5
75	320107.0
76	281192.5
77	242614.5
78	211032.5
79	179570.0
80	175266.5
81	149775.5
82	125164.5
83	106849.0
84	89189.5
85	86953.0
86	73154.0
87	60247.5
88	50260.0
89	40401.5
90	39597.5
91	32182.5
92	25098.0
93	24271.0
94	19204.5
95	14677.5
96	10928.5
97	7304.0
98	7080.5
99	4998.5
100	3140.0
>>END_MODULE
>>Per base N content	pass
#Base	N-Count
1	0.0
2	0.0
3	0.0
4	0.0
5	0.0
6	0.0
7	0.0
8	0.0
9	0.0
10	0.0
11	0.0
12	0.0
13	0.0
14	0.0
15	0.0
16	0.0
17	0.0
18	0.0
19	0.0
20	0.0
21	0.0
22	0.0
23	0.0
24	0.0
25	0.0
26	0.0
27	0.0
28	0.0
29	0.0
30	0.0
31	0.0
32	0.0
33	0.0
34	0.0
35	0.0
36	0.0
37	0.0
38	0.0
39	0.0
>>END_MODULE
>>Sequence Length Distribution	warn
#Length	Count
20	78690.0
21	74656.0
22	74281.0
23	76797.0
24	74461.0
25	77922.0
26	78056.0
27	75708.0
28	76769.0
29	82045.0
30	83941.0
31	79501.0
32	66636.0
33	123694.0
34	204576.0
35	406209.0
36	421135.0
37	245164.0
38	152328.0
39	1.2216899E7
>>END_MODULE
>>Sequence Duplication Levels	fail
#Total Duplicate Percentage	78.23306228461813
#Duplication Level	Relative count
1	100.0
2	61.496617208368264
3	36.61603852677962
4	22.997133888358128
5	16.590302014077093
6	12.476359453294078
7	9.852015051960459
8	8.161594103998908
9	6.884517147926456
10++	114.87258476476437
>>END_MODULE
>>Overrepresented sequences	pass
>>END_MODULE
>>Kmer Content	warn
#Sequence	Count	Obs/Exp Overall	Obs/Exp Max	Max Obs/Exp Position
CAGCA	1773360	3.2561073	3.636716	27
>>END_MODULE
