##FastQC	0.10.1
>>Basic Statistics	pass
#Measure	Value	
Filename	Sample_3_L002_poly.fastq	
File type	Conventional base calls	
Encoding	Sanger / Illumina 1.9	
Total Sequences	15301921	
Filtered Sequences	0	
Sequence length	20-39	
%GC	53	
>>END_MODULE
>>Per base sequence quality	pass
#Base	Mean	Median	Lower Quartile	Upper Quartile	10th Percentile	90th Percentile
1	37.620205659145675	39.0	37.0	39.0	35.0	39.0
2	38.985721596654436	41.0	38.0	41.0	35.0	41.0
3	38.95776288480381	41.0	38.0	41.0	35.0	41.0
4	38.92837709722851	41.0	38.0	41.0	35.0	41.0
5	38.917650404808654	40.0	38.0	41.0	35.0	41.0
6	38.91427376994039	40.0	38.0	41.0	35.0	41.0
7	38.941191174624414	41.0	39.0	41.0	35.0	41.0
8	38.85990856964953	40.0	38.0	41.0	35.0	41.0
9	38.86185453447315	40.0	38.0	41.0	35.0	41.0
10	38.865653273206675	40.0	38.0	41.0	35.0	41.0
11	38.84144101907205	40.0	38.0	41.0	35.0	41.0
12	38.81679522459958	40.0	38.0	41.0	35.0	41.0
13	38.78252129258804	40.0	38.0	41.0	34.0	41.0
14	38.72502276021422	40.0	38.0	41.0	34.0	41.0
15	38.67091850755209	40.0	38.0	41.0	34.0	41.0
16	38.620277610896046	40.0	38.0	41.0	34.0	41.0
17	38.57454903864685	40.0	38.0	41.0	34.0	41.0
18	38.537111582264735	40.0	38.0	41.0	34.0	41.0
19	38.49057324240532	40.0	38.0	41.0	34.0	41.0
20	38.4332301153561	40.0	38.0	41.0	34.0	41.0
21	38.36872442046521	40.0	38.0	41.0	34.0	41.0
22	38.313223678506375	40.0	38.0	41.0	33.0	41.0
23	38.245514860883134	40.0	38.0	41.0	33.0	41.0
24	38.040324512291065	40.0	37.0	41.0	33.0	41.0
25	38.04596718678969	40.0	37.0	41.0	33.0	41.0
26	38.00671341860644	40.0	37.0	41.0	33.0	41.0
27	37.94034618867782	40.0	37.0	41.0	33.0	41.0
28	37.861463066517786	40.0	37.0	41.0	33.0	41.0
29	37.80065637005339	40.0	37.0	41.0	33.0	41.0
30	37.66365766928962	40.0	36.0	41.0	33.0	41.0
31	37.62666964515707	40.0	36.0	41.0	33.0	41.0
32	37.551150277624835	40.0	36.0	41.0	32.0	41.0
33	37.48256700648826	39.0	35.0	41.0	32.0	41.0
34	37.400436222137834	39.0	35.0	41.0	32.0	41.0
35	37.31967367329701	39.0	35.0	41.0	32.0	41.0
36	37.23611920370308	39.0	35.0	41.0	32.0	41.0
37	37.09670138842943	39.0	35.0	41.0	32.0	41.0
38	37.0598127383915	39.0	35.0	41.0	32.0	41.0
39	37.19807135581505	39.0	35.0	41.0	32.0	41.0
>>END_MODULE
>>Per sequence quality scores	pass
#Quality	Count
9	3.0
10	9.0
11	29.0
12	76.0
13	168.0
14	327.0
15	617.0
16	1106.0
17	1761.0
18	3206.0
19	5428.0
20	8963.0
21	14336.0
22	21709.0
23	31517.0
24	43498.0
25	58077.0
26	75763.0
27	96900.0
28	120696.0
29	147682.0
30	181376.0
31	220757.0
32	268829.0
33	337024.0
34	449401.0
35	602724.0
36	834833.0
37	1194449.0
38	1699111.0
39	2593803.0
40	6282750.0
41	4993.0
>>END_MODULE
>>Per base sequence content	pass
#Base	G	A	T	C
1	24.9923522654057	24.233708756883207	24.527397449613666	26.246541528097428
2	24.561465191200504	23.827145624395786	24.859715325938488	26.751673858465217
3	25.355666128455372	23.560590856533633	23.94262785698606	27.14111515802493
4	25.781040926958248	23.729579276952126	23.34722854042032	27.142151255669305
5	25.288612493635604	24.032266802614757	23.461756659409843	27.2173640443398
6	25.28598371969008	23.963456873385823	23.40105032571076	27.349509081213334
7	25.523208852222467	23.943942982318557	23.154185879941863	27.378662285517112
8	25.723206724804044	23.651080864503392	23.624927280357927	27.00078513033464
9	25.494306322322796	23.67622574002256	23.33774915456008	27.49171878309456
10	25.777115202712547	24.375506227521605	22.784058255718858	27.06332031404699
11	25.495937783809286	24.57198529146995	23.10794844734326	26.824128477377503
12	25.562449127367913	24.08335155026943	23.03089298277086	27.32330633959179
13	25.836848104193404	24.295008492763394	22.687457876828105	27.180685526215097
14	25.602430287229133	24.05437365764175	23.03580046785055	27.30739558727857
15	25.473171295394575	23.831238468921086	23.222125606112854	27.47346462957148
16	25.844255991452496	23.99662528309722	22.89796003996905	27.261158685481234
17	25.597345527462505	23.97313321619068	23.14702196264684	27.282499293699974
18	25.483898523479866	23.79024633853554	23.08337440533289	27.64248073265171
19	25.80245145858054	24.01796543406674	22.785517992653034	27.39406511469969
20	25.376590681828475	24.170756791421706	23.31836091601106	27.13429161073876
21	25.45030871055417	23.819201496417122	23.254515049970458	27.475974743058252
22	25.81976284305855	24.21815870187807	22.72983205780631	27.23224639725707
23	25.735781232257448	24.165867788445187	23.039325216521288	27.05902576277608
24	25.867543988680435	23.826185494479724	22.728575459307624	27.577695057532214
25	25.98531321905191	23.980425915992974	22.41890411703085	27.61535674792427
26	25.655295784234266	23.99642173334029	22.852547242726303	27.495735239699144
27	25.61832502409037	23.80282789229764	22.83108840391969	27.747758679692296
28	25.71337216483571	24.121990377179223	22.460490812637172	27.704146645347887
29	25.596130689946158	24.014614581940886	22.943884360112317	27.44537036800064
30	25.718818058221604	23.823423185385213	22.634238295095027	27.823520461298152
31	25.8216934396556	24.124063257867682	22.535294657473823	27.518948645002894
32	25.488735653802415	23.852509989004243	23.061002451967727	27.597751905225614
33	25.604668192261958	23.570486877555506	22.711265572557178	28.11357935762536
34	26.10798148605874	23.6546102221199	22.480622412851993	27.756785878969364
35	26.11013530802517	23.56596812510029	22.623539172739164	27.700357394135374
36	25.584796401379162	23.387882965497717	22.494129264233027	28.533191368890094
37	26.123248310971896	22.723171805083258	21.832544248612233	29.321035635332613
38	27.27504882219176	21.80469529921011	21.97762659228817	28.942629286309955
39	26.820788218902514	22.88724714308125	20.979594401488455	29.31237023652778
>>END_MODULE
>>Per base GC content	pass
#Base	%GC
1	51.238893793503124
2	51.31313904966572
3	52.49678128648031
4	52.92319218262755
5	52.5059765379754
6	52.635492800903414
7	52.901871137739576
8	52.723991855138685
9	52.986025105417355
10	52.840435516759534
11	52.32006626118678
12	52.88575546695971
13	53.01753363040851
14	52.909825874507696
15	52.94663592496606
16	53.10541467693373
17	52.87984482116248
18	53.12637925613157
19	53.19651657328023
20	52.51088229256723
21	52.92628345361242
22	53.05200924031562
23	52.794806995033525
24	53.445239046212656
25	53.60066996697618
26	53.151031023933406
27	53.366083703782664
28	53.41751881018361
29	53.041501057946796
30	53.54233851951976
31	53.3406420846585
32	53.08648755902803
33	53.71824754988732
34	53.86476736502811
35	53.81049270216054
36	54.11798777026925
37	55.444283946304516
38	56.21767810850172
39	56.1331584554303
>>END_MODULE
>>Per sequence GC content	pass
#GC Content	Count
0	11315.0
1	9644.5
2	5613.5
3	3213.5
4	3016.0
5	2665.5
6	2604.5
7	2572.0
8	2370.0
9	2674.5
10	3118.5
11	3250.5
12	4262.5
13	5496.0
14	8229.5
15	11076.0
16	12938.0
17	18749.0
18	23674.0
19	30510.0
20	36105.0
21	36624.5
22	48851.0
23	60210.5
24	80651.5
25	101310.5
26	103943.0
27	128308.0
28	151228.0
29	191345.0
30	233399.0
31	237352.5
32	302489.0
33	369943.5
34	375095.5
35	433392.5
36	493681.0
37	579065.0
38	667582.0
39	676821.0
40	758142.0
41	840267.0
42	911508.5
43	984309.5
44	991802.5
45	1065133.5
46	1138875.0
47	1193079.5
48	1243994.5
49	1244137.0
50	1276535.0
51	1307462.0
52	1306372.0
53	1291070.5
54	1272942.5
55	1224385.0
56	1175786.5
57	1166753.5
58	1110173.5
59	1057477.0
60	981686.5
61	904688.0
62	900446.0
63	829466.5
64	757234.5
65	699148.0
66	642860.5
67	640502.0
68	579284.5
69	519878.5
70	517431.5
71	461011.0
72	404007.0
73	357701.5
74	312032.0
75	308914.0
76	269395.5
77	230353.0
78	200310.5
79	169450.0
80	167305.5
81	143679.5
82	120107.5
83	101971.5
84	84086.0
85	82774.5
86	70057.0
87	57813.5
88	47657.0
89	37584.0
90	36994.5
91	29593.5
92	22487.5
93	21900.0
94	16829.0
95	12139.0
96	8688.5
97	5350.0
98	5149.0
99	3421.5
100	1895.0
>>END_MODULE
>>Per base N content	pass
#Base	N-Count
1	2.6140508763572887E-5
2	0.0
3	0.0
4	1.3070254381786443E-5
5	1.3070254381786443E-5
6	6.535127190893222E-6
7	6.535127190893222E-6
8	1.9605381572679665E-5
9	8.103557716707594E-4
10	4.574589033625255E-5
11	3.3982661392644754E-4
12	0.0014769387451418683
13	4.574589033625255E-4
14	1.6991330696322377E-4
15	0.01284152493010518
16	0.007071007620546466
17	0.002287294516812628
18	0.010155587654648066
19	6.012317015621764E-4
20	0.0014900089995236545
21	0.008288336317156196
22	9.742659102527167E-4
23	0.010902713977861408
24	0.012476712481128728
25	0.006341899457136024
26	0.00569671812069067
27	0.01508717148879658
28	0.008607453635292158
29	0.007185240217344658
30	0.019825894866111797
31	0.009057820865903994
32	0.0031214149413440694
33	0.004025097339720789
34	0.006705101748429745
35	0.006705069032188335
36	0.005217399747800606
37	0.019684193156581393
38	0.0
39	0.0
>>END_MODULE
>>Sequence Length Distribution	warn
#Length	Count
20	3314.0
21	5041.0
22	3795.0
23	5296.0
24	5141.0
25	7383.0
26	7327.0
27	10403.0
28	14647.0
29	22102.0
30	15140.0
31	16911.0
32	30508.0
33	47014.0
34	119239.0
35	364517.0
36	643382.0
37	48060.0
38	150895.0
39	1.3781806E7
>>END_MODULE
>>Sequence Duplication Levels	fail
#Total Duplicate Percentage	76.42346351537212
#Duplication Level	Relative count
1	100.0
2	52.514980613323935
3	28.94606979203384
4	18.327458583010223
5	13.033133591822347
6	10.21325343672894
7	8.50370109270356
8	6.958054282692985
9	6.0997532604864295
10++	107.88861473387381
>>END_MODULE
>>Overrepresented sequences	pass
>>END_MODULE
>>Kmer Content	warn
#Sequence	Count	Obs/Exp Overall	Obs/Exp Max	Max Obs/Exp Position
AAAAA	1804245	4.431538	5.5846124	11
TTCTT	1510340	3.724356	4.18288	1
CTTCT	1624295	3.3438468	3.6594205	3
TTTTT	1114915	3.2931633	4.3665805	1
CAGCA	1865195	3.1901784	3.4987562	27
TCTTC	1526715	3.142964	3.429043	12
>>END_MODULE
