##FastQC	0.10.1
>>Basic Statistics	pass
#Measure	Value	
Filename	Sample_3_L001_poly.fastq	
File type	Conventional base calls	
Encoding	Sanger / Illumina 1.9	
Total Sequences	12522130	
Filtered Sequences	0	
Sequence length	35-39	
%GC	55	
>>END_MODULE
>>Per base sequence quality	pass
#Base	Mean	Median	Lower Quartile	Upper Quartile	10th Percentile	90th Percentile
1	37.61041540057482	39.0	37.0	39.0	35.0	39.0
2	38.978556922823834	41.0	38.0	41.0	35.0	41.0
3	38.942861158604806	40.0	38.0	41.0	35.0	41.0
4	38.881114634650814	40.0	38.0	41.0	35.0	41.0
5	38.89063561870065	40.0	38.0	41.0	35.0	41.0
6	38.88404480707356	40.0	38.0	41.0	35.0	41.0
7	38.91547660022696	40.0	38.0	41.0	35.0	41.0
8	38.901757448612976	40.0	38.0	41.0	35.0	41.0
9	38.86163536075731	40.0	38.0	41.0	35.0	41.0
10	38.759555203467784	40.0	38.0	41.0	34.0	41.0
11	38.75912700155644	40.0	38.0	41.0	34.0	41.0
12	38.78260303957873	40.0	38.0	41.0	34.0	41.0
13	38.75622701569142	40.0	38.0	41.0	34.0	41.0
14	38.69244321852592	40.0	38.0	41.0	34.0	41.0
15	38.64116288522799	40.0	38.0	41.0	34.0	41.0
16	38.60439294273419	40.0	38.0	41.0	34.0	41.0
17	38.550413068703165	40.0	38.0	41.0	34.0	41.0
18	38.51195068251168	40.0	38.0	41.0	34.0	41.0
19	38.42669050712618	40.0	38.0	41.0	34.0	41.0
20	38.38421251017199	40.0	38.0	41.0	34.0	41.0
21	38.33463204742324	40.0	38.0	41.0	34.0	41.0
22	38.267132348889525	40.0	38.0	41.0	33.0	41.0
23	38.1911105379037	40.0	37.0	41.0	33.0	41.0
24	38.121431577535134	40.0	37.0	41.0	33.0	41.0
25	38.04957950444533	40.0	37.0	41.0	33.0	41.0
26	37.97656604746956	40.0	37.0	41.0	33.0	41.0
27	37.88823155485528	40.0	37.0	41.0	33.0	41.0
28	37.77559576525719	40.0	36.0	41.0	33.0	41.0
29	37.68467529086505	40.0	36.0	41.0	33.0	41.0
30	37.58552083391564	40.0	36.0	41.0	33.0	41.0
31	37.509946231192295	40.0	35.0	41.0	32.0	41.0
32	37.40439182471353	39.0	35.0	41.0	32.0	41.0
33	37.32549190912409	39.0	35.0	41.0	32.0	41.0
34	37.23146477476276	39.0	35.0	41.0	32.0	41.0
35	37.12876675134342	39.0	35.0	41.0	32.0	41.0
36	37.02210125213086	39.0	35.0	41.0	31.0	41.0
37	36.922210019406215	39.0	35.0	41.0	31.0	41.0
38	36.88262564859639	38.0	35.0	41.0	31.0	41.0
39	37.00497630169756	38.0	35.0	41.0	32.0	41.0
>>END_MODULE
>>Per sequence quality scores	pass
#Quality	Count
9	1.0
10	5.0
11	18.0
12	37.0
13	98.0
14	242.0
15	449.0
16	876.0
17	1511.0
18	2751.0
19	4622.0
20	7443.0
21	11467.0
22	17139.0
23	24689.0
24	33647.0
25	45648.0
26	60018.0
27	77092.0
28	97390.0
29	120998.0
30	149328.0
31	184969.0
32	227446.0
33	286146.0
34	384515.0
35	517822.0
36	722295.0
37	1032094.0
38	1444403.0
39	2137093.0
40	4926736.0
41	3142.0
>>END_MODULE
>>Per base sequence content	pass
#Base	G	A	T	C
1	25.95715744845326	23.190287914276563	23.674358914976924	27.178195722293253
2	25.534234191786858	22.7938298037155	23.977757777630483	27.694178226867155
3	26.34255514037947	22.453919580774198	23.113072616240206	28.090452662606126
4	26.826250805573814	22.54871974656069	22.460124595416275	28.164904852449226
5	26.37942586444958	22.81299587210802	22.546395860768094	28.261182402674308
6	26.35037329911125	22.637362812876084	22.42269486101805	28.58956902699461
7	26.723041527280106	22.588050116074502	22.019057460671625	28.66985089597377
8	26.974987482161584	22.251765474404113	22.50324026343761	28.27000677999669
9	26.578752975731764	22.317033923142468	22.421712600012935	28.682500501112827
10	27.12371617288752	22.9880060341172	21.70974107440188	28.1785367185934
11	26.74291833737551	23.11903805502738	22.086002940394327	28.05204066720278
12	26.75368327912264	22.66611990132669	22.038247486649635	28.541949332901034
13	27.00926280113687	22.91179695467145	21.68494497341906	28.393995270772628
14	26.83316656191878	22.660777359762278	22.085188382487644	28.420867695831298
15	26.536116459420246	22.484465502274773	22.339426279714395	28.639991758590593
16	27.03016978740837	22.607359929979964	21.913125003493814	28.44934527911785
17	26.81439978661777	22.64752082912412	22.08801537757554	28.450064006682567
18	26.617963557318124	22.52996894298334	22.15068043535724	28.70138706434129
19	26.987086062834358	22.729064464272454	21.729098803478323	28.55475066941487
20	26.56260556311107	22.884972444783756	22.373174531808885	28.179247460296292
21	26.5497163821171	22.54949437515822	22.378964281635792	28.52182496108889
22	26.955581837914156	22.913785434267172	21.703599946654442	28.427032781164225
23	26.894545895945814	22.869575703175098	22.12879917394245	28.107079226936634
24	26.899888437510235	22.498552562543274	21.948678060361935	28.652880939584556
25	27.130272565450124	22.681891978441367	21.488708390665167	28.699127065443342
26	26.781657753113887	22.755409822450336	21.930278634705118	28.53265378973066
27	26.64624149405892	22.52537707243097	21.966518475690638	28.86186295781948
28	26.823799145991934	22.856926098036038	21.525259680262064	28.79401507570996
29	26.766780092524193	22.742887991100556	22.044452501291715	28.445879415083535
30	26.772681644416725	22.582212451076614	21.747098936043628	28.89800696846303
31	26.98633539182232	22.915845786619368	21.480131575059513	28.617687246498797
32	26.706830227764765	22.589112235697918	22.02020742477518	28.683850111762137
33	26.707620828085954	22.41736030531547	21.85124256017147	29.023776306427102
34	27.33913479575759	22.49355341303756	21.426091248054444	28.74122054315041
35	27.483319531102136	22.342341119282423	21.292120429990742	28.882218919624698
36	26.775635640934176	22.13861714911322	21.431994187298525	29.653753022654083
37	26.998738910280608	21.903780229774046	21.06263491512053	30.034845944824824
38	28.723167773383395	20.460647943884823	20.572227435808017	30.243956846923766
39	27.44363162571284	22.323513424305226	20.230903974678338	30.001950975303597
>>END_MODULE
>>Per base GC content	pass
#Base	%GC
1	53.13535317074651
2	53.22841241865402
3	54.433007802985585
4	54.99115565802304
5	54.64060826712388
6	54.939942326105864
7	55.39289242325387
8	55.24499426215827
9	55.261253476844594
10	55.30225289148092
11	54.79495900457829
12	55.295632612023674
13	55.40325807190949
14	55.254034257750085
15	55.17610821801083
16	55.47951506652622
17	55.264463793300344
18	55.31935062165941
19	55.54183673224923
20	54.74185302340736
21	55.071541343205986
22	55.38261461907838
23	55.001625122882444
24	55.55276937709479
25	55.82939963089346
26	55.31431154284455
27	55.508104451878395
28	55.6178142217019
29	55.21265950760773
30	55.67068861287976
31	55.60402263832111
32	55.390680339526895
33	55.73139713451306
34	56.08035533890799
35	56.36553845072684
36	56.429388663588256
37	57.033584855105424
38	58.96712462030715
39	57.44558260101643
>>END_MODULE
>>Per sequence GC content	pass
#GC Content	Count
0	4846.0
1	3158.0
2	1470.0
3	1470.0
4	1318.0
5	1166.0
6	1233.0
7	1251.0
8	1202.0
9	1273.0
10	1352.5
11	1361.0
12	1917.5
13	2508.0
14	3404.5
15	4354.5
16	4490.5
17	6006.5
18	7640.0
19	10701.5
20	13685.0
21	13922.5
22	18783.5
23	23545.0
24	32382.0
25	41267.5
26	42047.0
27	54522.0
28	66580.0
29	88708.5
30	111447.5
31	112575.5
32	151826.0
33	192951.5
34	195368.5
35	233773.5
36	274414.5
37	335586.0
38	397917.0
39	405341.0
40	472902.0
41	540803.0
42	615564.0
43	689948.5
44	697310.0
45	770757.0
46	843069.0
47	915360.5
48	985129.0
49	988489.5
50	1041874.5
51	1093684.0
52	1095469.0
53	1108730.0
54	1122059.0
55	1096158.5
56	1067004.5
57	1061320.0
58	1019736.5
59	979050.0
60	917422.5
61	854634.0
62	851445.5
63	792733.5
64	729968.0
65	674422.5
66	621920.5
67	618096.5
68	561369.5
69	505757.0
70	501750.5
71	446833.0
72	392994.5
73	349676.5
74	305572.5
75	302513.0
76	265174.5
77	227112.0
78	198006.0
79	168950.0
80	166316.5
81	142775.0
82	119133.5
83	100873.0
84	83666.5
85	82261.5
86	69333.5
87	57213.0
88	47052.0
89	37103.0
90	36804.5
91	29047.5
92	21589.0
93	21081.5
94	16106.5
95	11639.0
96	8257.0
97	4875.0
98	4875.0
99	3303.0
100	1731.0
>>END_MODULE
>>Per base N content	pass
#Base	N-Count
1	0.0
2	0.0
3	0.0
4	0.0
5	0.0
6	0.0
7	0.0
8	0.0
9	0.0
10	0.0
11	0.0
12	0.0
13	0.0
14	0.0
15	0.0
16	0.0
17	0.0
18	0.0
19	0.0
20	0.0
21	0.0
22	0.0
23	0.0
24	0.0
25	0.0
26	0.0
27	0.0
28	0.0
29	0.0
30	0.0
31	0.0
32	0.0
33	0.0
34	0.0
35	0.0
36	0.0
37	0.0
38	0.0
39	0.0
>>END_MODULE
>>Sequence Length Distribution	warn
#Length	Count
35	355670.0
36	387758.0
37	230881.0
38	138143.0
39	1.1409678E7
>>END_MODULE
>>Sequence Duplication Levels	fail
#Total Duplicate Percentage	76.98022898699286
#Duplication Level	Relative count
1	100.0
2	52.55960729312763
3	29.10764375876578
4	18.465988779803645
5	13.20476858345021
6	10.073632538569425
7	8.625525946704068
8	7.093267882187939
9	5.809957924263674
10++	105.69074333800842
>>END_MODULE
>>Overrepresented sequences	pass
>>END_MODULE
>>Kmer Content	warn
#Sequence	Count	Obs/Exp Overall	Obs/Exp Max	Max Obs/Exp Position
CAGCA	1612260	3.3108377	3.6752982	27
CTTCT	1171260	3.0906672	3.5358226	1
CATCA	1211315	3.0317352	3.4680676	1
>>END_MODULE
