##FastQC	0.10.1
>>Basic Statistics	pass
#Measure	Value	
Filename	Treat_3.fastq	
File type	Conventional base calls	
Encoding	Sanger / Illumina 1.9	
Total Sequences	28687774	
Filtered Sequences	0	
Sequence length	39	
%GC	52	
>>END_MODULE
>>Per base sequence quality	pass
#Base	Mean	Median	Lower Quartile	Upper Quartile	10th Percentile	90th Percentile
1	37.45271093532736	39.0	37.0	39.0	34.0	39.0
2	38.82412284759354	40.0	38.0	41.0	34.0	41.0
3	38.791436414690104	40.0	38.0	41.0	34.0	41.0
4	38.74852175703838	40.0	38.0	41.0	34.0	41.0
5	38.74633751646259	40.0	38.0	41.0	34.0	41.0
6	38.74501036573977	40.0	38.0	41.0	34.0	41.0
7	38.7829461428412	40.0	38.0	41.0	34.0	41.0
8	38.73619329962652	40.0	38.0	41.0	34.0	41.0
9	38.716248531517294	40.0	38.0	41.0	34.0	41.0
10	38.66963473708347	40.0	38.0	41.0	34.0	41.0
11	38.65607756809573	40.0	38.0	41.0	34.0	41.0
12	38.656855913602776	40.0	38.0	41.0	34.0	41.0
13	38.62656977149918	40.0	38.0	41.0	34.0	41.0
14	38.5592964793992	40.0	38.0	41.0	34.0	41.0
15	38.50508952001643	40.0	38.0	41.0	34.0	41.0
16	38.46512371437394	40.0	38.0	41.0	34.0	41.0
17	38.41503185294195	40.0	38.0	41.0	34.0	41.0
18	38.37964998608815	40.0	38.0	41.0	34.0	41.0
19	38.314188092809154	40.0	38.0	41.0	33.0	41.0
20	38.26633460651217	40.0	38.0	41.0	33.0	41.0
21	38.20863005962052	40.0	38.0	41.0	33.0	41.0
22	38.15221571391353	40.0	38.0	41.0	33.0	41.0
23	38.080626646040926	40.0	38.0	41.0	33.0	41.0
24	37.95261490138621	40.0	37.0	41.0	33.0	41.0
25	37.922632512372694	40.0	37.0	41.0	33.0	41.0
26	37.87182093668195	40.0	37.0	41.0	33.0	41.0
27	37.79784925104332	40.0	37.0	41.0	33.0	41.0
28	37.709192389761576	40.0	37.0	41.0	32.0	41.0
29	37.632821598496975	40.0	36.0	41.0	32.0	41.0
30	37.52031203257527	40.0	36.0	41.0	32.0	41.0
31	37.4693816257755	40.0	36.0	41.0	32.0	41.0
32	37.3768385445312	40.0	36.0	41.0	32.0	41.0
33	37.30040239441373	39.0	35.0	41.0	31.0	41.0
34	37.21776900501238	39.0	35.0	41.0	31.0	41.0
35	37.11410240473869	39.0	35.0	41.0	31.0	41.0
36	37.01308435433157	39.0	35.0	41.0	31.0	41.0
37	36.88613229454471	39.0	35.0	41.0	31.0	41.0
38	36.77086709481189	39.0	35.0	41.0	31.0	41.0
39	36.631691047203596	39.0	35.0	41.0	31.0	41.0
>>END_MODULE
>>Per sequence quality scores	pass
#Quality	Count
7	5.0
8	39.0
9	196.0
10	612.0
11	1258.0
12	2177.0
13	2999.0
14	4355.0
15	5980.0
16	8830.0
17	12374.0
18	17570.0
19	24676.0
20	34338.0
21	46749.0
22	62236.0
23	81848.0
24	104829.0
25	131982.0
26	164248.0
27	202228.0
28	245800.0
29	298680.0
30	359149.0
31	432638.0
32	527553.0
33	652932.0
34	856780.0
35	1131853.0
36	1548208.0
37	2187049.0
38	3104679.0
39	4772666.0
40	1.1660258E7
>>END_MODULE
>>Per base sequence content	pass
#Base	G	A	T	C
1	24.4409970602808	23.963340620293508	25.276980361041606	26.318681958384083
2	23.981271603715225	23.96593057376986	25.56615929838265	26.486638524132267
3	24.432491694894136	23.457362010729728	25.03003892877851	27.080107365597623
4	25.28613060044324	23.571344364327466	23.868749802616264	27.27377523261303
5	24.847706901204674	24.075224518988474	24.123297262450546	26.953771317356306
6	24.455477096271043	23.958979877630103	24.227564676157865	27.357978349940986
7	25.16963846689534	23.67523182523677	23.6416495751814	27.513480132686492
8	25.192209057419372	23.730084460369774	24.201323532456716	26.876382949754134
9	24.61488646696673	23.591907130891368	24.39829942887866	27.394906973263243
10	25.40226021022056	24.206221089165023	23.23690572855182	27.15461297206259
11	25.030481626075275	24.509939321189577	23.88173442805287	26.577844624682278
12	24.66877004817453	24.02167906091285	23.954333298916815	27.35521759199581
13	25.42840375136809	24.087222661472442	23.234723614317375	27.24964997284209
14	25.116368387453136	24.18065967753371	23.664544345615663	27.03842758939749
15	24.61862325044808	23.780433434814427	24.12358309850043	27.477360216237063
16	25.36017608058401	23.969015511625265	23.401805242888486	27.269003164902234
17	25.14002654928891	24.080418369163116	23.81825791014667	26.96129717140131
18	24.71976041082867	23.79797052221619	24.015742734169613	27.46652633278553
19	25.292907006308678	23.91194939000844	23.280251719774423	27.514891883908454
20	25.001532011511244	24.273183412557557	23.897343865020687	26.827940710910507
21	24.589614377190784	23.771035703223262	24.30477526768023	27.33457465190572
22	25.322979050239315	24.091980785961294	23.17539171913443	27.409648444664963
23	25.288330143705117	24.206506925214903	23.687080078084833	26.818082852995147
24	24.904664962851424	23.823608621568198	23.673251887720532	27.598474527859846
25	25.35072954771604	23.945674558088754	23.001962438772697	27.70163345542251
26	25.176048863184715	24.07430426634008	23.51768387467079	27.231962995804416
27	24.67754382058364	23.831747977378797	23.799389245049127	27.691318956988436
28	25.255776206268216	24.12202842925352	22.937530810163242	27.68466455431502
29	25.112896525188745	24.155903486969745	23.549809058032874	27.181390929808636
30	24.812416606460996	23.894997917928382	23.67511679365572	27.6174686819549
31	25.27303442923107	24.076998793981016	23.048470055571407	27.6014967212165
32	25.009023007501384	24.054389859596633	23.737017727482097	27.199569405419883
33	24.791327483268656	23.714617941426894	23.6764239707131	27.817630604591347
34	25.458883634540623	23.824312754276438	22.96021991807381	27.75658369310913
35	25.26416654007383	23.968203318946948	23.487179590859856	27.28045055011936
36	24.608730534477857	23.747506516190487	23.585873201594517	28.057889747737136
37	25.618725245116615	23.651294798962095	22.946510245096047	27.783469710825248
38	25.49310727280548	24.03354125698285	23.4349691962855	27.03838227392617
39	25.08985186511857	23.803485066495575	23.449320257472746	27.65734281091311
>>END_MODULE
>>Per base GC content	pass
#Base	%GC
1	50.75967901866488
2	50.467910127847496
3	51.51259906049176
4	52.55990583305628
5	51.80147821856098
6	51.81345544621203
7	52.683118599581825
8	52.06859200717351
9	52.00979344022998
10	52.55687318228316
11	51.60832625075755
12	52.02398764017035
13	52.67805372421018
14	52.15479597685062
15	52.09598346668515
16	52.62917924548625
17	52.10132372069022
18	52.1862867436142
19	52.80779889021714
20	51.829472722421755
21	51.9241890290965
22	52.73262749490427
23	52.10641299670027
24	52.50313949071127
25	53.052363003138545
26	52.408011858989134
27	52.368862777572076
28	52.94044076058324
29	52.29428745499738
30	52.42988528841589
31	52.87453115044758
32	52.20859241292126
33	52.60895808786
34	53.21546732764975
35	52.54461709019319
36	52.66662028221499
37	53.40219495594186
38	52.53148954673165
39	52.74719467603168
>>END_MODULE
>>Per sequence GC content	pass
#GC Content	Count
0	7550.0
1	4708.5
2	1867.0
3	1867.0
4	2236.5
5	2606.0
6	3343.0
7	4080.0
8	4080.0
9	5889.0
10	7698.0
11	7698.0
12	11132.0
13	14566.0
14	23855.5
15	33145.0
16	33145.0
17	40417.0
18	47689.0
19	63155.5
20	78622.0
21	78622.0
22	106383.5
23	134145.0
24	179675.0
25	225205.0
26	225205.0
27	275700.0
28	326195.0
29	412058.0
30	497921.0
31	497921.0
32	627555.5
33	757190.0
34	757190.0
35	887370.0
36	1017550.0
37	1192572.5
38	1367595.0
39	1367595.0
40	1525272.5
41	1682950.0
42	1818422.0
43	1953894.0
44	1953894.0
45	2090666.0
46	2227438.0
47	2308065.0
48	2388692.0
49	2388692.0
50	2415518.5
51	2442345.0
52	2442345.0
53	2381854.5
54	2321364.0
55	2200683.0
56	2080002.0
57	2080002.0
58	1952590.5
59	1825179.0
60	1678913.0
61	1532647.0
62	1532647.0
63	1402596.0
64	1272545.0
65	1173601.0
66	1074657.0
67	1074657.0
68	975151.5
69	875646.0
70	875646.0
71	778349.0
72	681052.0
73	602383.5
74	523715.0
75	523715.0
76	459345.0
77	394975.0
78	341129.0
79	287283.0
80	287283.0
81	244997.0
82	202711.0
83	173506.5
84	144302.0
85	144302.0
86	121927.5
87	99553.0
88	83853.5
89	68154.0
90	68154.0
91	55483.5
92	42813.0
93	42813.0
94	34198.0
95	25583.0
96	18812.5
97	12042.0
98	12042.0
99	8325.0
100	4608.0
>>END_MODULE
>>Per base N content	pass
#Base	N-Count
1	0.0
2	0.0
3	0.0
4	0.0
5	0.0
6	0.0
7	0.0
8	0.0
9	0.0
10	0.0
11	0.0
12	0.0
13	0.0
14	0.0
15	0.0
16	0.0
17	0.0
18	0.0
19	0.0
20	0.0
21	0.0
22	0.0
23	0.0
24	0.0
25	0.0
26	0.0
27	0.0
28	0.0
29	0.0
30	0.0
31	0.0
32	0.0
33	0.0
34	0.0
35	0.0
36	0.0
37	0.0
38	0.0
39	0.0
>>END_MODULE
>>Sequence Length Distribution	pass
#Length	Count
39	2.8687774E7
>>END_MODULE
>>Sequence Duplication Levels	fail
#Total Duplicate Percentage	87.22572583981292
#Duplication Level	Relative count
1	100.0
2	83.74529112418215
3	63.667305531689905
4	45.112682572202765
5	32.34419403872844
6	24.965303020289472
7	19.582314453770405
8	15.983741986649925
9	13.898618729760095
10++	261.59540017183264
>>END_MODULE
>>Overrepresented sequences	pass
>>END_MODULE
>>Kmer Content	warn
#Sequence	Count	Obs/Exp Overall	Obs/Exp Max	Max Obs/Exp Position
AAAAA	3949180	5.0045557	5.6390877	11
TTTTT	2660175	3.5020194	4.400044	1
TTCTT	2964040	3.395774	3.8149238	1
CAGCA	3485725	3.2510834	3.5444827	6
CTTCT	3111310	3.1020179	3.5078669	2
>>END_MODULE
