##FastQC	0.10.1
>>Basic Statistics	pass
#Measure	Value	
Filename	Control_1.fastq	
File type	Conventional base calls	
Encoding	Sanger / Illumina 1.9	
Total Sequences	154509	
Filtered Sequences	0	
Sequence length	39	
%GC	50	
>>END_MODULE
>>Per base sequence quality	pass
#Base	Mean	Median	Lower Quartile	Upper Quartile	10th Percentile	90th Percentile
1	37.9679047822457	39.0	38.0	39.0	35.0	39.0
2	39.43946307334848	41.0	39.0	41.0	36.0	41.0
3	39.41696600198047	41.0	39.0	41.0	36.0	41.0
4	39.37689066656311	41.0	39.0	41.0	36.0	41.0
5	39.38679300234938	41.0	39.0	41.0	36.0	41.0
6	39.39463720559967	41.0	39.0	41.0	36.0	41.0
7	39.434505433340455	41.0	39.0	41.0	36.0	41.0
8	39.38556330051971	41.0	39.0	41.0	36.0	41.0
9	39.38632053796219	41.0	39.0	41.0	36.0	41.0
10	39.33561151777566	41.0	39.0	41.0	36.0	41.0
11	39.32767670491687	41.0	39.0	41.0	36.0	41.0
12	39.32150230730896	41.0	39.0	41.0	36.0	41.0
13	39.302267181847014	41.0	39.0	41.0	36.0	41.0
14	39.29569151311574	41.0	39.0	41.0	36.0	41.0
15	39.264890718340034	41.0	39.0	41.0	36.0	41.0
16	39.24173349125294	41.0	39.0	41.0	36.0	41.0
17	39.20519193056715	41.0	39.0	41.0	36.0	41.0
18	39.18850681837304	41.0	39.0	41.0	36.0	41.0
19	39.13675578768874	40.0	39.0	41.0	35.0	41.0
20	39.11271188086131	40.0	39.0	41.0	35.0	41.0
21	39.0661385420914	40.0	38.0	41.0	35.0	41.0
22	39.01796659094292	40.0	38.0	41.0	35.0	41.0
23	38.954345701544895	40.0	38.0	41.0	35.0	41.0
24	38.845911888627846	40.0	38.0	41.0	35.0	41.0
25	38.83023642635704	40.0	38.0	41.0	35.0	41.0
26	38.789999288067364	40.0	38.0	41.0	35.0	41.0
27	38.72748513031603	40.0	38.0	41.0	35.0	41.0
28	38.665902957109296	40.0	38.0	41.0	35.0	41.0
29	38.599524946766856	40.0	38.0	41.0	35.0	41.0
30	38.49981554472555	40.0	38.0	41.0	34.0	41.0
31	38.466859535690475	40.0	37.0	41.0	34.0	41.0
32	38.38716191289828	40.0	37.0	41.0	34.0	41.0
33	38.34007080493693	40.0	37.0	41.0	34.0	41.0
34	38.265402015416576	40.0	37.0	41.0	34.0	41.0
35	38.185820890692455	40.0	37.0	41.0	34.0	41.0
36	38.117436524733186	40.0	36.0	41.0	34.0	41.0
37	38.05768596004116	40.0	36.0	41.0	34.0	41.0
38	38.08914043842106	39.0	36.0	41.0	34.0	41.0
39	38.227734306739414	39.0	36.0	41.0	34.0	41.0
>>END_MODULE
>>Per sequence quality scores	pass
#Quality	Count
14	1.0
15	1.0
16	1.0
17	1.0
18	2.0
19	8.0
20	11.0
21	10.0
22	37.0
23	47.0
24	87.0
25	166.0
26	224.0
27	294.0
28	440.0
29	628.0
30	900.0
31	1252.0
32	1750.0
33	2363.0
34	3639.0
35	5367.0
36	7920.0
37	11765.0
38	17567.0
39	28199.0
40	71829.0
>>END_MODULE
>>Per base sequence content	pass
#Base	G	A	T	C
1	23.881456743620113	24.826385517995718	25.928586684270822	25.363571054113354
2	24.23224537081982	25.61339468898252	25.109864150308397	25.04449578988926
3	24.803085904380975	24.917642337986784	24.801791481402375	25.477480276229862
4	24.7360209241048	25.322569158957158	24.20644426173258	25.734965655205457
5	24.752603408215705	25.447708547722137	24.17723239422946	25.6224556498327
6	24.680762932903587	24.944825220537314	24.412170164844767	25.96224168171433
7	24.870395899268	24.235481428266315	23.51189898323075	27.38222368923493
8	24.869748687778706	25.449650182190037	24.098272592535064	25.582328537496196
9	25.24917803608875	24.427214124834958	24.358609262950786	25.96499857612551
10	25.82632726896168	24.839329747781683	23.2963775572944	26.03796542596224
11	25.012782426913642	25.342860286455803	24.30538026911054	25.338977017520016
12	24.678325480246464	24.94110184849583	24.246621446693936	26.133951224563766
13	25.13898866732682	25.086564536693658	23.68599887385201	26.08844792212751
14	25.155168954559283	25.026373868188905	24.107333553385242	25.711123623866573
15	24.318936447013286	24.421201157274062	24.891101028472306	26.36876136724034
16	25.134949709388877	24.752430389250623	23.96473832053954	26.147881580820957
17	24.933822625219243	24.955180604366088	24.41799506824845	25.693001702166217
18	24.430939298034417	24.561676018872685	24.657463319288844	26.34992136380405
19	24.929939356283455	24.570089768233565	24.21412344911947	26.285847426363514
20	24.7144179303471	25.20370981625666	24.578503517594445	25.503368735801796
21	24.50341412899259	25.021843953270125	24.45163586938934	26.023106048347948
22	25.082034056268565	25.10598088137261	23.49636590748759	26.31561915487124
23	25.20419918967548	25.156304609529727	23.824964726288947	25.81453147450584
24	24.65065403260778	25.084302570176632	24.09273606337741	26.17230733383818
25	25.13397711386113	25.009708486511677	23.512012633977115	26.34430176565008
26	25.129124542077125	24.89935405366921	24.18997812326054	25.781543280993123
27	24.558746432108116	24.670071131304894	24.367811628253172	26.403370808333822
28	25.3713664342997	24.966180573085563	23.0489912425484	26.613461750066342
29	24.982039183705172	25.26099816832036	23.907626389131604	25.849336258842868
30	24.690918506052174	24.84044274710337	23.901870671240857	26.566768075603598
31	25.243202309370165	24.76877172316037	23.739004925534463	26.249021041935006
32	24.896928901977283	25.03414128992589	24.37461570822951	25.694314099867317
33	24.92508236086031	24.4817252739429	23.982058600803867	26.611133764392925
34	25.159056341218733	24.834147762208342	23.351347852820297	26.655448043752628
35	25.207440680379545	24.97702295115921	23.766035391127623	26.04950097733363
36	24.09744605387493	24.854698199422675	23.947937296933453	27.09991844976894
37	24.363297455778703	25.098539224760042	23.64617784307507	26.891985476386182
38	24.886576186500463	24.207651334226483	23.935175297231876	26.97059718204118
39	24.8328576328887	25.107922515840503	23.087975457740324	26.971244393530476
>>END_MODULE
>>Per base GC content	pass
#Base	%GC
1	49.245027797733464
2	49.276741160709086
3	50.28056618061084
4	50.47098657931025
5	50.3750590580484
6	50.643004614617915
7	52.25261958850294
8	50.452077225274905
9	51.21417661221426
10	51.86429269492392
11	50.351759444433654
12	50.81227670481023
13	51.227436589454335
14	50.866292578425856
15	50.68769781425363
16	51.28283129020984
17	50.62682432738546
18	50.78086066183847
19	51.215786782646965
20	50.2177866661489
21	50.52652017734054
22	51.397653211139804
23	51.01873066418132
24	50.82296136644596
25	51.47827887951121
26	50.910667823070256
27	50.96211724044193
28	51.98482818436604
29	50.831375442548044
30	51.25768658165577
31	51.492223351305164
32	50.591243001844596
33	51.53621612525323
34	51.81450438497136
35	51.25694165771317
36	51.19736450364387
37	51.25528293216488
38	51.857173368541645
39	51.80410202641917
>>END_MODULE
>>Per sequence GC content	pass
#GC Content	Count
0	19.0
1	11.5
2	4.0
3	4.0
4	5.5
5	7.0
6	9.5
7	12.0
8	12.0
9	22.0
10	32.0
11	32.0
12	52.5
13	73.0
14	129.0
15	185.0
16	185.0
17	229.5
18	274.0
19	342.5
20	411.0
21	411.0
22	588.5
23	766.0
24	1100.0
25	1434.0
26	1434.0
27	1750.5
28	2067.0
29	2662.0
30	3257.0
31	3257.0
32	4023.0
33	4789.0
34	4789.0
35	5455.5
36	6122.0
37	7119.5
38	8117.0
39	8117.0
40	8968.5
41	9820.0
42	10652.0
43	11484.0
44	11484.0
45	12027.5
46	12571.0
47	12885.5
48	13200.0
49	13200.0
50	13142.5
51	13085.0
52	13085.0
53	12787.0
54	12489.0
55	11773.0
56	11057.0
57	11057.0
58	10425.0
59	9793.0
60	8872.5
61	7952.0
62	7952.0
63	7229.5
64	6507.0
65	5840.0
66	5173.0
67	5173.0
68	4572.0
69	3971.0
70	3971.0
71	3449.5
72	2928.0
73	2555.5
74	2183.0
75	2183.0
76	1901.5
77	1620.0
78	1349.5
79	1079.0
80	1079.0
81	938.5
82	798.0
83	641.0
84	484.0
85	484.0
86	409.0
87	334.0
88	256.5
89	179.0
90	179.0
91	155.5
92	132.0
93	132.0
94	99.0
95	66.0
96	44.5
97	23.0
98	23.0
99	17.5
100	12.0
>>END_MODULE
>>Per base N content	pass
#Base	N-Count
1	0.0
2	0.0
3	0.0
4	0.02977172850772447
5	0.0
6	0.0
7	0.0
8	0.0
9	6.47211489298358E-4
10	0.0
11	0.0
12	0.0032360574464917902
13	0.0
14	0.0
15	0.005177691914386864
16	0.004530480425088507
17	0.0
18	0.0
19	0.0
20	0.0
21	0.002588845957193432
22	0.0
23	0.001941634467895074
24	0.003883268935790148
25	0.0032360574464917902
26	0.004530480425088507
27	0.003883268935790148
28	0.007766537871580296
29	0.003883268935790148
30	0.012297018296668802
31	0.005177691914386864
32	0.002588845957193432
33	0.003883268935790148
34	0.002588845957193432
35	0.004530480425088507
36	0.001941634467895074
37	0.001294422978596716
38	0.0
39	0.0
>>END_MODULE
>>Sequence Length Distribution	pass
#Length	Count
39	154509.0
>>END_MODULE
>>Sequence Duplication Levels	warn
#Total Duplicate Percentage	41.89141085632552
#Duplication Level	Relative count
1	100.0
2	19.47918871055768
3	5.054408963835025
4	1.5637704242451242
5	0.6493434169052048
6	0.29070091219941413
7	0.19714199792833834
8	0.10803827005112326
9	0.05791742312018979
10++	0.2093937605114554
>>END_MODULE
>>Overrepresented sequences	pass
>>END_MODULE
>>Kmer Content	warn
#Sequence	Count	Obs/Exp Overall	Obs/Exp Max	Max Obs/Exp Position
AAAAA	19960	3.8109066	4.7109585	35
TTCTT	15245	3.1958685	4.1831284	2
TTTTT	13660	3.1002536	8.658716	15
CTTCT	15740	3.047763	3.727638	30
CAGCA	17315	3.038653	3.7467513	24
AGCAG	14880	2.7457452	7.9107504	5
AGAAA	11820	2.2688963	6.283095	2
CAAAA	11855	2.1642134	7.349558	1
AAAAG	10675	2.049109	7.358277	2
AACAA	10395	1.8976803	5.558301	5
GCAGG	9640	1.7883961	6.9794216	6
AAGCA	8925	1.6380839	6.7144284	4
AAACA	8355	1.5252638	5.4961905	4
AAAGC	8115	1.4894176	6.4252906	3
CAAGG	7865	1.4512961	5.7474027	7
GAAAC	6455	1.184743	5.172359	3
TAGAA	5875	1.1674031	5.5998144	1
ACAAG	6275	1.1517061	5.106453	6
>>END_MODULE
