##FastQC	0.10.1
>>Basic Statistics	pass
#Measure	Value	
Filename	Sample_2_L001_trimmed.fastq	
File type	Conventional base calls	
Encoding	Sanger / Illumina 1.9	
Total Sequences	16300011	
Filtered Sequences	0	
Sequence length	20-51	
%GC	51	
>>END_MODULE
>>Per base sequence quality	pass
#Base	Mean	Median	Lower Quartile	Upper Quartile	10th Percentile	90th Percentile
1	32.32156205293359	34.0	31.0	34.0	30.0	34.0
2	32.54553496927088	34.0	31.0	34.0	31.0	34.0
3	32.62692190821221	34.0	31.0	34.0	31.0	34.0
4	35.97890001423925	37.0	35.0	37.0	35.0	37.0
5	36.09808484178323	37.0	35.0	37.0	35.0	37.0
6	35.96096800180074	37.0	35.0	37.0	35.0	37.0
7	35.9391785686525	37.0	35.0	37.0	35.0	37.0
8	35.92756931268329	37.0	35.0	37.0	35.0	37.0
9	37.614266395280346	39.0	37.0	39.0	35.0	39.0
10	37.641846438017744	39.0	37.0	39.0	35.0	39.0
11	37.64256680562976	39.0	37.0	39.0	35.0	39.0
12	37.6275764476478	39.0	37.0	39.0	35.0	39.0
13	37.51479069554002	39.0	37.0	39.0	34.0	39.0
14	38.860503897819456	40.0	38.0	41.0	35.0	41.0
15	38.829130053961315	40.0	38.0	41.0	34.0	41.0
16	38.75858685003342	40.0	38.0	41.0	34.0	41.0
17	38.77605947627888	40.0	38.0	41.0	34.0	41.0
18	38.78484965439594	40.0	38.0	41.0	34.0	41.0
19	38.82997618835963	40.0	38.0	41.0	34.0	41.0
20	38.82064809649515	40.0	38.0	41.0	34.0	41.0
21	38.787320676203116	40.0	38.0	41.0	34.0	41.0
22	38.692636249114834	40.0	38.0	41.0	34.0	41.0
23	38.697132967510925	40.0	38.0	41.0	34.0	41.0
24	38.730966588148426	40.0	38.0	41.0	34.0	41.0
25	38.71158088440634	40.0	38.0	41.0	34.0	41.0
26	38.646575364833495	40.0	38.0	41.0	34.0	41.0
27	38.597994289271966	40.0	38.0	41.0	34.0	41.0
28	38.57354374835326	40.0	38.0	41.0	34.0	41.0
29	38.529596804929035	40.0	38.0	41.0	34.0	41.0
30	38.50561820802805	40.0	38.0	41.0	34.0	41.0
31	38.433784305528725	40.0	38.0	41.0	34.0	41.0
32	38.39969149380112	40.0	38.0	41.0	34.0	41.0
33	38.363358259624626	40.0	38.0	41.0	34.0	41.0
34	38.31339123950905	40.0	38.0	41.0	33.0	41.0
35	38.24513359724187	40.0	38.0	41.0	33.0	41.0
36	38.19960032663991	40.0	38.0	41.0	33.0	41.0
37	38.15030261613374	40.0	38.0	41.0	33.0	41.0
38	38.093003187801244	40.0	37.0	41.0	33.0	41.0
39	38.02573373481603	40.0	37.0	41.0	33.0	41.0
40	37.942063854875364	40.0	37.0	41.0	33.0	41.0
41	37.86800444312178	40.0	37.0	41.0	33.0	41.0
42	37.79793940943246	40.0	37.0	41.0	33.0	41.0
43	37.74700607518426	40.0	37.0	41.0	33.0	41.0
44	37.66662174379363	40.0	36.0	41.0	32.0	41.0
45	37.61118874993924	40.0	36.0	41.0	32.0	41.0
46	37.54782308316222	40.0	36.0	41.0	32.0	41.0
47	37.467561911535626	39.0	35.0	41.0	32.0	41.0
48	37.39495426303582	39.0	35.0	41.0	32.0	41.0
49	37.32358866659688	39.0	35.0	41.0	32.0	41.0
50	37.302213119871574	39.0	35.0	41.0	32.0	41.0
51	37.447072036582405	39.0	35.0	41.0	32.0	41.0
>>END_MODULE
>>Per sequence quality scores	pass
#Quality	Count
11	6.0
12	14.0
13	45.0
14	107.0
15	235.0
16	455.0
17	863.0
18	1612.0
19	3071.0
20	5593.0
21	9814.0
22	16069.0
23	25795.0
24	39886.0
25	58105.0
26	81213.0
27	107801.0
28	139456.0
29	175656.0
30	216360.0
31	266702.0
32	330322.0
33	416002.0
34	544917.0
35	745077.0
36	1079707.0
37	1656563.0
38	2693929.0
39	7414013.0
40	270610.0
41	13.0
>>END_MODULE
>>Per base sequence content	fail
#Base	G	A	T	C
1	32.90138015655425	12.967786319016653	7.407952469494515	46.72288105493458
2	22.590141600889382	11.339789066472914	38.498334982328345	27.571734350309363
3	20.750833895193928	16.100474784984794	23.32164213396188	39.827049185859394
4	23.590040742306293	22.36496787425284	20.177386394241477	33.86760498919939
5	25.939704414107368	26.039342658751558	23.815693848686557	24.205259078454517
6	24.04773790532431	29.20654063683301	23.024584719401588	23.72113673844109
7	19.556198990822583	25.916631451960026	34.95060861319823	19.57656094401917
8	20.465754315488148	21.997710430852496	31.45328745197089	26.083247801688465
9	21.44086195791204	19.645157207601198	31.819655046773903	27.094325787712854
10	22.366453908092936	31.665142025381705	24.541667430981175	21.426736635544188
11	25.670722680678455	26.236330285540614	21.86353086163902	26.22941617214191
12	24.659118509696366	22.320652436985245	24.81907067619484	28.20115837712355
13	24.35095775276766	24.608945815206265	25.168425063615114	25.871671368410965
14	23.656253974307134	24.755155073208233	26.088448651967166	25.500142300517464
15	24.258235163154186	24.122032801082156	25.020572072006576	26.59915996375708
16	25.000604582378433	24.53630372942011	23.869292849760726	26.593798838440737
17	24.35450189015233	25.083311303693144	24.57694348512323	25.98524332103129
18	24.391774801078306	24.722578339997032	24.210038682805475	26.675608176119187
19	25.072061314325733	24.764527722931177	23.535160228142217	26.62825073460087
20	24.665188835171808	24.715667334907607	24.832378926907342	25.786764903013243
21	24.4770035690612	24.198722078286693	24.431681670074244	26.89259268257786
22	25.171888947492814	24.97870869394588	23.33400131993826	26.515401038623043
23	24.450689878408355	25.316086117443476	24.45575236172517	25.777471642422995
24	24.425941101263952	24.652419468817893	24.082958687274825	26.838680742643334
25	25.256171384089303	24.884745816598283	23.232977356211766	26.626105443100652
26	24.65551257229638	25.003824296004197	24.20554087085911	26.135122260840316
27	24.47495350755142	24.309667488512645	24.297892041498443	26.917486962437494
28	25.24827585571684	24.537525908600934	23.452120168627346	26.762078067054883
29	24.68162598342701	24.794950232642346	24.37564498343217	26.14777880049847
30	24.55301225324917	24.27340057223227	23.97773965734978	27.19584751716878
31	25.184768638519134	24.627240674889144	23.339465770300468	26.84852491629125
32	24.46433501021866	25.06373493443656	24.479289901927494	25.992640153417284
33	24.459609127987473	24.37058994474063	24.292773437944085	26.87702748932781
34	25.20416993960582	24.87310830263224	23.242576113506143	26.68014564425579
35	24.88678346890791	25.005085775781378	24.206534445718066	25.901596309592644
36	24.80352962907486	24.255494615634547	23.79597334122363	27.145002414066965
37	25.266033294330555	24.66984121614869	22.933954097675056	27.130171391845703
38	24.72468329296936	24.849512522510757	24.023963816195216	26.401840368324663
39	24.552142829891686	24.400330073214228	23.845026810756792	27.202500286137294
40	25.18709346692801	24.84493027933386	23.01730845783302	26.950667795905108
41	24.724348392940076	24.967901660911238	24.0449535622475	26.262796383901183
42	24.636601644694327	24.466912916972714	23.706176611751687	27.190308826581276
43	25.174395677825856	24.942824198682924	23.070458191639062	26.812321931852157
44	24.508810187603068	24.937605213965842	24.185177443841297	26.36840715458979
45	24.574328628830873	24.340109379327018	23.788845379281554	27.296716612560555
46	25.353015767155295	24.583699653725187	23.009247600591127	27.05403697852839
47	24.94201266727569	24.901329609291093	23.843153954380814	26.313503769052403
48	24.137230331991066	24.50673090105674	23.852421264431353	27.50361750252084
49	24.450263476136623	24.791230312031242	23.170258986208665	27.58824722562347
50	25.286073104968082	24.116015641782568	23.987560351531243	26.610350901718107
51	24.808534319116994	24.77457053174961	22.876426177052377	27.540468972081015
>>END_MODULE
>>Per base GC content	fail
#Base	%GC
1	79.62426121148883
2	50.161875951198745
3	60.57788308105333
4	57.45764573150569
5	50.14496349256189
6	47.7688746437654
7	39.13275993484175
8	46.54900211717661
9	48.535187745624896
10	43.793190543637124
11	51.90013885282036
12	52.86027688681991
13	50.22262912117862
14	49.1563962748246
15	50.857395126911264
16	51.59440342081917
17	50.339745211183626
18	51.0673829771975
19	51.7003120489266
20	50.451953738185054
21	51.36959625163906
22	51.68728998611586
23	50.22816152083135
24	51.264621843907285
25	51.882276827189955
26	50.79063483313669
27	51.39244046998891
28	52.01035392277172
29	50.82940478392548
30	51.74885977041795
31	52.03329355481039
32	50.456975163635946
33	51.33663661731528
34	51.88431558386162
35	50.788379778500556
36	51.948532043141824
37	52.39620468617626
38	51.12652366129402
39	51.75464311602897
40	52.137761262833116
41	50.98714477684126
42	51.8269104712756
43	51.98671760967801
44	50.87721734219286
45	51.87104524139142
46	52.40705274568369
47	51.255516436328094
48	51.6408478345119
49	52.03851070176009
50	51.89642400668619
51	52.34900329119802
>>END_MODULE
>>Per sequence GC content	pass
#GC Content	Count
0	1161.0
1	1066.0
2	762.0
3	725.0
4	878.5
5	840.0
6	824.0
7	872.5
8	942.5
9	1201.5
10	1473.0
11	1967.0
12	2466.0
13	3191.0
14	3934.5
15	5330.0
16	6784.0
17	9150.5
18	11714.0
19	15338.5
20	18902.0
21	24792.5
22	30787.5
23	38616.5
24	47015.5
25	58937.5
26	85327.0
27	101121.0
28	124534.0
29	148401.5
30	178577.5
31	208857.0
32	247372.5
33	286131.5
34	339985.0
35	396480.0
36	463528.0
37	528149.5
38	590318.0
39	654696.5
40	723520.0
41	791735.5
42	855767.5
43	918633.5
44	986888.0
45	1055558.5
46	1082292.0
47	1107529.5
48	1132462.5
49	1157264.5
50	1156562.0
51	1155222.5
52	1143353.0
53	1131078.5
54	1093612.0
55	1054773.0
56	1004852.0
57	955681.5
58	894905.0
59	832754.0
60	772672.5
61	712524.5
62	657898.0
63	603475.0
64	552011.5
65	501069.0
66	465209.5
67	429740.0
68	383909.5
69	337669.5
70	306201.5
71	275140.5
72	244350.5
73	213402.0
74	191233.0
75	151944.0
76	132219.5
77	115493.5
78	98955.5
79	85664.0
80	72798.0
81	63102.0
82	53326.5
83	45967.5
84	38810.0
85	33479.5
86	28242.5
87	24093.0
88	20016.5
89	16584.5
90	13200.5
91	10605.0
92	8067.5
93	6207.5
94	4342.5
95	3279.0
96	2261.5
97	1624.5
98	960.5
99	631.0
100	370.0
>>END_MODULE
>>Per base N content	pass
#Base	N-Count
1	0.0758649794776212
2	0.0011288335940386788
3	6.13496518499282E-6
4	6.13496518499282E-6
5	2.760734333246769E-4
6	4.907972147994256E-5
7	1.840489555497846E-5
8	6.13496518499282E-6
9	2.453986073997128E-5
10	1.226993036998564E-5
11	1.1042937332987076E-4
12	8.466251955290092E-4
13	1.9631888591977023E-4
14	0.0
15	0.0
16	0.04768708438294919
17	1.226993036998564E-5
18	2.453986073997128E-5
19	1.840489555497846E-5
20	1.226993036998564E-5
21	2.699550794747754E-4
22	7.178861455889057E-4
23	5.031776280844789E-4
24	8.591736455603092E-5
25	1.0433981193546791E-4
26	1.227703221407314E-5
27	9.945794804378189E-4
28	0.0021982106933371437
29	0.0013387717763818797
30	1.1669922984650366E-4
31	4.2387106702169454E-4
32	0.0014561453264985025
33	0.0017329127885829807
34	0.004167061554136951
35	0.007973073755788623
36	0.004728297804797052
37	0.005190534113955225
38	0.008236783346023763
39	0.007082165611797276
40	0.004936429923407166
41	0.004772187175895368
42	0.011148621040683407
43	0.010232213895827551
44	0.00662735791860975
45	0.00856103197372492
46	0.00640658884269054
47	0.008533397195108363
48	0.007086227643539129
49	0.008831653110251551
50	0.0
51	0.0
>>END_MODULE
>>Sequence Length Distribution	warn
#Length	Count
20	1003.0
21	1159.0
22	1417.0
23	1705.0
24	1809.0
25	2336.0
26	2291.0
27	2318.0
28	2391.0
29	2412.0
30	2635.0
31	2687.0
32	2669.0
33	2721.0
34	3206.0
35	3471.0
36	3412.0
37	4023.0
38	4255.0
39	5532.0
40	6626.0
41	13711.0
42	12722.0
43	7947.0
44	15916.0
45	18785.0
46	69410.0
47	352583.0
48	281766.0
49	58619.0
50	177546.0
51	1.5230928E7
>>END_MODULE
>>Sequence Duplication Levels	fail
#Total Duplicate Percentage	74.73108269365855
#Duplication Level	Relative count
1	100.0
2	53.10391024030813
3	27.88579083982249
4	17.43448044879846
5	12.301766725278405
6	9.475006279829188
7	7.478857908398225
8	6.380306455664406
9	5.283429624047559
10++	95.58067487231014
>>END_MODULE
>>Overrepresented sequences	pass
>>END_MODULE
>>Kmer Content	warn
#Sequence	Count	Obs/Exp Overall	Obs/Exp Max	Max Obs/Exp Position
AAAAA	3067415	4.9748745	7.5366464	10
TTCTT	2457785	3.4081955	6.8234525	6
TTTTT	2093040	3.239569	4.692881	5
CTTCT	2597195	3.2266815	6.915733	1
CAGCA	2467620	3.101267	4.2943764	9
TCTTC	2355550	2.9264686	5.5311804	7
TCTTG	1746100	2.404026	5.174885	7
CTTCA	1897990	2.380156	5.9362516	1
CTCCT	2056935	2.2895126	9.723251	1
CTGCT	1756930	2.167182	5.0048943	1
TCCTC	1882180	2.094998	6.737504	2
CTCCA	1838360	2.0654418	9.852392	1
TTGAA	1282465	2.0080037	5.7610664	7
TCCAG	1564750	1.9482552	6.459142	2
TCCTT	1559250	1.9371679	5.722474	2
CCTCC	1864145	1.858973	5.3019257	1
CCCAG	1493990	1.6665545	5.739914	1
GTCCA	1196820	1.4901491	6.2274184	1
>>END_MODULE
