##FastQC	0.10.1
>>Basic Statistics	pass
#Measure	Value	
Filename	Sample_4_L002_poly_any.fastq	
File type	Conventional base calls	
Encoding	Sanger / Illumina 1.9	
Total Sequences	14303190	
Filtered Sequences	0	
Sequence length	20-39	
%GC	54	
>>END_MODULE
>>Per base sequence quality	pass
#Base	Mean	Median	Lower Quartile	Upper Quartile	10th Percentile	90th Percentile
1	37.52743408987785	39.0	37.0	39.0	34.0	39.0
2	38.85951189909384	40.0	38.0	41.0	35.0	41.0
3	38.82911476390931	40.0	38.0	41.0	35.0	41.0
4	38.798536969724935	40.0	38.0	41.0	34.0	41.0
5	38.785126674539036	40.0	38.0	41.0	34.0	41.0
6	38.77902635705741	40.0	38.0	41.0	34.0	41.0
7	38.807010254355845	40.0	38.0	41.0	34.0	41.0
8	38.72221993834942	40.0	38.0	41.0	34.0	41.0
9	38.72674885812186	40.0	38.0	41.0	34.0	41.0
10	38.73148032012439	40.0	38.0	41.0	34.0	41.0
11	38.70664928592852	40.0	38.0	41.0	34.0	41.0
12	38.682673305745084	40.0	38.0	41.0	34.0	41.0
13	38.648524769649285	40.0	38.0	41.0	34.0	41.0
14	38.58710965875444	40.0	38.0	41.0	34.0	41.0
15	38.532143528821194	40.0	38.0	41.0	34.0	41.0
16	38.482836136554155	40.0	38.0	41.0	34.0	41.0
17	38.43161064070323	40.0	38.0	41.0	34.0	41.0
18	38.39670227410809	40.0	38.0	41.0	34.0	41.0
19	38.35042840093713	40.0	38.0	41.0	33.0	41.0
20	38.29289927631528	40.0	38.0	41.0	33.0	41.0
21	38.227543571979666	40.0	38.0	41.0	33.0	41.0
22	38.174294027546466	40.0	38.0	41.0	33.0	41.0
23	38.0996840813055	40.0	37.0	41.0	33.0	41.0
24	37.89979929415086	40.0	37.0	41.0	33.0	41.0
25	37.90227572350961	40.0	37.0	41.0	33.0	41.0
26	37.856228454016595	40.0	37.0	41.0	33.0	41.0
27	37.78648794251731	40.0	37.0	41.0	33.0	41.0
28	37.7064279727911	40.0	36.0	41.0	33.0	41.0
29	37.63599740463179	40.0	36.0	41.0	32.0	41.0
30	37.50102425969223	40.0	36.0	41.0	32.0	41.0
31	37.45709027945187	40.0	35.0	41.0	32.0	41.0
32	37.374150800859965	39.0	35.0	41.0	32.0	41.0
33	37.30026393575922	39.0	35.0	41.0	32.0	41.0
34	37.216989160827225	39.0	35.0	41.0	32.0	41.0
35	37.13050432068744	39.0	35.0	41.0	31.0	41.0
36	37.04348316919576	39.0	35.0	41.0	31.0	41.0
37	36.928050218111316	39.0	35.0	41.0	31.0	41.0
38	36.905100954114204	39.0	35.0	41.0	31.0	41.0
39	37.06099104801903	38.0	35.0	41.0	32.0	41.0
>>END_MODULE
>>Per sequence quality scores	pass
#Quality	Count
9	1.0
10	2.0
11	24.0
12	61.0
13	153.0
14	314.0
15	578.0
16	1156.0
17	1884.0
18	3472.0
19	5688.0
20	9286.0
21	14705.0
22	22389.0
23	32069.0
24	44975.0
25	60423.0
26	78250.0
27	99330.0
28	123333.0
29	149922.0
30	182588.0
31	220669.0
32	268284.0
33	334107.0
34	439869.0
35	584493.0
36	798897.0
37	1128477.0
38	1587299.0
39	2412617.0
40	5692929.0
41	4946.0
>>END_MODULE
>>Per base sequence content	pass
#Base	G	A	T	C
1	25.524466919617232	23.522780582513413	24.083305891902434	26.869446605966917
2	25.12285021732914	23.24301082485795	24.44563765146097	27.18850130635194
3	25.79284061807191	22.97005073693351	23.63277003241934	27.604338612575237
4	26.389308958351247	23.110956367076156	22.90150658699213	27.598228087580463
5	25.9512178751733	23.395193659596217	23.10094461445314	27.552643850777343
6	25.912366402180215	23.22920271631713	22.8617881745261	27.996642706976555
7	26.292078899881776	23.125694338116183	22.571223622143034	28.01100313985901
8	26.366684634686386	22.98947297770637	23.073663986844892	27.570178400762344
9	26.052880511270565	22.829844251527106	22.948447164583566	28.16882807261877
10	26.505723548383266	23.52419984632799	22.216155976394077	27.753920628894672
11	26.117145895426123	23.74109551785301	22.68985450098894	27.451904085731925
12	26.079343139537404	23.279988589957902	22.599573941197733	28.041094329306958
13	26.46912332144088	23.477685747025664	22.222518193493897	27.830672738039556
14	26.21960555652271	23.36531221356914	22.60706877277027	27.808013457137882
15	26.05293644284946	23.026527648727313	22.817616210090197	28.10291969833303
16	26.562584989782	23.2281470077654	22.288454533569084	27.920813468883516
17	26.25037491636481	23.210955038701155	22.70614457334343	27.832525471590603
18	26.089914207949416	23.065882505930496	22.6126479477655	28.231555338354593
19	26.563081382544734	23.17559928938929	22.196691786937038	28.06462754112894
20	26.097800560574246	23.397109316173527	22.833682556129087	27.67140756712314
21	26.104924244421362	22.96321447589723	22.821457255786896	28.11040402389451
22	26.621768826132325	23.31356776774431	22.088659112755877	27.976004293367485
23	26.465499486091286	23.30007473291986	22.616629783317162	27.617795997671692
24	26.532558948860796	22.92815390619955	22.23863381161394	28.300653333325716
25	26.81431021013086	23.076962293631738	21.774623453315105	28.334104042922302
26	26.42169824174883	23.13419175850317	22.358086870112473	28.086023129635524
27	26.34569389933703	22.811429993854585	22.31464833125787	28.528227775550512
28	26.661235167344287	23.169945100087315	21.793266678803196	28.375553053765195
29	26.45763450620623	23.069452538140126	22.432059774252906	28.040853181400742
30	26.489329307379066	22.9422496057655	22.014988484975714	28.55343260187972
31	26.856566856513318	23.1481846387949	21.77591710179904	28.219331402892745
32	26.393374851481326	22.92831319145065	22.412595610415675	28.265716346652347
33	26.4620014833934	22.666754883337838	22.139424694477725	28.731818938791037
34	27.125194911621097	22.723261540095834	21.63126325493871	28.520280293344364
35	27.19053665025023	22.760217119445663	21.692677484222912	28.356568746081194
36	26.45259228205048	22.439787954643514	21.84804899093984	29.25957077236616
37	26.713241673387035	22.263936797925695	21.34967378212074	29.67314774656653
38	28.379748680939414	20.830163984974817	21.046970035937434	29.74311729814833
39	27.05670323056239	22.68621178130265	20.661839790236904	29.595245197898063
>>END_MODULE
>>Per base GC content	pass
#Base	%GC
1	52.39391352558415
2	52.31135152368108
3	53.397179230647154
4	53.98753704593171
5	53.50386172595064
6	53.90900910915677
7	54.30308203974078
8	53.93686303544874
9	54.221708583889324
10	54.259644177277934
11	53.569049981158045
12	54.120437468844365
13	54.29979605948044
14	54.02761901366059
15	54.15585614118249
16	54.48339845866551
17	54.08290038795541
18	54.321469546304
19	54.627708923673666
20	53.76920812769739
21	54.21532826831588
22	54.59777311949981
23	54.08329548376298
24	54.83321228218651
25	55.148414253053154
26	54.507721371384356
27	54.87392167488754
28	55.03678822110949
29	54.49848768760697
30	55.042761909258786
31	55.07589825940607
32	54.659091198133666
33	55.19382042218444
34	55.64547520496546
35	55.54710539633143
36	55.71216305441664
37	56.38638941995357
38	58.12286597908775
39	56.65194842846045
>>END_MODULE
>>Per sequence GC content	pass
#GC Content	Count
0	5634.0
1	5410.0
2	3917.5
3	2634.0
4	2650.0
5	2503.5
6	2302.0
7	2133.5
8	1997.5
9	2104.0
10	2271.0
11	2374.0
12	3105.0
13	3985.5
14	5273.5
15	6671.0
16	7252.5
17	9525.5
18	12167.5
19	16562.0
20	20841.0
21	22044.0
22	28715.0
23	35692.0
24	47145.5
25	59052.0
26	62378.0
27	79410.5
28	97775.5
29	127809.0
30	157677.5
31	164382.0
32	212206.0
33	262583.0
34	273990.5
35	324629.0
36	375975.0
37	453050.5
38	533772.0
39	550631.5
40	635082.5
41	720191.5
42	804782.0
43	892816.5
44	911241.0
45	995731.5
46	1079594.5
47	1156921.5
48	1228543.0
49	1233328.0
50	1280524.0
51	1325722.5
52	1327892.0
53	1335197.5
54	1342588.0
55	1306975.0
56	1264255.0
57	1248813.0
58	1191837.5
59	1138703.0
60	1055102.5
61	968461.0
62	955575.5
63	874945.0
64	792568.5
65	728203.5
66	664740.5
67	653534.0
68	589215.5
69	525726.5
70	516768.5
71	459364.0
72	400940.0
73	352940.5
74	306589.0
75	300064.0
76	263373.0
77	227254.0
78	197316.0
79	167426.5
80	163166.0
81	139809.0
82	117372.0
83	100249.0
84	83652.0
85	81534.0
86	69254.5
87	57765.5
88	47977.0
89	38343.0
90	37551.0
91	30413.5
92	23668.5
93	22866.0
94	17925.5
95	13532.5
96	9880.0
97	6373.0
98	6213.0
99	4444.5
100	2836.0
>>END_MODULE
>>Per base N content	pass
#Base	N-Count
1	0.0
2	0.0
3	0.0
4	0.0
5	0.0
6	0.0
7	0.0
8	0.0
9	0.0
10	0.0
11	0.0
12	0.0
13	0.0
14	0.0
15	0.0
16	0.0
17	0.0
18	0.0
19	0.0
20	0.0
21	0.0
22	0.0
23	0.0
24	0.0
25	0.0
26	0.0
27	0.0
28	0.0
29	0.0
30	0.0
31	0.0
32	0.0
33	0.0
34	0.0
35	0.0
36	0.0
37	0.0
38	0.0
39	0.0
>>END_MODULE
>>Sequence Length Distribution	warn
#Length	Count
20	78165.0
21	74827.0
22	74741.0
23	75865.0
24	73032.0
25	77401.0
26	77918.0
27	77048.0
28	77628.0
29	83376.0
30	84791.0
31	81392.0
32	66421.0
33	121535.0
34	198361.0
35	393382.0
36	417833.0
37	234844.0
38	144949.0
39	1.1789681E7
>>END_MODULE
>>Sequence Duplication Levels	fail
#Total Duplicate Percentage	78.95064650340069
#Duplication Level	Relative count
1	100.0
2	62.42947883378704
3	36.6295814100288
4	22.85674833313607
5	15.842111492484317
6	12.080325087781592
7	9.57312502465775
8	7.931905156428769
9	6.858799857971357
10++	120.32193158953723
>>END_MODULE
>>Overrepresented sequences	pass
>>END_MODULE
>>Kmer Content	warn
#Sequence	Count	Obs/Exp Overall	Obs/Exp Max	Max Obs/Exp Position
CAGCA	1729150	3.234545	3.5997922	27
>>END_MODULE
