##FastQC	0.10.1
>>Basic Statistics	pass
#Measure	Value	
Filename	Control_3_filtered.fastq	
File type	Conventional base calls	
Encoding	Sanger / Illumina 1.9	
Total Sequences	22982455	
Filtered Sequences	0	
Sequence length	39	
%GC	52	
>>END_MODULE
>>Per base sequence quality	pass
#Base	Mean	Median	Lower Quartile	Upper Quartile	10th Percentile	90th Percentile
1	38.24821399628543	39.0	39.0	39.0	37.0	39.0
2	39.77719891108239	41.0	40.0	41.0	38.0	41.0
3	39.75830153915236	41.0	39.0	41.0	37.0	41.0
4	39.72845403156451	41.0	39.0	41.0	37.0	41.0
5	39.728230426209905	41.0	39.0	41.0	37.0	41.0
6	39.73040847898973	41.0	39.0	41.0	37.0	41.0
7	39.76321171954867	41.0	39.0	41.0	37.0	41.0
8	39.747611079843296	41.0	39.0	41.0	37.0	41.0
9	39.72585200319113	41.0	39.0	41.0	37.0	41.0
10	39.71042049250178	41.0	39.0	41.0	37.0	41.0
11	39.69322393974012	41.0	39.0	41.0	37.0	41.0
12	39.69456178637139	41.0	39.0	41.0	37.0	41.0
13	39.67337832272488	41.0	39.0	41.0	37.0	41.0
14	39.64832094743577	41.0	39.0	41.0	37.0	41.0
15	39.61949452310469	41.0	39.0	41.0	37.0	41.0
16	39.596297131877336	41.0	39.0	41.0	37.0	41.0
17	39.55937239951084	41.0	39.0	41.0	37.0	41.0
18	39.535593564743195	41.0	39.0	41.0	37.0	41.0
19	39.4908071396202	41.0	39.0	41.0	36.0	41.0
20	39.453011351485294	41.0	39.0	41.0	36.0	41.0
21	39.4090418103723	41.0	39.0	41.0	36.0	41.0
22	39.36753828083205	40.0	39.0	41.0	36.0	41.0
23	39.31067742762903	40.0	39.0	41.0	35.0	41.0
24	39.24937649176296	40.0	38.0	41.0	35.0	41.0
25	39.199766169454044	40.0	38.0	41.0	35.0	41.0
26	39.145459351492256	40.0	38.0	41.0	35.0	41.0
27	39.07077002870233	40.0	38.0	41.0	35.0	41.0
28	38.99064843159706	40.0	38.0	41.0	35.0	41.0
29	38.92200385032844	40.0	38.0	41.0	35.0	41.0
30	38.835247235336695	40.0	38.0	41.0	35.0	41.0
31	38.774755568976424	40.0	38.0	41.0	35.0	41.0
32	38.68953956398479	40.0	37.0	41.0	35.0	41.0
33	38.608728571425466	40.0	37.0	41.0	35.0	41.0
34	38.52467340847616	40.0	37.0	41.0	35.0	41.0
35	38.429736596895324	40.0	37.0	41.0	35.0	41.0
36	38.33091099275513	40.0	36.0	41.0	34.0	41.0
37	38.20887185463868	40.0	36.0	41.0	34.0	41.0
38	38.09825991174572	39.0	36.0	41.0	34.0	41.0
39	37.963696872244505	39.0	35.0	41.0	34.0	41.0
>>END_MODULE
>>Per sequence quality scores	pass
#Quality	Count
25	1.0
26	4.0
27	60.0
28	379.0
29	2149.0
30	9371.0
31	33553.0
32	96088.0
33	227529.0
34	476210.0
35	819415.0
36	1293297.0
37	1962859.0
38	2850282.0
39	4365034.0
40	1.0846224E7
>>END_MODULE
>>Per base sequence content	pass
#Base	G	A	T	C
1	24.445669533563755	24.207561811825588	24.8830292499213	26.463739404689356
2	23.922796759528083	24.109369516877113	25.246641405367704	26.7211923182271
3	24.498253123959124	23.60619437740659	24.620537710179352	27.275014788454932
4	25.27177797150043	23.763044461525105	23.555486130615723	27.409691436358735
5	24.732514433292703	24.166643641856364	23.95046569219868	27.150376232652256
6	24.413766936560954	24.09364882907418	23.977255693527955	27.515328540836915
7	25.043164448706634	23.921587141147455	23.428010628107398	27.607237782038517
8	25.10304055854781	23.92607752304965	23.98949546512764	26.9813864532749
9	24.69746160712596	23.808318127893646	24.042131269266058	27.45208899571434
10	25.32852560790394	24.468643580505216	22.919570602879457	27.283260208711386
11	24.990315438450768	24.77377199259174	23.529170404119142	26.706742164838353
12	24.71102847802813	24.22227303392958	23.57461376515259	27.492084722889697
13	25.306547973225662	24.353581895406734	22.97178434592823	27.368085785439373
14	24.985481316073503	24.291447541178695	23.41494413890944	27.30812700383836
15	24.58538915881702	23.917662408128287	23.859404924321616	27.637543508733074
16	25.226056137170726	24.129815548425963	23.187427104719667	27.456701209683647
17	25.02641253947849	24.29225685419595	23.56065529117755	27.120675315148013
18	24.681431988009983	23.953689890831942	23.67523399915283	27.68964412200524
19	25.215269648085897	24.15828074067805	23.013307325087766	27.61314228614828
20	24.8292360411453	24.418970906284816	23.669068426327822	27.08272462624206
21	24.569624959561544	23.907180499211247	23.943007829233213	27.580186711994
22	25.25420804696452	24.281300670446214	22.927833427716926	27.536657854872338
23	25.115502238555454	24.444181441886865	23.411219558571965	27.029096760985716
24	24.851422530795773	24.00189622910172	23.386696503920053	27.759984736182446
25	25.35196957853284	24.089045317395378	22.688446469274062	27.87053863479772
26	24.972836887965187	24.28819288452865	23.263833215381037	27.475137012125117
27	24.650386566622235	24.024335085176933	23.48306131786182	27.84221703033901
28	25.153692240450376	24.326526474216962	22.67497967471273	27.84480161061993
29	24.954361925216432	24.341920826125843	23.345404135458985	27.35831311319874
30	24.79300840575996	24.044924704519165	23.309468026805664	27.85259886291521
31	25.17660102021303	24.345649757608577	22.758217083422984	27.719532138755408
32	24.869619020248273	24.22808616398901	23.476939256489352	27.425355559273367
33	24.726244432981595	23.857903779208968	23.297328331546826	28.11852345626261
34	25.354841334400525	24.009375847793457	22.733071814999747	27.902711002806267
35	25.1996403343333	24.046069055720984	23.182305806755632	27.571984803190087
36	24.57649106677246	23.938217218308488	23.198152677770935	28.28713903714812
37	25.613534324335674	23.87350698609004	22.600327075588748	27.91263161398554
38	25.504725234967285	24.16506417612914	23.066582747578536	27.263627841325043
39	25.261578887024903	23.93558477542978	22.958147856701995	27.84468848084332
>>END_MODULE
>>Per base GC content	pass
#Base	%GC
1	50.90940893825312
2	50.64398907775518
3	51.773267912414056
4	52.68146940785917
5	51.882890665944956
6	51.929095477397865
7	52.65040223074515
8	52.08442701182271
9	52.1495506028403
10	52.61178581661533
11	51.69705760328912
12	52.20311320091783
13	52.67463375866504
14	52.29360831991187
15	52.22293266755009
16	52.68275734685437
17	52.14708785462649
18	52.371076110015224
19	52.828411934234175
20	51.911960667387355
21	52.14981167155555
22	52.79086590183686
23	52.14459899954117
24	52.611407266978226
25	53.222508213330556
26	52.447973900090304
27	52.49260359696125
28	52.99849385107031
29	52.312675038415165
30	52.645607268675164
31	52.89613315896844
32	52.294974579521636
33	52.8447678892442
34	53.25755233720679
35	52.77162513752338
36	52.86363010392058
37	53.52616593832121
38	52.76835307629233
39	53.106267367868234
>>END_MODULE
>>Per sequence GC content	pass
#GC Content	Count
0	6653.0
1	3947.0
2	1241.0
3	1241.0
4	1483.0
5	1725.0
6	2247.0
7	2769.0
8	2769.0
9	3879.5
10	4990.0
11	4990.0
12	7620.5
13	10251.0
14	18665.0
15	27079.0
16	27079.0
17	31491.0
18	35903.0
19	48337.5
20	60772.0
21	60772.0
22	83320.5
23	105869.0
24	142187.5
25	178506.0
26	178506.0
27	216600.0
28	254694.0
29	323919.0
30	393144.0
31	393144.0
32	500595.5
33	608047.0
34	608047.0
35	703315.5
36	798584.0
37	930678.5
38	1062773.0
39	1062773.0
40	1183951.5
41	1305130.0
42	1408877.0
43	1512624.0
44	1512624.0
45	1624011.0
46	1735398.0
47	1806793.0
48	1878188.0
49	1878188.0
50	1913752.0
51	1949316.0
52	1949316.0
53	1919899.5
54	1890483.0
55	1805796.0
56	1721109.0
57	1721109.0
58	1624596.0
59	1528083.0
60	1409567.5
61	1291052.0
62	1291052.0
63	1181309.0
64	1071566.0
65	988610.5
66	905655.0
67	905655.0
68	818115.5
69	730576.0
70	730576.0
71	643539.0
72	556502.0
73	491266.0
74	426030.0
75	426030.0
76	367187.0
77	308344.0
78	263522.0
79	218700.0
80	218700.0
81	183717.0
82	148734.0
83	124912.0
84	101090.0
85	101090.0
86	84058.5
87	67027.0
88	54385.5
89	41744.0
90	41744.0
91	32688.0
92	23632.0
93	23632.0
94	18004.5
95	12377.0
96	8499.0
97	4621.0
98	4621.0
99	3047.5
100	1474.0
>>END_MODULE
>>Per base N content	pass
#Base	N-Count
1	0.0
2	0.0
3	0.0
4	0.0
5	0.0
6	0.0
7	0.0
8	0.0
9	0.0
10	0.0
11	0.0
12	0.0
13	0.0
14	0.0
15	0.0
16	0.0
17	0.0
18	0.0
19	0.0
20	0.0
21	0.0
22	0.0
23	0.0
24	0.0
25	0.0
26	0.0
27	0.0
28	0.0
29	0.0
30	0.0
31	0.0
32	0.0
33	0.0
34	0.0
35	0.0
36	0.0
37	0.0
38	0.0
39	0.0
>>END_MODULE
>>Sequence Length Distribution	pass
#Length	Count
39	2.2982455E7
>>END_MODULE
>>Sequence Duplication Levels	fail
#Total Duplicate Percentage	85.58291332063247
#Duplication Level	Relative count
1	100.0
2	77.41287984388067
3	48.98243657652635
4	32.422637301366045
5	23.866741009199888
6	18.56425982715361
7	14.736548647895177
8	12.266517981600224
9	10.337329244494006
10++	218.97964873153052
>>END_MODULE
>>Overrepresented sequences	pass
>>END_MODULE
>>Kmer Content	warn
#Sequence	Count	Obs/Exp Overall	Obs/Exp Max	Max Obs/Exp Position
AAAAA	3146975	4.7886415	5.396661	11
TTCTT	2414185	3.6037357	4.134201	1
CAGCA	2921255	3.315826	3.5903647	27
CTTCT	2568405	3.2750585	3.766074	2
TTTTT	1842355	3.219457	3.865094	1
TCTTC	2403680	3.0650122	3.4619226	1
>>END_MODULE
