##FastQC	0.10.1
>>Basic Statistics	pass
#Measure	Value	
Filename	Sample_2_L002_poly.fastq	
File type	Conventional base calls	
Encoding	Sanger / Illumina 1.9	
Total Sequences	16144413	
Filtered Sequences	0	
Sequence length	20-39	
%GC	51	
>>END_MODULE
>>Per base sequence quality	pass
#Base	Mean	Median	Lower Quartile	Upper Quartile	10th Percentile	90th Percentile
1	37.554969573684716	39.0	37.0	39.0	35.0	39.0
2	38.90416765230176	41.0	38.0	41.0	35.0	41.0
3	38.880648308489135	41.0	38.0	41.0	35.0	41.0
4	38.855885934037985	40.0	38.0	41.0	35.0	41.0
5	38.844128801709914	40.0	38.0	41.0	35.0	41.0
6	38.84712711450085	40.0	38.0	41.0	35.0	41.0
7	38.88186526199497	40.0	38.0	41.0	35.0	41.0
8	38.8005630802433	40.0	38.0	41.0	34.0	41.0
9	38.807404889852606	40.0	38.0	41.0	34.0	41.0
10	38.817469857838745	40.0	38.0	41.0	34.0	41.0
11	38.79644698137987	40.0	38.0	41.0	34.0	41.0
12	38.78088847206771	40.0	38.0	41.0	34.0	41.0
13	38.75065801401389	40.0	38.0	41.0	34.0	41.0
14	38.692454225495844	40.0	38.0	41.0	34.0	41.0
15	38.64208726573087	40.0	38.0	41.0	34.0	41.0
16	38.599141573001134	40.0	38.0	41.0	34.0	41.0
17	38.5525087223673	40.0	38.0	41.0	34.0	41.0
18	38.5259382301481	40.0	38.0	41.0	34.0	41.0
19	38.48990787091485	40.0	38.0	41.0	34.0	41.0
20	38.43763913869151	40.0	38.0	41.0	34.0	41.0
21	38.38175019755059	40.0	38.0	41.0	34.0	41.0
22	38.340848379350355	40.0	38.0	41.0	33.0	41.0
23	38.27286323602382	40.0	38.0	41.0	33.0	41.0
24	38.084932406872305	40.0	38.0	41.0	33.0	41.0
25	38.102582201025115	40.0	38.0	41.0	33.0	41.0
26	38.06874867819517	40.0	37.0	41.0	33.0	41.0
27	38.01053721649907	40.0	37.0	41.0	33.0	41.0
28	37.94660874093956	40.0	37.0	41.0	33.0	41.0
29	37.89217373759399	40.0	37.0	41.0	33.0	41.0
30	37.77538842688528	40.0	37.0	41.0	33.0	41.0
31	37.74965318442138	40.0	37.0	41.0	33.0	41.0
32	37.68390953354431	40.0	36.0	41.0	32.0	41.0
33	37.626399246148516	40.0	36.0	41.0	32.0	41.0
34	37.558505789444965	40.0	36.0	41.0	32.0	41.0
35	37.482949275669625	39.0	35.0	41.0	32.0	41.0
36	37.41494266296128	39.0	35.0	41.0	32.0	41.0
37	37.29140418014094	39.0	35.0	41.0	32.0	41.0
38	37.261291803852615	39.0	35.0	41.0	32.0	41.0
39	37.423601904183144	39.0	35.0	41.0	32.0	41.0
>>END_MODULE
>>Per sequence quality scores	pass
#Quality	Count
9	3.0
10	14.0
11	24.0
12	87.0
13	163.0
14	330.0
15	653.0
16	1207.0
17	2176.0
18	3702.0
19	6082.0
20	10107.0
21	15927.0
22	24233.0
23	34615.0
24	48089.0
25	64957.0
26	84098.0
27	106841.0
28	132481.0
29	162649.0
30	197317.0
31	237256.0
32	287706.0
33	356032.0
34	458016.0
35	605850.0
36	824376.0
37	1172069.0
38	1691490.0
39	2683579.0
40	6926903.0
41	5381.0
>>END_MODULE
>>Per base sequence content	pass
#Base	G	A	T	C
1	24.365799138426347	24.59569292458592	25.166336191122973	25.872171745864765
2	23.65619610945285	24.746839665214214	26.09655117222286	25.500413053110076
3	24.25395708100381	24.116838438164336	25.015675701556937	26.61352877927491
4	25.05160763664805	24.516896340548275	23.853663803075403	26.577832219728275
5	24.35464190730054	25.066894675426028	24.598268044373754	25.980195372899683
6	24.40585014802645	24.69767248259026	24.20898946335116	26.687487906032132
7	25.045718605298227	24.786997507248948	23.53024068018086	26.637043207271965
8	24.73174459343789	24.697026692026945	24.806482541417278	25.764746173117885
9	24.48588918355118	24.15883840482965	24.445137913225253	26.910134498393923
10	25.13647605638287	24.951142522608606	23.390756935203626	26.521624485804896
11	24.448260434441853	25.292314393391074	24.455389864947776	25.8040353072193
12	24.419835062328115	24.65267469181888	24.100338704543233	26.827151541309767
13	25.24686970906099	24.846525216939728	23.24713556064767	26.65946951335161
14	24.648696527428285	24.974618094537572	24.209100692965816	26.16758468506833
15	24.489639654317727	24.27023367662767	24.277122443242323	26.96300422581228
16	25.249866678510585	24.51144929456532	23.46411754863888	26.774566478285216
17	24.708960958629103	24.74906860445338	24.37572991269727	26.166240524220246
18	24.55680213891155	24.252715918375944	23.97438732709773	27.21609461561477
19	25.18457260892435	24.607242768418175	23.352479794136936	26.855704828520537
20	24.482018671392254	25.028674450326104	24.49718204653905	25.99212483174259
21	24.481820863446952	24.32407113626086	24.2796167042841	26.91449129600809
22	25.219629068153093	24.864548003300285	23.208252816875444	26.707570111671174
23	24.891162193451155	24.991664575191482	24.185023558306227	25.932149673051136
24	24.876637093629075	24.249570478961687	23.75236771341042	27.12142471399882
25	25.31102789442956	24.598630972440713	22.938449079589628	27.1518920535401
26	24.765205276396344	24.787546588864384	24.02997694148239	26.41727119325688
27	24.58936917080764	24.338890308682252	23.842004704913105	27.229735815597007
28	25.224566472085662	24.75967632963239	23.02596217353191	26.98979502475004
29	24.754345738896053	24.868644880393692	24.059493738163773	26.317515642546486
30	24.7187606126749	24.373357934709798	23.65643769295843	27.251443759656873
31	25.255352602271458	24.792299006412073	23.040816465174935	26.911531926141535
32	24.59369535853349	24.757517988890207	24.176087710457868	26.472698942118438
33	24.70156126617163	24.120247935641387	23.717237460082895	27.460953338104083
34	25.506975478018536	24.32777266744174	22.95081082895017	27.214441025589558
35	25.192472574234365	24.500628739212754	23.709709888761036	26.597188797791844
36	24.584368078055537	23.84847550959881	23.528034019675896	28.039122392669764
37	25.55093615783982	23.37165436640598	22.267920969580405	28.809488506173786
38	26.43071525214656	22.641645332951377	23.12049501774855	27.807144397153515
39	25.92145972921638	23.34412515894141	21.974721127171698	28.759693984670516
>>END_MODULE
>>Per base GC content	pass
#Base	%GC
1	50.23797088429111
2	49.15660916256292
3	50.86748586027873
4	51.62943985637632
5	50.33483728020022
6	51.09333805405858
7	51.6827618125702
8	50.49649076655578
9	51.3960236819451
10	51.65810054218777
11	50.25229574166116
12	51.24698660363789
13	51.9063392224126
14	50.81628121249662
15	51.45264388013001
16	52.0244331567958
17	50.875201482849356
18	51.77289675452632
19	52.04027743744489
20	50.47414350313485
21	51.396312159455036
22	51.92719917982427
23	50.82331186650229
24	51.99806180762789
25	52.46291994796965
26	51.182476469653224
27	51.81910498640464
28	52.21436149683571
29	51.07186138144254
30	51.97020437233177
31	52.16688452841299
32	51.06639430065193
33	52.162514604275714
34	52.72141650360809
35	51.78966137202621
36	52.6234904707253
37	54.36042466401361
38	54.23785964930007
39	54.681153713886886
>>END_MODULE
>>Per sequence GC content	pass
#GC Content	Count
0	141.0
1	254.0
2	392.0
3	419.0
4	647.5
5	900.0
6	1357.0
7	1874.5
8	1984.5
9	2680.0
10	3511.0
11	3725.0
12	5328.0
13	7206.0
14	10438.0
15	13721.0
16	15140.0
17	21285.0
18	27037.0
19	36191.5
20	44665.5
21	45923.0
22	60985.5
23	75081.0
24	100699.5
25	126651.0
26	130177.0
27	161182.5
28	190266.5
29	238659.5
30	289321.0
31	293831.5
32	369634.5
33	448635.0
34	454704.0
35	520504.5
36	589501.5
37	693927.0
38	801657.0
39	814212.0
40	909780.0
41	1005354.5
42	1081203.5
43	1157557.5
44	1165195.0
45	1243281.5
46	1321576.5
47	1371037.5
48	1417067.5
49	1415501.0
50	1431068.5
51	1445590.0
52	1443519.5
53	1411964.0
54	1376353.0
55	1298125.5
56	1219597.0
57	1209236.0
58	1136948.0
59	1066924.0
60	968527.5
61	868887.0
62	862410.0
63	779287.0
64	694482.0
65	628345.0
66	564703.0
67	561354.0
68	500040.0
69	441089.5
70	438079.0
71	386001.5
72	334090.0
73	291409.5
74	249472.5
75	246697.5
76	211949.0
77	177711.0
78	152961.5
79	127600.5
80	125655.0
81	106772.5
82	88123.5
83	74351.5
84	60715.5
85	59676.0
86	50281.0
87	41121.0
88	34170.5
89	27327.0
90	26867.5
91	21566.0
92	16476.5
93	16002.5
94	12344.5
95	9012.5
96	6489.5
97	4036.0
98	3898.5
99	2703.5
100	1646.0
>>END_MODULE
>>Per base N content	pass
#Base	N-Count
1	6.194093275487935E-6
2	0.0
3	0.0
4	0.0
5	2.477637310195174E-5
6	6.194093275487935E-6
7	6.194093275487935E-6
8	2.477637310195174E-5
9	8.114262190889196E-4
10	3.716455965292761E-5
11	4.088101561822037E-4
12	0.0015732996919739354
13	4.150042494576916E-4
14	2.3537554446854153E-4
15	0.013571258366594065
16	0.006838278976138681
17	0.0022236794859001687
18	0.010053013386116917
19	5.512743015184263E-4
20	0.0015485233188719837
21	0.008128149696727708
22	9.480635894133643E-4
23	0.010852385126170908
24	0.012746051172915683
25	0.006387411515746396
26	0.005812994418594783
27	0.014877165629961381
28	0.00882499123245505
29	0.00706122021987869
30	0.020668455193590587
31	0.0088059373331359
32	0.0030568808797778037
33	0.004051889193336393
34	0.006491604505110805
35	0.006712000266457563
36	0.005284910089408167
37	0.01994735449571666
38	0.0
39	0.0
>>END_MODULE
>>Sequence Length Distribution	warn
#Length	Count
20	2978.0
21	3277.0
22	3456.0
23	4216.0
24	5018.0
25	6409.0
26	7119.0
27	9941.0
28	14128.0
29	24745.0
30	17134.0
31	16581.0
32	36871.0
33	48870.0
34	121263.0
35	476829.0
36	646887.0
37	51297.0
38	163283.0
39	1.4484111E7
>>END_MODULE
>>Sequence Duplication Levels	fail
#Total Duplicate Percentage	78.81172833203318
#Duplication Level	Relative count
1	100.0
2	56.551910250973435
3	32.36053818574347
4	20.98191911793053
5	14.690234781602992
6	11.692817764755773
7	9.34500173483943
8	7.820270634951232
9	6.862253749180771
10++	125.21492732950384
>>END_MODULE
>>Overrepresented sequences	pass
>>END_MODULE
>>Kmer Content	warn
#Sequence	Count	Obs/Exp Overall	Obs/Exp Max	Max Obs/Exp Position
AAAAA	2051340	4.157222	5.24079	11
TTCTT	1662415	3.4234807	4.1831694	11
CTTCT	1731630	3.1789458	3.851489	10
CAGCA	1868645	3.1279652	3.5503097	27
TTTTT	1307495	3.0204306	4.012641	1
TCTTC	1643515	3.0171833	3.4968777	12
>>END_MODULE
