##FastQC	0.10.1
>>Basic Statistics	pass
#Measure	Value	
Filename	Treat_2_filtered.fastq	
File type	Conventional base calls	
Encoding	Sanger / Illumina 1.9	
Total Sequences	34020865	
Filtered Sequences	0	
Sequence length	39	
%GC	51	
>>END_MODULE
>>Per base sequence quality	pass
#Base	Mean	Median	Lower Quartile	Upper Quartile	10th Percentile	90th Percentile
1	38.24315175407798	39.0	39.0	39.0	37.0	39.0
2	39.76971144031758	41.0	39.0	41.0	37.0	41.0
3	39.7533878400799	41.0	39.0	41.0	37.0	41.0
4	39.72524087791419	41.0	39.0	41.0	37.0	41.0
5	39.725996208503226	41.0	39.0	41.0	37.0	41.0
6	39.728499231280566	41.0	39.0	41.0	37.0	41.0
7	39.76403712839165	41.0	39.0	41.0	37.0	41.0
8	39.748822788603405	41.0	39.0	41.0	37.0	41.0
9	39.72790868192211	41.0	39.0	41.0	37.0	41.0
10	39.71537619634304	41.0	39.0	41.0	37.0	41.0
11	39.69928004476077	41.0	39.0	41.0	37.0	41.0
12	39.70215672058897	41.0	39.0	41.0	37.0	41.0
13	39.683418719659244	41.0	39.0	41.0	37.0	41.0
14	39.65915340482965	41.0	39.0	41.0	37.0	41.0
15	39.63179295999676	41.0	39.0	41.0	37.0	41.0
16	39.61185778198173	41.0	39.0	41.0	37.0	41.0
17	39.57807630699572	41.0	39.0	41.0	37.0	41.0
18	39.55602113585295	41.0	39.0	41.0	37.0	41.0
19	39.51325003053273	41.0	39.0	41.0	36.0	41.0
20	39.47912529560903	41.0	39.0	41.0	36.0	41.0
21	39.436756825553964	41.0	39.0	41.0	36.0	41.0
22	39.400256666019516	41.0	39.0	41.0	36.0	41.0
23	39.34645397758111	40.0	39.0	41.0	36.0	41.0
24	39.29141592960673	40.0	39.0	41.0	35.0	41.0
25	39.24624071139873	40.0	38.0	41.0	35.0	41.0
26	39.19695798446042	40.0	38.0	41.0	35.0	41.0
27	39.124879511440994	40.0	38.0	41.0	35.0	41.0
28	39.051138352890206	40.0	38.0	41.0	35.0	41.0
29	38.986488850298194	40.0	38.0	41.0	35.0	41.0
30	38.90447085928003	40.0	38.0	41.0	35.0	41.0
31	38.850869723624015	40.0	38.0	41.0	35.0	41.0
32	38.768523022562775	40.0	38.0	41.0	35.0	41.0
33	38.69161419029175	40.0	37.0	41.0	35.0	41.0
34	38.612392130535184	40.0	37.0	41.0	35.0	41.0
35	38.52012801555751	40.0	37.0	41.0	35.0	41.0
36	38.42441016711362	40.0	37.0	41.0	35.0	41.0
37	38.307482863824895	40.0	36.0	41.0	34.0	41.0
38	38.19918100259943	39.0	36.0	41.0	34.0	41.0
39	38.068767857607384	39.0	36.0	41.0	34.0	41.0
>>END_MODULE
>>Per sequence quality scores	pass
#Quality	Count
26	8.0
27	46.0
28	502.0
29	2837.0
30	12620.0
31	46957.0
32	138286.0
33	327410.0
34	687346.0
35	1176588.0
36	1844346.0
37	2806011.0
38	4128267.0
39	6458932.0
40	1.6390709E7
>>END_MODULE
>>Per base sequence content	pass
#Base	G	A	T	C
1	24.348619589772337	24.151534653807303	25.768565849222234	25.73127990719813
2	23.853558691114994	24.242766902017333	26.089906885083607	25.813767521784058
3	24.339292960364176	23.61999907997636	25.51823711713385	26.522470842525607
4	25.19995008945246	23.784392313364165	24.19844410187689	26.817213495306486
5	24.739750150385653	24.29588136574423	24.48886881623968	26.475499667630437
6	24.29425001392528	24.102823370305252	24.590944410143596	27.011982205625873
7	25.100596354619437	23.809277042191606	23.85222421593337	27.237902387255588
8	25.078013154574407	23.82426490331742	24.54056356297819	26.557158379129987
9	24.46174428545541	23.662599407745805	24.69932495837481	27.176331348423975
10	25.265242374054864	24.238060966409876	23.525715762958995	26.970980896576265
11	24.912491202090248	24.618233545796087	24.223340588194922	26.245934663918746
12	24.5147705680029	24.082468214726465	24.30162489989599	27.101136317374646
13	25.293292807222862	24.164182774306298	23.504311251345314	27.03821316712553
14	24.977416065111807	24.304437879518936	24.001141652336	26.717004403033258
15	24.422062754724198	23.888478438158465	24.501090727704895	27.188368079412445
16	25.23588392005906	23.987814536755607	23.739058369033238	27.0372431741521
17	24.966522750082927	24.209011146541982	24.1884678711138	26.635998232261286
18	24.57630633436275	23.847726975783832	24.37697277832295	27.198993911530465
19	25.157482033452116	24.024683087863874	23.61808848775597	27.199746390928038
20	24.814263246980932	24.395931731894528	24.229727844956322	26.56007717616821
21	24.381934439350676	23.87540410862569	24.60898627944939	27.13367517257424
22	25.204867659890485	24.250635602592702	23.396921271696062	27.147575465820754
23	25.1156753362973	24.40570808531764	23.99011312616537	26.488503452219692
24	24.690336356821028	23.990703940067366	23.978526119191855	27.340433583919747
25	25.232430157199122	24.086465761526053	23.200953297336795	27.480150783938033
26	25.00889674615857	24.27498242622579	23.795655989346535	26.920464838269105
27	24.497504693075854	23.94198971719267	24.102485342450876	27.4580202472806
28	25.114861130074146	24.225812600590842	23.150454875265517	27.508871394069494
29	24.928722417845638	24.305034572166228	23.854540441579015	26.911702568409122
30	24.609339004167	23.9976085264146	23.982702967722897	27.410349501695503
31	25.102245342674266	24.239174988643	23.26675115403444	27.391828514648292
32	24.84863333133946	24.195384214951616	24.031993307636355	26.923989146072564
33	24.58993032658047	23.818303855589797	23.969896121100977	27.62186969672876
34	25.371247909187495	23.92002084603081	23.192326238618566	27.51640500616313
35	25.159007567855785	24.05231025137074	23.763813765464224	27.02486841530925
36	24.464230994714566	23.84986096032538	23.851016133775552	27.834891911184506
37	25.550299793964676	23.73246829555921	23.176224355259635	27.541007555216485
38	25.49887546950967	24.146911020633954	23.675512071783007	26.67870143807337
39	25.046476625447355	23.874051997208184	23.65714687148607	27.42232450585839
>>END_MODULE
>>Per base GC content	pass
#Base	%GC
1	50.07989949697046
2	49.667326212899056
3	50.86176380288978
4	52.01716358475894
5	51.2152498180161
6	51.30623221955115
7	52.33849874187503
8	51.635171533704394
9	51.63807563387939
10	52.23622327063112
11	51.158425866009
12	51.61590688537755
13	52.33150597434839
14	51.69442046814506
15	51.61043083413664
16	52.273127094211155
17	51.60252098234422
18	51.77530024589322
19	52.35722842438015
20	51.37434042314914
21	51.515609611924916
22	52.35244312571123
23	51.60417878851698
24	52.030769940740775
25	52.712580941137155
26	51.92936158442767
27	51.955524940356455
28	52.62373252414364
29	51.84042498625476
30	52.019688505862504
31	52.494073857322554
32	51.77262247741202
33	52.21180002330923
34	52.88765291535063
35	52.18387598316504
36	52.299122905899075
37	53.09130734918116
38	52.17757690758303
39	52.46880113130574
>>END_MODULE
>>Per sequence GC content	pass
#GC Content	Count
0	4501.0
1	2408.5
2	316.0
3	316.0
4	457.5
5	599.0
6	1196.0
7	1793.0
8	1793.0
9	3115.0
10	4437.0
11	4437.0
12	7441.0
13	10445.0
14	20607.0
15	30769.0
16	30769.0
17	37889.5
18	45010.0
19	62800.5
20	80591.0
21	80591.0
22	113209.5
23	145828.0
24	200676.0
25	255524.0
26	255524.0
27	317933.0
28	380342.0
29	486255.0
30	592168.0
31	592168.0
32	753582.5
33	914997.0
34	914997.0
35	1072350.5
36	1229704.0
37	1448580.0
38	1667456.0
39	1667456.0
40	1862221.5
41	2056987.0
42	2221304.0
43	2385621.0
44	2385621.0
45	2553298.0
46	2720975.0
47	2815944.0
48	2910913.0
49	2910913.0
50	2946131.5
51	2981350.0
52	2981350.0
53	2907662.5
54	2833975.0
55	2676255.0
56	2518535.0
57	2518535.0
58	2360058.0
59	2201581.0
60	2018447.0
61	1835313.0
62	1835313.0
63	1669552.0
64	1503791.0
65	1376579.0
66	1249367.0
67	1249367.0
68	1121830.5
69	994294.0
70	994294.0
71	870021.5
72	745749.0
73	649348.5
74	552948.0
75	552948.0
76	474977.5
77	397007.0
78	336182.0
79	275357.0
80	275357.0
81	229643.5
82	183930.0
83	153407.5
84	122885.0
85	122885.0
86	101461.5
87	80038.0
88	65363.5
89	50689.0
90	50689.0
91	40305.0
92	29921.0
93	29921.0
94	23074.0
95	16227.0
96	11396.0
97	6565.0
98	6565.0
99	4466.0
100	2367.0
>>END_MODULE
>>Per base N content	pass
#Base	N-Count
1	0.0
2	0.0
3	0.0
4	0.0
5	0.0
6	0.0
7	0.0
8	0.0
9	0.0
10	0.0
11	0.0
12	0.0
13	0.0
14	0.0
15	0.0
16	0.0
17	0.0
18	0.0
19	0.0
20	0.0
21	0.0
22	0.0
23	0.0
24	0.0
25	0.0
26	0.0
27	0.0
28	0.0
29	0.0
30	0.0
31	0.0
32	0.0
33	0.0
34	0.0
35	0.0
36	0.0
37	0.0
38	0.0
39	0.0
>>END_MODULE
>>Sequence Length Distribution	pass
#Length	Count
39	3.4020865E7
>>END_MODULE
>>Sequence Duplication Levels	fail
#Total Duplicate Percentage	82.69842380057025
#Duplication Level	Relative count
1	100.0
2	51.80966422524494
3	31.86530961666508
4	23.014363169409304
5	17.5211642728051
6	14.34890136022068
7	11.99467326167602
8	10.344335584514411
9	8.919908684485875
10++	205.7833158946067
>>END_MODULE
>>Overrepresented sequences	pass
>>END_MODULE
>>Kmer Content	warn
#Sequence	Count	Obs/Exp Overall	Obs/Exp Max	Max Obs/Exp Position
AAAAA	4254305	4.428543	5.0409317	11
TTCTT	3631315	3.369129	3.7274077	1
CAGCA	4161000	3.3276672	3.6692708	27
CTTCT	3751955	3.1018536	3.5252178	2
TTTTT	2896015	3.015397	3.7111528	1
>>END_MODULE
