##FastQC	0.10.1
>>Basic Statistics	pass
#Measure	Value	
Filename	Sample_3_L002_trimmed.fastq	
File type	Conventional base calls	
Encoding	Sanger / Illumina 1.9	
Total Sequences	14841847	
Filtered Sequences	0	
Sequence length	5-51	
%GC	52	
>>END_MODULE
>>Per base sequence quality	pass
#Base	Mean	Median	Lower Quartile	Upper Quartile	10th Percentile	90th Percentile
1	32.50912093353341	34.0	31.0	34.0	31.0	34.0
2	32.71665312275487	34.0	31.0	34.0	31.0	34.0
3	32.78049214494665	34.0	31.0	34.0	31.0	34.0
4	36.20911797568052	37.0	37.0	37.0	35.0	37.0
5	36.27342392089071	37.0	37.0	37.0	35.0	37.0
6	36.196533351519115	37.0	36.0	37.0	35.0	37.0
7	36.16815686105403	37.0	36.0	37.0	35.0	37.0
8	36.169573096869726	37.0	36.0	37.0	35.0	37.0
9	37.95286237213385	39.0	38.0	39.0	35.0	39.0
10	37.97581720852008	39.0	38.0	39.0	35.0	39.0
11	37.97324995327317	39.0	38.0	39.0	35.0	39.0
12	37.94800848444591	39.0	38.0	39.0	35.0	39.0
13	37.85314517623052	39.0	38.0	39.0	35.0	39.0
14	39.295180100442806	41.0	39.0	41.0	36.0	41.0
15	39.26940327483869	41.0	39.0	41.0	36.0	41.0
16	39.249453176040255	41.0	39.0	41.0	36.0	41.0
17	39.239959750686005	41.0	39.0	41.0	36.0	41.0
18	39.244663011874344	41.0	39.0	41.0	36.0	41.0
19	39.27631494227057	41.0	39.0	41.0	36.0	41.0
20	39.203380843184775	41.0	39.0	41.0	36.0	41.0
21	39.21036096647877	41.0	39.0	41.0	36.0	41.0
22	39.22269183809681	41.0	39.0	41.0	36.0	41.0
23	39.20304028802958	41.0	39.0	41.0	36.0	41.0
24	39.18597178536352	41.0	39.0	41.0	36.0	41.0
25	39.15958337226536	41.0	39.0	41.0	35.0	41.0
26	39.12798379972841	41.0	39.0	41.0	35.0	41.0
27	39.091135917285946	40.0	39.0	41.0	35.0	41.0
28	39.05402853298522	40.0	38.0	41.0	35.0	41.0
29	39.011752920079445	40.0	38.0	41.0	35.0	41.0
30	38.98244116436346	40.0	38.0	41.0	35.0	41.0
31	38.942820258038886	40.0	38.0	41.0	35.0	41.0
32	38.89243197466297	40.0	38.0	41.0	35.0	41.0
33	38.83282772038005	40.0	38.0	41.0	35.0	41.0
34	38.78369679869304	40.0	38.0	41.0	35.0	41.0
35	38.71907662191116	40.0	38.0	41.0	35.0	41.0
36	38.51713669114058	40.0	38.0	41.0	34.0	41.0
37	38.5270025409469	40.0	38.0	41.0	34.0	41.0
38	38.489653262901285	40.0	38.0	41.0	34.0	41.0
39	38.424662177589035	40.0	37.0	41.0	34.0	41.0
40	38.3480832608349	40.0	37.0	41.0	34.0	41.0
41	38.28306431833424	40.0	37.0	41.0	34.0	41.0
42	38.14562232342359	40.0	37.0	41.0	33.0	41.0
43	38.10327930801848	40.0	37.0	41.0	33.0	41.0
44	38.0208759129517	40.0	36.0	41.0	33.0	41.0
45	37.94073968990799	40.0	36.0	41.0	33.0	41.0
46	37.85361400580981	40.0	36.0	41.0	33.0	41.0
47	37.75161313367582	39.0	35.0	41.0	33.0	41.0
48	37.65001173028448	39.0	35.0	41.0	33.0	41.0
49	37.50933878558741	39.0	35.0	41.0	33.0	41.0
50	37.3937927242969	39.0	35.0	41.0	33.0	41.0
51	37.257214621978335	39.0	35.0	41.0	33.0	41.0
>>END_MODULE
>>Per sequence quality scores	pass
#Quality	Count
22	1.0
23	1.0
24	8.0
25	91.0
26	896.0
27	6558.0
28	29742.0
29	85690.0
30	160767.0
31	232335.0
32	309779.0
33	410222.0
34	569586.0
35	876210.0
36	1225274.0
37	1782968.0
38	2720496.0
39	6323850.0
40	107373.0
>>END_MODULE
>>Per base sequence content	fail
#Base	G	A	T	C
1	36.76747914191542	10.839371946092694	12.189224157882776	40.20392475410911
2	24.292724483684545	10.360004384898994	31.279193216316003	34.06807791510046
3	24.60007167571529	16.969154849797334	20.551330302758142	37.879443171729235
4	27.252740174454026	21.36989419174042	19.39365767616389	31.98370795764166
5	27.609609504800854	26.741031624972283	20.825352801440413	24.824006068786453
6	25.611744102559147	28.670652173104923	21.945263822110633	23.7723399022253
7	20.008655650544416	25.910160368199413	32.8553876475066	21.22579633374957
8	22.708550713691906	21.919948193766785	29.08846440486631	26.283036687674993
9	21.90365312183299	21.46471030258113	29.093392746484575	27.53824382910131
10	22.33621787293832	31.262995833604908	24.803336015910254	21.597450277546518
11	26.14856744184259	26.684340981529658	20.19528795940845	26.971803617219297
12	24.68580661655335	21.540817428097395	25.425794751997227	28.34758120335203
13	24.244318511739024	25.30849672479725	24.358667190182963	26.08851757328076
14	23.775801657601566	23.639239747694347	26.19844315392486	26.386515440779224
15	24.3547798187832	24.537446230779565	24.168520769697732	26.939253180739502
16	25.16267718603298	23.38480114282045	24.258876400326358	27.193645270820216
17	24.643443194046394	24.80813664298138	23.581964805673923	26.9664553572983
18	24.52469400974351	23.807870061935336	24.28054137543984	27.38689455288132
19	25.046848456002806	24.20398624547443	23.20320011979058	27.545965178732178
20	25.25224639712317	23.692748503029666	24.057640289918975	26.997364809928193
21	24.800683783275428	23.809711994302383	23.85509743256627	27.534506789855918
22	25.387727479369904	24.274656946470508	23.015529182224707	27.32208639193488
23	25.080756903606716	24.736645259976946	23.38664428909725	26.795953547319083
24	24.843461692345887	24.049153312207043	23.591017065231604	27.51636793021547
25	25.412688579616045	24.29806197657397	22.839192393349776	27.45005705046021
26	25.08867529023083	24.129830828018353	23.41619062473765	27.365303257013164
27	24.715563247767104	23.878648542521383	23.761038178359517	27.644750031351993
28	25.33576758753822	23.96675387175251	23.14563897919932	27.55183956150995
29	25.151760586939943	24.18425010969821	23.449377464975125	27.21461183838672
30	24.81738003679555	23.80266062884839	23.603287085141133	27.77667224921493
31	25.344285599007364	24.046892638039548	22.92283726648743	27.685984496465654
32	24.942423133922023	24.293810801570224	23.615311012933777	27.14845505157398
33	24.729299721063526	23.801375047401212	23.81484973252975	27.65447549900551
34	25.391444185569195	24.162488450229418	22.859343529459526	27.58672383474186
35	25.274951100155075	24.274262350825968	23.345827048580546	27.104959500438415
36	25.102652957767663	23.86564292483444	23.25268692135842	27.77901719603948
37	25.529022443095815	23.96043186459575	22.586250322617463	27.924295369690967
38	25.147653107142396	24.14444710809568	23.173481524034486	27.53441826072744
39	24.858255930571865	23.85553642981032	23.38818762004816	27.898020019569653
40	25.308411335216686	24.18299662348012	22.595269379372024	27.913322661931172
41	25.11219573496051	24.2148679771615	23.23421292229092	27.43872336558707
42	24.964304609093666	23.97617605236485	23.160949573681837	27.898569764859648
43	25.352524646007062	24.204832526160665	22.67693850882094	27.76570431901133
44	25.04145677423294	24.076053597127707	23.367945084437622	27.51454454420173
45	24.920609815948254	23.716447752567106	23.183835072053384	28.17910735943126
46	25.545012002577987	23.899748117105307	22.648880226414388	27.906359653902317
47	25.37503003351091	23.94237098799582	23.13222045073793	27.550378527755342
48	24.766438572567274	23.824302008815142	23.106469840763353	28.302789577854227
49	25.754318023500684	23.783130384266908	22.501185600701337	27.961365991531075
50	25.64590433538145	24.035213602778146	22.959870764786082	27.35901129705432
51	25.348997300773533	23.827348748407992	22.88132776422607	27.942326186592396
>>END_MODULE
>>Per base GC content	fail
#Base	%GC
1	76.97140389602453
2	58.360802398785005
3	62.47951484744453
4	59.23644813209569
5	52.4336155735873
6	49.38408400478445
7	41.23445198429399
8	48.99158740136691
9	49.4418969509343
10	43.93366815048484
11	53.12037105906189
12	53.03338781990538
13	50.332836085019785
14	50.1623170983808
15	51.2940329995227
16	52.3563224568532
17	51.60989855134469
18	51.91158856262482
19	52.592813634734995
20	52.24961120705136
21	52.33519057313134
22	52.709813871304775
23	51.8767104509258
24	52.35982962256135
25	52.862745630076255
26	52.453978547244
27	52.3603132791191
28	52.88760714904818
29	52.36637242532667
30	52.59405228601047
31	53.03027009547302
32	52.090878185496
33	52.38377522006904
34	52.97816802031106
35	52.37991060059348
36	52.881670153807136
37	53.453317812786786
38	52.68207136786983
39	52.756275950141514
40	53.22173399714786
41	52.550919100547574
42	52.86287437395332
43	53.118228965018396
44	52.556001318434674
45	53.09971717537951
46	53.451371656480305
47	52.92540856126625
48	53.06922815042151
49	53.71568401503175
50	53.00491563243577
51	53.291323487365936
>>END_MODULE
>>Per sequence GC content	warn
#GC Content	Count
0	286132.0
1	281816.0
2	260327.5
3	156505.0
4	44763.5
5	13636.5
6	7281.5
7	6831.5
8	7057.5
9	7189.5
10	7758.5
11	8991.5
12	9406.0
13	10088.5
14	11298.5
15	13055.5
16	14444.0
17	16940.5
18	19898.0
19	24294.0
20	28531.0
21	35358.5
22	42350.0
23	50424.0
24	58886.0
25	71341.0
26	94176.0
27	107337.5
28	129348.0
29	151840.0
30	179461.5
31	209267.0
32	244832.0
33	278343.0
34	321211.0
35	367530.0
36	426003.5
37	482879.0
38	538795.5
39	598060.5
40	655217.5
41	708280.5
42	761703.0
43	814864.0
44	874440.0
45	936500.0
46	974152.0
47	1009179.0
48	1037797.5
49	1065007.5
50	1088065.5
51	1110131.5
52	1110645.5
53	1110570.5
54	1098918.5
55	1085907.0
56	1054617.5
57	1025241.5
58	987792.5
59	946697.0
60	902727.5
61	856362.5
62	809229.0
63	764718.5
64	721766.5
65	675539.5
66	638000.0
67	606066.0
68	561696.5
69	512891.0
70	471516.0
71	430117.5
72	390042.0
73	350013.0
74	321672.5
75	268113.0
76	235719.0
77	214204.5
78	192963.0
79	171647.5
80	151048.5
81	135584.0
82	120052.5
83	108093.0
84	96521.5
85	86952.0
86	77119.0
87	70770.5
88	63948.5
89	57523.5
90	49263.0
91	42285.5
92	35379.5
93	27992.0
94	21774.5
95	17139.0
96	14374.5
97	12953.5
98	11845.5
99	11310.0
100	10959.0
>>END_MODULE
>>Per base N content	pass
#Base	N-Count
1	0.0
2	0.0
3	0.0
4	0.0
5	0.0
6	0.0
7	0.0
8	0.0
9	0.0
10	0.0
11	0.0
12	0.0
13	0.0
14	0.0
15	0.0
16	0.0
17	0.0
18	0.0
19	0.0
20	0.0
21	0.0
22	0.0
23	0.0
24	0.0
25	0.0
26	0.0
27	0.0
28	0.0
29	0.0
30	0.0
31	0.0
32	0.0
33	0.0
34	0.0
35	0.0
36	0.0
37	0.0
38	0.0
39	0.0
40	0.0
41	0.0
42	0.0
43	0.0
44	0.0
45	0.0
46	0.0
47	0.0
48	0.0
49	0.0
50	0.0
51	0.0
>>END_MODULE
>>Sequence Length Distribution	warn
#Length	Count
5	46404.0
6	46696.0
7	38548.0
8	46330.0
9	42356.0
10	47445.0
11	58565.0
12	49223.0
13	75005.0
14	56401.0
15	101317.0
16	45986.0
17	115636.0
18	47460.0
19	85822.0
20	46532.0
21	49602.0
22	40603.0
23	50330.0
24	41793.0
25	47306.0
26	42939.0
27	51532.0
28	42271.0
29	48029.0
30	44392.0
31	46437.0
32	43347.0
33	42410.0
34	40863.0
35	41700.0
36	41196.0
37	41684.0
38	39901.0
39	40332.0
40	36911.0
41	40677.0
42	37636.0
43	34016.0
44	20490.0
45	38484.0
46	53198.0
47	57778.0
48	35951.0
49	4083.0
50	0.0
51	1.269623E7
>>END_MODULE
>>Sequence Duplication Levels	fail
#Total Duplicate Percentage	73.82630385107932
#Duplication Level	Relative count
1	100.0
2	52.170576102077035
3	26.505812187205194
4	16.210166131018052
5	11.312578948209975
6	8.888569098671272
7	7.0641659071649
8	5.909723221566653
9	4.919972498041285
10++	86.80865352328873
>>END_MODULE
>>Overrepresented sequences	warn
#Sequence	Count	Percentage	Possible Source
ATATATATATATATATA	68628	0.46239528004836594	No Hit
ATATATATATATATA	53947	0.36347901982819253	No Hit
ATATATATATATATATATA	43855	0.2954820919525717	No Hit
ATATATATATATA	33996	0.2290550495500998	No Hit
>>END_MODULE
>>Kmer Content	fail
#Sequence	Count	Obs/Exp Overall	Obs/Exp Max	Max Obs/Exp Position
ATATA	2722960	5.867707	26.644941	7
AAAAA	2494435	5.3890233	8.301087	10
TATAT	2386695	5.1365166	26.213865	6
TTCTT	1979890	3.6037846	6.3764377	6
CTTCT	2159725	3.333289	5.3375945	5
CAGCA	2285735	3.3172657	4.5334373	9
TTTTT	1510880	3.243329	4.334037	11
TCTTC	1949245	3.0084372	5.296021	7
CTCCT	1809255	2.367724	6.7140603	1
GCCAG	1568360	2.132131	6.2297854	1
CTCCA	1577035	2.0664647	6.6787534	1
GGCAG	1363650	2.050612	5.096947	1
TTGAA	1015865	2.0505807	5.741605	7
TCCAG	1413430	2.048676	5.2318673	2
GTCCA	1109005	1.6074314	5.2000685	1
>>END_MODULE
