##FastQC	0.10.1
>>Basic Statistics	pass
#Measure	Value	
Filename	Sample_7_L001_shorten.fastq	
File type	Conventional base calls	
Encoding	Sanger / Illumina 1.9	
Total Sequences	16771397	
Filtered Sequences	0	
Sequence length	8-39	
%GC	52	
>>END_MODULE
>>Per base sequence quality	pass
#Base	Mean	Median	Lower Quartile	Upper Quartile	10th Percentile	90th Percentile
1	37.47932882394949	39.0	37.0	39.0	34.0	39.0
2	38.816699527177136	40.0	38.0	41.0	34.0	41.0
3	38.78236100427412	40.0	38.0	41.0	34.0	41.0
4	38.707025002150985	40.0	38.0	41.0	34.0	41.0
5	38.72606026796694	40.0	38.0	41.0	34.0	41.0
6	38.72946093876378	40.0	38.0	41.0	34.0	41.0
7	38.770788921161426	40.0	38.0	41.0	34.0	41.0
8	38.76123628818756	40.0	38.0	41.0	34.0	41.0
9	38.72042481328522	40.0	38.0	41.0	34.0	41.0
10	38.62165104056512	40.0	38.0	41.0	34.0	41.0
11	38.62334464763312	40.0	38.0	41.0	34.0	41.0
12	38.6497034831755	40.0	38.0	41.0	34.0	41.0
13	38.625174478747724	40.0	38.0	41.0	34.0	41.0
14	38.55977900359912	40.0	38.0	41.0	34.0	41.0
15	38.507918132418176	40.0	38.0	41.0	34.0	41.0
16	38.47500065230513	40.0	38.0	41.0	34.0	41.0
17	38.43085154347533	40.0	38.0	41.0	34.0	41.0
18	38.39904471537674	40.0	38.0	41.0	34.0	41.0
19	38.31692862182453	40.0	38.0	41.0	33.0	41.0
20	38.28156469340139	40.0	38.0	41.0	33.0	41.0
21	38.239699589514785	40.0	38.0	41.0	33.0	41.0
22	38.18018289879854	40.0	38.0	41.0	33.0	41.0
23	38.11267058744744	40.0	37.0	41.0	33.0	41.0
24	38.05743776459593	40.0	37.0	41.0	33.0	41.0
25	37.99679230617698	40.0	37.0	41.0	33.0	41.0
26	37.93901412868633	40.0	37.0	41.0	33.0	41.0
27	37.86667249260111	40.0	37.0	41.0	33.0	41.0
28	37.77123162854942	40.0	37.0	41.0	33.0	41.0
29	37.69095363284639	40.0	36.0	41.0	32.0	41.0
30	37.60844957599669	40.0	36.0	41.0	32.0	41.0
31	37.55132115314818	40.0	36.0	41.0	32.0	41.0
32	37.462226203150266	40.0	36.0	41.0	32.0	41.0
33	37.400275709754354	39.0	35.0	41.0	32.0	41.0
34	37.32942551045257	39.0	35.0	41.0	32.0	41.0
35	37.24886885981844	39.0	35.0	41.0	32.0	41.0
36	37.169168110340124	39.0	35.0	41.0	31.0	41.0
37	37.09126546575739	39.0	35.0	41.0	31.0	41.0
38	37.07280368362392	39.0	35.0	41.0	31.0	41.0
39	37.22039337683479	39.0	35.0	41.0	32.0	41.0
>>END_MODULE
>>Per sequence quality scores	pass
#Quality	Count
9	1.0
10	11.0
11	37.0
12	104.0
13	209.0
14	411.0
15	732.0
16	1420.0
17	2622.0
18	4128.0
19	7160.0
20	11859.0
21	18759.0
22	28535.0
23	40982.0
24	56692.0
25	75247.0
26	96396.0
27	121112.0
28	147757.0
29	180422.0
30	217564.0
31	261988.0
32	317547.0
33	392569.0
34	512074.0
35	675779.0
36	921548.0
37	1296513.0
38	1826065.0
39	2788820.0
40	6760917.0
41	5417.0
>>END_MODULE
>>Per base sequence content	pass
#Base	G	A	T	C
1	24.737239085987813	24.19768140034213	25.102684163986993	25.96239534968306
2	24.40106488483871	23.95798297231279	25.328596775306234	26.31235536754226
3	25.053911728402827	23.61404956307456	24.545665456491193	26.78637325203142
4	25.581661015968404	23.773938663452522	23.7862631212077	26.858137199371367
5	25.17959003166881	24.183208872393607	23.828664679195104	26.808536416742484
6	25.04000263305452	24.059911291820907	23.846762666625963	27.053323408498613
7	25.431331144487384	23.90426079643345	23.551177466155913	27.113230592923248
8	25.539144276157877	23.699457981782313	24.03089141318741	26.730506328872405
9	25.18473857768692	23.704939681452334	23.886471649546166	27.22385009131458
10	25.659163944946123	24.380788819118923	23.211813349704514	26.748233886230445
11	25.324820771827184	24.52856660112042	23.63317286283993	26.513439764212464
12	25.263374189490523	24.133657710148363	23.567543560391137	27.03542453996998
13	25.699501213624604	24.23546602713361	23.16261793956575	26.902414819676036
14	25.45975268969946	24.18748575023307	23.46438543068018	26.888376129387286
15	25.206845442320414	23.902134695228124	23.697678554234216	27.193341308217246
16	25.65013078027874	24.128289703484693	23.2939840116437	26.927595504592865
17	25.45647446303726	24.035782944655022	23.594429145952393	26.913313446355325
18	25.233296416212013	23.883601523019404	23.60122198020954	27.281880080559045
19	25.577541607836263	24.037263377516922	23.253192553776575	27.13200246087024
20	25.235526815138943	24.321922809242537	23.719822926070027	26.722727449548493
21	25.168450132078963	23.950979633937056	23.828666591200946	27.051903642783042
22	25.589225528839815	24.291061180456143	23.160489460866337	26.959223829837704
23	25.616435480999755	24.220166578536045	23.519933257124215	26.64346468333999
24	25.490791480622832	23.899458038116403	23.273756243112135	27.33599423814863
25	25.65102244963998	24.103688586302454	22.954019394229018	27.291269569828554
26	25.512262002868507	24.08208447855033	23.329297733160036	27.07635578542113
27	25.299726149543094	23.931718939127432	23.36279190627609	27.405763005053384
28	25.508083278477944	24.238757568951176	22.93595874339647	27.317200409174415
29	25.42198128888751	24.160477943235733	23.38257054917069	27.034970218706068
30	25.36279148880654	24.028496551156834	23.232570926762047	27.376141033274575
31	25.552265268999175	24.26854553981715	23.03210322266959	27.147085968514084
32	25.26576975801523	24.078885348200224	23.554615436148623	27.100729457635918
33	25.277688467736713	23.863738440274755	23.31336360147596	27.54520949051257
34	25.752902670302664	23.996115735254904	22.962319190736867	27.288662403705562
35	25.664700398081553	24.092765997025047	23.226616450751656	27.015917154141743
36	24.925644090477185	24.05787623338931	23.368582265057928	27.64789741107558
37	24.893170890491636	24.08603860967779	23.145856802613586	27.874933697216985
38	26.0008621559564	23.28281370881081	23.345452158943218	27.370871976289575
39	25.45393524035585	24.334377221611945	22.42911897894363	27.78256855908857
>>END_MODULE
>>Per base GC content	pass
#Base	%GC
1	50.69963443567087
2	50.71342025238097
3	51.84028498043425
4	52.43979821533977
5	51.988126448411286
6	52.093326041553134
7	52.54456173741063
8	52.26965060503028
9	52.408588669001496
10	52.40739783117656
11	51.83826053603965
12	52.29879872946051
13	52.60191603330065
14	52.348128819086746
15	52.40018675053766
16	52.57772628487161
17	52.369787909392585
18	52.515176496771055
19	52.709544068706506
20	51.95825426468744
21	52.220353774862005
22	52.548449358677516
23	52.25990016433975
24	52.82678571877146
25	52.94229201946853
26	52.58861778828964
27	52.705489154596485
28	52.82528368765236
29	52.45695150759357
30	52.738932522081114
31	52.699351237513255
32	52.36649921565115
33	52.822897958249285
34	53.041565074008226
35	52.680617552223296
36	52.57354150155277
37	52.76810458770862
38	53.371734132245976
39	53.23650379944442
>>END_MODULE
>>Per sequence GC content	pass
#GC Content	Count
0	15012.0
1	13512.5
2	11278.0
3	9419.0
4	7751.5
5	6350.0
6	4422.0
7	3309.0
8	3215.5
9	4029.0
10	4949.0
11	5023.0
12	6811.0
13	8724.5
14	13425.5
15	18162.0
16	18430.0
17	22132.5
18	26014.0
19	34864.0
20	43602.0
21	44330.0
22	59183.5
23	73589.5
24	98821.0
25	124339.5
26	125859.0
27	154676.0
28	182990.0
29	232429.5
30	282943.0
31	285059.0
32	356166.0
33	429358.5
34	432629.5
35	506235.0
36	582121.5
37	684122.0
38	787059.5
39	794036.0
40	889670.0
41	985721.0
42	1067616.5
43	1150106.5
44	1155551.5
45	1230409.5
46	1306755.5
47	1355285.0
48	1400826.0
49	1401544.5
50	1424093.0
51	1446265.5
52	1446844.5
53	1412459.5
54	1375922.5
55	1306228.0
56	1236162.0
57	1231138.0
58	1160282.0
59	1090498.0
60	1004476.5
61	917976.5
62	915023.0
63	840006.0
64	763988.0
65	704144.5
66	646021.5
67	644023.5
68	582913.0
69	523481.5
70	520809.5
71	465137.5
72	409408.5
73	361183.5
74	313746.5
75	310884.5
76	274020.0
77	237675.5
78	206799.0
79	175096.5
80	172756.0
81	148671.0
82	124768.5
83	107235.5
84	89855.0
85	88485.5
86	75141.0
87	62181.0
88	52725.0
89	43394.5
90	42677.0
91	34839.0
92	27294.5
93	26584.5
94	21477.0
95	16695.0
96	12734.5
97	8858.0
98	8519.5
99	6502.5
100	4715.0
>>END_MODULE
>>Per base N content	pass
#Base	N-Count
1	3.994896787667718E-4
2	3.577519511344225E-5
3	0.0
4	0.047592934565916005
5	2.3850130075628166E-5
6	5.9625325189070415E-6
7	1.1925065037814083E-5
8	2.9812662594535207E-5
9	2.8622374694672306E-4
10	7.694061222539805E-4
11	5.129939274045592E-4
12	8.949470039232687E-5
13	6.563837978700704E-5
14	1.1936976108500428E-5
15	0.0010207779043966874
16	0.0021435015154078053
17	0.001349614541726439
18	1.1945985509758497E-4
19	4.540330380724625E-4
20	0.001236918392904797
21	0.0014821981428774463
22	0.004136737589398665
23	0.007635477405683618
24	0.004066911215620097
25	0.004666084522771121
26	0.007366108266592563
27	0.0064165086232309335
28	0.004430949608187293
29	0.004205213710218723
30	0.010161403858791617
31	0.00942459573523545
32	0.006170678568152863
33	0.00777442628308825
34	0.005775166974515151
35	0.007480062036744096
36	0.0063547494547661915
37	0.008387310905336539
38	0.0
39	0.0
>>END_MODULE
>>Sequence Length Distribution	warn
#Length	Count
8	1300.0
9	3919.0
10	1847.0
11	3562.0
12	2281.0
13	3826.0
14	2732.0
15	3633.0
16	2775.0
17	3496.0
18	3156.0
19	3732.0
20	3232.0
21	3748.0
22	3598.0
23	4254.0
24	3935.0
25	4697.0
26	4769.0
27	6196.0
28	7146.0
29	12797.0
30	11616.0
31	9718.0
32	15117.0
33	21419.0
34	85600.0
35	297474.0
36	358689.0
37	64969.0
38	191248.0
39	1.5624916E7
>>END_MODULE
>>Sequence Duplication Levels	fail
#Total Duplicate Percentage	77.91839631772524
#Duplication Level	Relative count
1	100.0
2	61.42367334216473
3	36.74511026260422
4	22.825917556300162
5	16.200420790150392
6	12.078235798332424
7	9.602197459674278
8	8.070988856853425
9	6.849528559183355
10++	115.8244369983636
>>END_MODULE
>>Overrepresented sequences	pass
>>END_MODULE
>>Kmer Content	warn
#Sequence	Count	Obs/Exp Overall	Obs/Exp Max	Max Obs/Exp Position
AAAAA	2187855	4.68316	5.0967507	11
TTCTT	1664625	3.4495993	3.8589518	1
TTTTT	1443165	3.4401948	4.128302	1
CAGCA	1966645	3.1475577	3.4230356	15
CTTCT	1744220	3.1422348	3.3727555	5
>>END_MODULE
