##FastQC	0.10.1
>>Basic Statistics	pass
#Measure	Value	
Filename	Sample_4_L002_trimmed.fastq	
File type	Conventional base calls	
Encoding	Sanger / Illumina 1.9	
Total Sequences	15411923	
Filtered Sequences	0	
Sequence length	5-51	
%GC	52	
>>END_MODULE
>>Per base sequence quality	pass
#Base	Mean	Median	Lower Quartile	Upper Quartile	10th Percentile	90th Percentile
1	32.45458045696179	33.0	31.0	34.0	31.0	34.0
2	32.66237256700543	34.0	31.0	34.0	31.0	34.0
3	32.731355003525515	34.0	31.0	34.0	31.0	34.0
4	36.17084889406728	37.0	35.0	37.0	35.0	37.0
5	36.24208484560947	37.0	35.0	37.0	35.0	37.0
6	36.15877800142214	37.0	36.0	37.0	35.0	37.0
7	36.13565858447162	37.0	35.0	37.0	35.0	37.0
8	36.131694047487265	37.0	35.0	37.0	35.0	37.0
9	37.911762855383884	39.0	38.0	39.0	35.0	39.0
10	37.927499844049066	39.0	38.0	39.0	35.0	39.0
11	37.930040903149795	39.0	38.0	39.0	35.0	39.0
12	37.89810782339013	39.0	38.0	39.0	35.0	39.0
13	37.80367497032049	39.0	38.0	39.0	35.0	39.0
14	39.22093351276732	41.0	39.0	41.0	36.0	41.0
15	39.19658512202234	41.0	39.0	41.0	36.0	41.0
16	39.17380990317189	41.0	39.0	41.0	36.0	41.0
17	39.16407419945418	41.0	38.0	41.0	36.0	41.0
18	39.166472290607935	41.0	38.0	41.0	36.0	41.0
19	39.20065532378263	41.0	39.0	41.0	36.0	41.0
20	39.12276261913715	40.0	39.0	41.0	36.0	41.0
21	39.13219138945893	40.0	39.0	41.0	36.0	41.0
22	39.145545103901654	40.0	39.0	41.0	36.0	41.0
23	39.12811715478863	40.0	39.0	41.0	36.0	41.0
24	39.112482113586175	40.0	39.0	41.0	35.0	41.0
25	39.08643804081945	40.0	38.0	41.0	35.0	41.0
26	39.054654219823284	40.0	38.0	41.0	35.0	41.0
27	39.016417997072104	40.0	38.0	41.0	35.0	41.0
28	38.98135268853104	40.0	38.0	41.0	35.0	41.0
29	38.938808080842165	40.0	38.0	41.0	35.0	41.0
30	38.911887486946796	40.0	38.0	41.0	35.0	41.0
31	38.87540314776016	40.0	38.0	41.0	35.0	41.0
32	38.826550193647954	40.0	38.0	41.0	35.0	41.0
33	38.7693603760908	40.0	38.0	41.0	35.0	41.0
34	38.72513017568528	40.0	38.0	41.0	35.0	41.0
35	38.659334678269126	40.0	38.0	41.0	34.0	41.0
36	38.46413532301671	40.0	38.0	41.0	34.0	41.0
37	38.47772848602653	40.0	38.0	41.0	34.0	41.0
38	38.44323772285099	40.0	38.0	41.0	34.0	41.0
39	38.38066020298421	40.0	37.0	41.0	34.0	41.0
40	38.31262078929844	40.0	37.0	41.0	34.0	41.0
41	38.249092099270776	40.0	37.0	41.0	33.0	41.0
42	38.11978406085238	40.0	37.0	41.0	33.0	41.0
43	38.0823566531655	40.0	37.0	41.0	33.0	41.0
44	38.002427722819	40.0	36.0	41.0	33.0	41.0
45	37.926187401374264	40.0	36.0	41.0	33.0	41.0
46	37.8447641846925	40.0	36.0	41.0	33.0	41.0
47	37.74666534034212	39.0	36.0	41.0	33.0	41.0
48	37.65181831716646	39.0	35.0	41.0	33.0	41.0
49	37.513918410465536	39.0	35.0	41.0	33.0	41.0
50	37.40312591330985	39.0	35.0	41.0	33.0	41.0
51	37.26943204704818	39.0	35.0	41.0	32.0	41.0
>>END_MODULE
>>Per sequence quality scores	pass
#Quality	Count
22	1.0
23	4.0
24	18.0
25	105.0
26	982.0
27	6735.0
28	32168.0
29	94640.0
30	177979.0
31	255943.0
32	336802.0
33	440973.0
34	601323.0
35	909557.0
36	1249213.0
37	1816413.0
38	2817506.0
39	6567969.0
40	103592.0
>>END_MODULE
>>Per base sequence content	fail
#Base	G	A	T	C
1	36.567416019402636	10.889731281424128	12.29753743254492	40.24531526662831
2	24.29680579120464	11.775889355273836	32.32688743643477	31.600417417086756
3	23.769129913249632	17.177622805408514	22.13081391595325	36.9224333653886
4	26.8693530327137	23.181617245297684	18.693845018561277	31.25518470342734
5	27.158693954025075	27.449189825306032	21.294766396120718	24.097349824548175
6	25.061755675133874	30.208657477541095	21.27631975032828	23.453267096996747
7	20.32179261042462	24.695619187157806	33.28877140645602	21.693816795961546
8	22.538516522661425	22.59715861455145	28.20348138159407	26.66084348119306
9	22.042729408130157	21.033753037975696	29.264596764755368	27.658920789138776
10	22.708748145797752	32.091375455608926	23.516919803410264	21.68295659518306
11	26.411140163900733	26.041581718868066	20.336327857507367	27.21095025972383
12	24.859319190959187	21.81741209911324	24.65882690593998	28.66444180398759
13	24.3634896086975	24.442009669195997	24.775886226002207	26.418614496104297
14	23.7790385910984	24.065708076297927	25.751355348366324	26.40389798423735
15	24.2069978917737	24.083430452804958	24.77115349139618	26.938418164025162
16	25.13786539382056	23.786339628311413	23.992388642499783	27.08340633536824
17	24.55278169696785	24.672777050158423	24.096041077579457	26.678400175294275
18	24.317581285679754	24.283850690693633	24.299935815535164	27.09863220809145
19	24.98337360057168	24.136563786708408	23.618688535747097	27.26137407697281
20	24.95413815349759	24.224645009123872	24.26608579889639	26.55513103848215
21	24.462521327757315	24.042956080273097	24.32460103096895	27.169921561000642
22	25.16775937013305	24.667542681304745	23.161144499304417	27.00355344925779
23	24.754911493671695	24.978725434945897	23.819396114057596	26.446966957324808
24	24.438661873108913	24.506495498619007	23.8642486142505	27.19059401402158
25	25.142668480815267	24.543365082784643	23.16184891021991	27.15211752618018
26	24.77188855487576	24.65932447348374	23.66136257400246	26.907424397638046
27	24.359132397815387	24.19241368757049	24.144621130316676	27.303832784297445
28	25.14385136925984	24.37606005981257	23.293283553534238	27.186805017393358
29	24.87913240221767	24.511243013539307	23.816597041081344	26.793027543161674
30	24.457164863758244	24.192514153533526	23.975354001448064	27.37496698126017
31	25.14930789119743	24.31775116920193	23.202054582454167	27.330886357146472
32	24.67658657874507	24.68664759593876	24.006084039811523	26.63068178550465
33	24.36985301366717	24.173533114237667	24.246533343894907	27.21008052820026
34	25.172248632539894	24.482460947294417	23.14151437314917	27.20377604701652
35	24.96623802094877	24.666365700008402	23.769114226165406	26.598282052877426
36	24.69671663408339	24.219592467527892	23.680880694147845	27.402810204240875
37	25.20980500596876	24.3334412003762	22.901305984889234	27.555447808765805
38	24.813651596291223	24.576418715816885	23.58315894103539	27.026770746856503
39	24.411229098581263	24.236681643609938	23.819976643258855	27.53211261454994
40	25.05619805318011	24.578457232037625	22.907664724567436	27.457679990214835
41	24.793173700043177	24.67306769286502	23.635098397712216	26.898660209379592
42	24.561670508061066	24.40258253133229	23.58766443220672	27.448082528399926
43	25.146965266872805	24.513728572130262	23.000840011611924	27.338466149385006
44	24.706223712696364	24.53412114133352	23.773101857586965	26.986553288383153
45	24.549752573317274	24.11701070631166	23.656496305809867	27.676740414561195
46	25.278552997462324	24.26168228731038	22.933211300450452	27.526553414776846
47	25.037996668613992	24.42709624503335	23.543069190393442	26.991837895959215
48	24.43916211696233	24.162248505638125	23.547403125827753	27.85118625157179
49	25.48584990584993	24.157315245565965	22.81419448207566	27.542640366508447
50	25.291813039916544	24.4974424700082	23.38658777918884	26.82415671088642
51	24.98736267831145	24.2184317005059	23.331127519010717	27.463078102171938
>>END_MODULE
>>Per base GC content	fail
#Base	%GC
1	76.81273128603095
2	55.8972232082914
3	60.69156327863824
4	58.124537736141036
5	51.25604377857324
6	48.51502277213062
7	42.01560940638617
8	49.19936000385448
9	49.70165019726893
10	44.39170474098081
11	53.62209042362457
12	53.52376099494678
13	50.782104104801796
14	50.182936575335745
15	51.14541605579886
16	52.2212717291888
17	51.23118187226212
18	51.4162134937712
19	52.24474767754449
20	51.50926919197973
21	51.63244288875796
22	52.171312819390835
23	51.20187845099651
24	51.6292558871305
25	52.294786006995444
26	51.6793129525138
27	51.66296518211283
28	52.330656386653196
29	51.67215994537935
30	51.83213184501842
31	52.480194248343906
32	51.30726836424972
33	51.579933541867426
34	52.37602467955641
35	51.564520073826195
36	52.09952683832426
37	52.765252814734566
38	51.84042234314773
39	51.94334171313121
40	52.513878043394946
41	51.69183390942277
42	52.00975303646099
43	52.48543141625781
44	51.69277700107951
45	52.22649298787847
46	52.80510641223917
47	52.02983456457321
48	52.290348368534126
49	53.028490272358376
50	52.11596975080296
51	52.45044078048339
>>END_MODULE
>>Per sequence GC content	pass
#GC Content	Count
0	91331.0
1	89316.5
2	82618.5
3	46990.0
4	11597.0
5	6337.0
6	5816.5
7	6277.0
8	7125.5
9	7866.5
10	9148.0
11	10822.0
12	11378.5
13	12503.5
14	14222.0
15	16670.5
16	18610.5
17	21792.5
18	25476.5
19	30792.0
20	35976.0
21	44563.5
22	53458.5
23	63094.5
24	73051.0
25	87916.0
26	114895.5
27	130405.0
28	156284.5
29	182402.0
30	213788.0
31	247558.5
32	287235.0
33	324798.0
34	375442.5
35	429974.0
36	495340.5
37	558763.0
38	621558.5
39	688289.0
40	748488.0
41	803201.0
42	858306.5
43	913291.5
44	971658.0
45	1032577.0
46	1069178.0
47	1103452.5
48	1131584.0
49	1157995.0
50	1177681.5
51	1196361.5
52	1188725.5
53	1180667.5
54	1158911.0
55	1135432.5
56	1095564.5
57	1056706.5
58	1010426.5
59	961001.0
60	909623.5
61	855390.5
62	803400.5
63	754141.0
64	706643.0
65	656411.5
66	614506.5
67	578279.0
68	534201.0
69	485870.5
70	443890.5
71	402369.0
72	365539.0
73	328978.5
74	302431.0
75	252074.5
76	221488.0
77	200615.0
78	179894.0
79	160302.5
80	141555.5
81	126824.0
82	111925.5
83	100487.5
84	89539.5
85	80827.5
86	71813.0
87	65790.5
88	59307.5
89	53288.5
90	45591.0
91	39121.0
92	32774.5
93	25923.5
94	20479.0
95	16439.0
96	13769.0
97	12288.5
98	11124.5
99	10528.0
100	10118.0
>>END_MODULE
>>Per base N content	pass
#Base	N-Count
1	0.0
2	0.0
3	0.0
4	0.0
5	0.0
6	0.0
7	0.0
8	0.0
9	0.0
10	0.0
11	0.0
12	0.0
13	0.0
14	0.0
15	0.0
16	0.0
17	0.0
18	0.0
19	0.0
20	0.0
21	0.0
22	0.0
23	0.0
24	0.0
25	0.0
26	0.0
27	0.0
28	0.0
29	0.0
30	0.0
31	0.0
32	0.0
33	0.0
34	0.0
35	0.0
36	0.0
37	0.0
38	0.0
39	0.0
40	0.0
41	0.0
42	0.0
43	0.0
44	0.0
45	0.0
46	0.0
47	0.0
48	0.0
49	0.0
50	0.0
51	0.0
>>END_MODULE
>>Sequence Length Distribution	warn
#Length	Count
5	47748.0
6	48410.0
7	40048.0
8	49295.0
9	45365.0
10	49215.0
11	51960.0
12	46781.0
13	48946.0
14	49800.0
15	66048.0
16	45233.0
17	82747.0
18	46827.0
19	53335.0
20	47679.0
21	48589.0
22	43013.0
23	47875.0
24	44781.0
25	44854.0
26	45245.0
27	48887.0
28	44586.0
29	47101.0
30	47190.0
31	46302.0
32	45751.0
33	43571.0
34	44137.0
35	45209.0
36	45740.0
37	44538.0
38	43504.0
39	44714.0
40	40656.0
41	45363.0
42	41068.0
43	38132.0
44	23124.0
45	42740.0
46	55164.0
47	61028.0
48	38158.0
49	3988.0
50	0.0
51	1.3337478E7
>>END_MODULE
>>Sequence Duplication Levels	fail
#Total Duplicate Percentage	76.47568848293386
#Duplication Level	Relative count
1	100.0
2	64.24661533408751
3	35.03813451081999
4	20.791519176732475
5	14.159033682443528
6	10.610152173119731
7	8.31113381746524
8	6.725540999160676
9	5.873444513374448
10++	99.16797430938219
>>END_MODULE
>>Overrepresented sequences	warn
#Sequence	Count	Percentage	Possible Source
ATATATATATATATATA	33731	0.21886301923517265	No Hit
ATATATATATATATA	17406	0.11293853466566113	No Hit
>>END_MODULE
>>Kmer Content	warn
#Sequence	Count	Obs/Exp Overall	Obs/Exp Max	Max Obs/Exp Position
AAAAA	2794760	5.3538027	8.085515	10
TTCTT	2074895	3.5123181	5.9002657	6
CTTCT	2239910	3.2868285	5.6125054	1
CAGCA	2351975	3.2736948	4.547992	9
TTTTT	1666690	3.2546465	4.330449	11
TCTTC	2032010	2.9817576	5.073537	7
ATATA	1362105	2.6294253	8.164695	7
TATAT	1202050	2.3293731	8.078808	8
CTCCT	1794220	2.2822907	6.335371	1
GCCAG	1543075	2.0608678	5.816258	1
CTCCA	1603865	2.0323422	6.744378	1
TTGAA	1094330	2.0270116	5.4511495	7
GGCAG	1362755	2.00689	5.0418057	1
TCCAG	1410815	1.9712502	5.1650205	2
GTCCA	1104745	1.5435961	5.185449	1
>>END_MODULE
