##FastQC	0.10.1
>>Basic Statistics	pass
#Measure	Value	
Filename	Sample_6_L002_trimmed.fastq	
File type	Conventional base calls	
Encoding	Sanger / Illumina 1.9	
Total Sequences	22717099	
Filtered Sequences	0	
Sequence length	20-51	
%GC	52	
>>END_MODULE
>>Per base sequence quality	pass
#Base	Mean	Median	Lower Quartile	Upper Quartile	10th Percentile	90th Percentile
1	32.40612425908783	34.0	31.0	34.0	30.0	34.0
2	32.60763515623188	34.0	31.0	34.0	31.0	34.0
3	32.68577079318094	34.0	31.0	34.0	31.0	34.0
4	36.035914753023704	37.0	35.0	37.0	35.0	37.0
5	36.13532700632242	37.0	35.0	37.0	35.0	37.0
6	36.02821310942916	37.0	35.0	37.0	35.0	37.0
7	35.99581812801009	37.0	35.0	37.0	35.0	37.0
8	35.98855153116161	37.0	35.0	37.0	35.0	37.0
9	37.70029346616837	39.0	38.0	39.0	35.0	39.0
10	37.72833353413655	39.0	38.0	39.0	35.0	39.0
11	37.73949697538405	39.0	38.0	39.0	35.0	39.0
12	37.70517886108609	39.0	38.0	39.0	35.0	39.0
13	37.6034134023891	39.0	37.0	39.0	35.0	39.0
14	38.9631411563598	41.0	38.0	41.0	35.0	41.0
15	38.93895470544016	41.0	38.0	41.0	35.0	41.0
16	38.913042726098084	41.0	38.0	41.0	35.0	41.0
17	38.90288755619721	40.0	38.0	41.0	35.0	41.0
18	38.89900061623185	40.0	38.0	41.0	35.0	41.0
19	38.92965866812484	41.0	39.0	41.0	35.0	41.0
20	38.84938028398785	40.0	38.0	41.0	35.0	41.0
21	38.85257210591448	40.0	38.0	41.0	35.0	41.0
22	38.860457298613305	40.0	38.0	41.0	35.0	41.0
23	38.8391329860132	40.0	38.0	41.0	35.0	41.0
24	38.81894762718996	40.0	38.0	41.0	35.0	41.0
25	38.786781520243785	40.0	38.0	41.0	34.0	41.0
26	38.732977648197085	40.0	38.0	41.0	34.0	41.0
27	38.68149054708096	40.0	38.0	41.0	34.0	41.0
28	38.63794572716847	40.0	38.0	41.0	34.0	41.0
29	38.59463935367126	40.0	38.0	41.0	34.0	41.0
30	38.56229418434629	40.0	38.0	41.0	34.0	41.0
31	38.520774152032644	40.0	38.0	41.0	34.0	41.0
32	38.470277818112294	40.0	38.0	41.0	34.0	41.0
33	38.40777562370631	40.0	38.0	41.0	34.0	41.0
34	38.35799602758082	40.0	38.0	41.0	34.0	41.0
35	38.291924268297244	40.0	38.0	41.0	33.0	41.0
36	38.09713690696917	40.0	38.0	41.0	33.0	41.0
37	38.10669770504886	40.0	37.0	41.0	33.0	41.0
38	38.071336582340415	40.0	37.0	41.0	33.0	41.0
39	38.0050205441903	40.0	37.0	41.0	33.0	41.0
40	37.93348268925836	40.0	37.0	41.0	33.0	41.0
41	37.87578096098102	40.0	37.0	41.0	33.0	41.0
42	37.74659297629913	40.0	36.0	41.0	33.0	41.0
43	37.71504662809951	40.0	36.0	41.0	33.0	41.0
44	37.64413010175751	40.0	36.0	41.0	33.0	41.0
45	37.57592743000227	40.0	36.0	41.0	32.0	41.0
46	37.503567085872525	39.0	35.0	41.0	32.0	41.0
47	37.423400066704225	39.0	35.0	41.0	32.0	41.0
48	37.350645184825055	39.0	35.0	41.0	32.0	41.0
49	37.24812024766545	39.0	35.0	41.0	32.0	41.0
50	37.229610229837256	39.0	35.0	41.0	32.0	41.0
51	37.36537739575646	39.0	35.0	41.0	32.0	41.0
>>END_MODULE
>>Per sequence quality scores	pass
#Quality	Count
10	4.0
11	5.0
12	31.0
13	76.0
14	199.0
15	304.0
16	562.0
17	1108.0
18	1933.0
19	3486.0
20	6730.0
21	11795.0
22	19774.0
23	32325.0
24	49857.0
25	73455.0
26	103323.0
27	140043.0
28	181116.0
29	228596.0
30	284579.0
31	353367.0
32	439211.0
33	560579.0
34	753792.0
35	1043793.0
36	1540422.0
37	2393962.0
38	3909721.0
39	1.0229467E7
40	353477.0
41	7.0
>>END_MODULE
>>Per base sequence content	fail
#Base	G	A	T	C
1	38.047403944872194	9.644472175529781	11.720293395431073	40.58783048416695
2	25.921385536493847	10.678875623693385	30.278466099446177	33.12127274036659
3	24.422547619043428	15.793799808877596	21.253682152558785	38.52997041952019
4	26.433434694582676	22.101261441987944	19.23491368637463	32.23039017705475
5	27.852982271458366	25.315576193560297	22.42896176390848	24.402479771072862
6	25.84397518916258	28.33762273980752	21.911181618311044	23.907220452718853
7	20.37078325890115	23.65070469605296	35.21717715805174	20.761334886994153
8	23.195628984140974	21.57846386988057	28.985950186685365	26.23995695929309
9	22.98607757971209	19.7305430592172	29.973153702415967	27.31022565865474
10	23.0403196746345	31.50559987899863	24.21551379493983	21.238566651427043
11	26.910431077068033	25.297681068242078	21.163253334558842	26.62863452013105
12	25.469937864865578	21.89887449977658	24.5918239824548	28.039363652903038
13	24.84730333281581	24.171261847409465	25.42290945009391	25.55852536968082
14	24.48485717673974	24.046020314742666	25.64366716206445	25.82545534645314
15	25.177008923904154	23.55597716695481	24.85057165150003	26.416442257641005
16	25.710629940496798	23.798836453494193	23.93075030974467	26.55978329626434
17	25.304757316649507	24.148619022188228	24.025861232590863	26.520762428571405
18	25.129030576795557	23.99107262653642	23.974107429928544	26.90578936673948
19	25.59840937436598	23.806098657227317	23.59456636606637	27.000925602340338
20	25.743434559442168	23.60491307494087	24.10964305870596	26.542009306911
21	25.319516124757772	23.53212849655314	23.9951791384909	27.15317624019819
22	25.709812263901142	24.226306371484775	23.317741566352215	26.746139798261865
23	25.419482148594035	24.425609102258445	23.7609898026186	26.393918946528917
24	25.344100081342958	23.996167588509458	23.705728754933094	26.954003575214493
25	25.821559477230526	24.114849344956912	23.240812555847366	26.822778621965192
26	25.585998218429555	24.11177312690282	23.584442901530768	26.71778575313686
27	25.295723220506254	23.773557269862415	23.871490173947784	27.05922933568355
28	25.812052675192504	23.947110459999248	23.43080356867431	26.810033296133934
29	25.555456146899942	23.906979060570574	23.77688055344863	26.760684239080852
30	25.352726366052853	23.734589450376646	23.729321489252168	27.183362694318337
31	25.721552549443278	23.929887196208675	23.395051781553946	26.953508472794102
32	25.3535895642568	24.19686799474329	23.865349322885173	26.58419311811474
33	25.224681486944117	23.82823450747027	23.937520895320947	27.00956311026466
34	25.72089507020769	24.239611504325	23.20798747361885	26.831505951848456
35	25.716656224533097	24.159275873226456	23.63737658128386	26.48669132095659
36	25.663085173970774	23.867553106153608	23.317863232717727	27.151498487157887
37	25.839886788986462	23.996027603196264	22.9615632470839	27.20252236073338
38	25.609196171664472	24.049632779124007	23.41377416822351	26.92739688098801
39	25.402244996318174	23.806652271496997	23.4681237447511	27.322978987433732
40	25.646218681562882	24.111119897962567	22.956585050561458	27.286076369913093
41	25.515854886501167	24.074453755536894	23.509471042370876	26.900220315591067
42	25.42683454152359	23.93434080365388	23.326403795431546	27.312420859390983
43	25.642312945367387	24.200459903690568	23.089309253054406	27.067917897887643
44	25.363333240489734	24.00633030980551	23.643762032674363	26.98657441703039
45	25.33981506387614	23.72685057453536	23.42848815509882	27.50484620648968
46	25.91142141118431	23.89793077765332	23.01783654450776	27.172811266654612
47	25.79696600026653	23.991872725826386	23.34037553731698	26.870785736590104
48	24.987940446293894	23.957787882149745	23.48925298186038	27.565018689695986
49	25.030297384772954	23.987983721529343	23.21242642271106	27.769292470986638
50	26.180244388601338	23.167331344837354	23.450220586586894	27.202203679974414
51	25.58698874609545	24.21935326735873	22.520354522608272	27.673303463937543
>>END_MODULE
>>Per base GC content	fail
#Base	%GC
1	78.63523442903914
2	59.042658276860436
3	62.95251803856362
4	58.66382487163742
5	52.25546204253123
6	49.75119564188144
7	41.132118145895305
8	49.43558594343406
9	50.29630323836683
10	44.27888632606154
11	53.53906559719908
12	53.50930151776861
13	50.40582870249663
14	50.31031252319288
15	51.593451181545156
16	52.27041323676114
17	51.825519745220916
18	52.03481994353504
19	52.59933497670632
20	52.28544386635316
21	52.47269236495596
22	52.455952062163014
23	51.813401095122956
24	52.29810365655745
25	52.64433809919572
26	52.30378397156641
27	52.3549525561898
28	52.622085971326435
29	52.316140385980795
30	52.53608906037118
31	52.67506102223738
32	51.937782682371534
33	52.23424459720878
34	52.55240102205615
35	52.203347545489684
36	52.814583661128665
37	53.04240914971984
38	52.53659305265248
39	52.7252239837519
40	52.932295051475975
41	52.41607520209223
42	52.73925540091457
43	52.710230843255026
44	52.34990765752012
45	52.84466127036582
46	53.084232677838926
47	52.66775173685664
48	52.55295913598987
49	52.799589855759585
50	53.38244806857575
51	53.260292210033
>>END_MODULE
>>Per sequence GC content	pass
#GC Content	Count
0	7882.0
1	6301.5
2	3030.5
3	1160.5
4	961.5
5	925.5
6	892.0
7	806.5
8	738.5
9	839.5
10	972.5
11	1258.5
12	1549.0
13	2047.0
14	2570.0
15	3595.5
16	4697.5
17	6700.5
18	8915.5
19	12282.0
20	15606.5
21	21742.5
22	27917.5
23	35937.5
24	44540.0
25	56262.0
26	85520.5
27	104565.0
28	134199.0
29	164093.0
30	202634.0
31	241439.0
32	287297.5
33	333323.0
34	400028.0
35	469282.0
36	553588.5
37	636063.0
38	723840.5
39	815099.5
40	915254.0
41	1014767.5
42	1103819.5
43	1190743.0
44	1288515.0
45	1387446.5
46	1439419.5
47	1488704.5
48	1527395.0
49	1566123.0
50	1574695.0
51	1582112.5
52	1581115.5
53	1579217.5
54	1541440.5
55	1502499.5
56	1441527.0
57	1381260.0
58	1299787.0
59	1215727.5
60	1137502.5
61	1060854.5
62	995709.5
63	930335.5
64	862605.5
65	795504.5
66	747217.5
67	699697.0
68	632229.5
69	563777.5
70	515774.0
71	467998.5
72	416521.0
73	364965.5
74	327255.5
75	259807.5
76	226184.0
77	198787.0
78	172142.5
79	148961.5
80	126149.5
81	109066.0
82	92002.5
83	79948.5
84	68042.5
85	58779.0
86	49649.5
87	42551.5
88	35700.5
89	29741.0
90	23737.0
91	19261.0
92	14889.5
93	11699.0
94	8513.5
95	6369.0
96	4312.5
97	3210.5
98	2043.5
99	1343.0
100	785.0
>>END_MODULE
>>Per base N content	pass
#Base	N-Count
1	0.07281299430002044
2	3.081379360982668E-5
3	0.003376311385533866
4	8.80394103137905E-6
5	8.80394103137905E-6
6	0.004657284805599518
7	0.0
8	0.0
9	0.0
10	4.401970515689525E-6
11	4.401970515689525E-6
12	0.0
13	8.80394103137905E-6
14	4.401970515689525E-6
15	1.056472923765486E-4
16	4.401970515689525E-6
17	3.081379360982668E-5
18	1.3205911547068575E-5
19	0.0
20	8.80394103137905E-6
21	9.024616380066128E-4
22	4.40287659300478E-5
23	5.460085279486794E-4
24	0.0016558984821488417
25	8.148413530312936E-4
26	1.321572687356827E-4
27	0.013248379221395353
28	0.006834503446444879
29	0.0022873261549487623
30	0.009988290866787937
31	4.981832183852708E-4
32	0.0014992239972495412
33	0.008088426167796297
34	9.57220070584614E-4
35	0.011007925353294841
36	0.012700478800990072
37	0.006563434914295752
38	0.0057350481907401975
39	0.015147260964519285
40	0.00849945182069832
41	0.006858840596964849
42	0.01998616226941612
43	0.00868318791427702
44	0.0031483173638514363
45	0.0039045578910317223
46	0.006376412545105797
47	0.006517848555000559
48	0.005306012939221348
49	0.019044756804261938
50	0.0
51	0.0
>>END_MODULE
>>Sequence Length Distribution	warn
#Length	Count
20	1452.0
21	3223.0
22	2156.0
23	3562.0
24	2900.0
25	3579.0
26	3111.0
27	3441.0
28	3426.0
29	3685.0
30	4146.0
31	4019.0
32	4025.0
33	4561.0
34	4325.0
35	4925.0
36	4743.0
37	5618.0
38	5844.0
39	7604.0
40	9023.0
41	17087.0
42	15256.0
43	11896.0
44	20118.0
45	27191.0
46	120811.0
47	402610.0
48	484527.0
49	72488.0
50	228892.0
51	2.1226855E7
>>END_MODULE
>>Sequence Duplication Levels	fail
#Total Duplicate Percentage	69.52899767530106
#Duplication Level	Relative count
1	100.0
2	34.46316362022816
3	18.99861156835521
4	12.86088487468331
5	9.614531296966922
6	7.454589696978372
7	6.295177704936805
8	5.379099093940999
9	4.425804789373488
10++	86.78270329072613
>>END_MODULE
>>Overrepresented sequences	pass
>>END_MODULE
>>Kmer Content	warn
#Sequence	Count	Obs/Exp Overall	Obs/Exp Max	Max Obs/Exp Position
AAAAA	3777440	5.154936	8.47662	10
TTCTT	3281605	3.5338917	6.590762	6
TTTTT	2735870	3.3820248	4.77094	11
CTTCT	3486515	3.2707253	5.432726	5
CAGCA	3503000	3.1810026	4.4677267	9
TCTTC	3187225	2.9899592	5.655509	7
TCTTG	2460050	2.464929	5.1922946	7
CTCCT	2816060	2.301336	7.7155147	1
TCCTC	2618195	2.139637	5.3395953	2
TTGAA	1787665	2.139138	6.201412	7
CTCCA	2485515	2.0717788	7.2549577	1
GCCAG	2418785	2.003668	5.91009	1
TCCAG	2239545	1.9938606	5.307198	2
GGCAG	2174550	1.9240037	5.0378065	1
GTCCA	1739835	1.54897	5.36136	1
>>END_MODULE
