##FastQC	0.10.1
>>Basic Statistics	pass
#Measure	Value	
Filename	Sample_2_L001_trimmed.fastq	
File type	Conventional base calls	
Encoding	Sanger / Illumina 1.9	
Total Sequences	15453763	
Filtered Sequences	0	
Sequence length	5-51	
%GC	51	
>>END_MODULE
>>Per base sequence quality	pass
#Base	Mean	Median	Lower Quartile	Upper Quartile	10th Percentile	90th Percentile
1	32.458902275128715	34.0	31.0	34.0	31.0	34.0
2	32.67676959974085	34.0	31.0	34.0	31.0	34.0
3	32.74778680118234	34.0	31.0	34.0	31.0	34.0
4	36.17436736929381	37.0	35.0	37.0	35.0	37.0
5	36.253991665330965	37.0	37.0	37.0	35.0	37.0
6	36.15658184401351	37.0	36.0	37.0	35.0	37.0
7	36.14321289682837	37.0	36.0	37.0	35.0	37.0
8	36.137752111168986	37.0	36.0	37.0	35.0	37.0
9	37.91312996856557	39.0	38.0	39.0	35.0	39.0
10	37.92029025503665	39.0	38.0	39.0	35.0	39.0
11	37.921487013114124	39.0	38.0	39.0	35.0	39.0
12	37.9106317681414	39.0	38.0	39.0	35.0	39.0
13	37.81203656704121	39.0	38.0	39.0	35.0	39.0
14	39.23672928160917	41.0	39.0	41.0	36.0	41.0
15	39.2084254123735	41.0	39.0	41.0	36.0	41.0
16	39.16017097188902	41.0	39.0	41.0	36.0	41.0
17	39.171914742058995	41.0	39.0	41.0	36.0	41.0
18	39.17802814286014	41.0	39.0	41.0	36.0	41.0
19	39.224803681332396	41.0	39.0	41.0	36.0	41.0
20	39.21684203191793	41.0	39.0	41.0	36.0	41.0
21	39.18584917671197	41.0	39.0	41.0	36.0	41.0
22	39.09649056563357	40.0	39.0	41.0	36.0	41.0
23	39.107593644078435	40.0	39.0	41.0	35.0	41.0
24	39.144783781754626	41.0	39.0	41.0	36.0	41.0
25	39.13257275131592	41.0	39.0	41.0	35.0	41.0
26	39.09310406626556	40.0	39.0	41.0	35.0	41.0
27	39.05761858554669	40.0	38.0	41.0	35.0	41.0
28	39.04391625867847	40.0	38.0	41.0	35.0	41.0
29	39.00520162444322	40.0	38.0	41.0	35.0	41.0
30	38.985101334416505	40.0	38.0	41.0	35.0	41.0
31	38.920776648663086	40.0	38.0	41.0	35.0	41.0
32	38.88850111287042	40.0	38.0	41.0	35.0	41.0
33	38.85457298827524	40.0	38.0	41.0	35.0	41.0
34	38.813222874150064	40.0	38.0	41.0	35.0	41.0
35	38.75016013586907	40.0	38.0	41.0	35.0	41.0
36	38.706416869554516	40.0	38.0	41.0	35.0	41.0
37	38.66007219976163	40.0	38.0	41.0	34.0	41.0
38	38.604330441708434	40.0	38.0	41.0	34.0	41.0
39	38.53619784641701	40.0	38.0	41.0	34.0	41.0
40	38.4538067577211	40.0	38.0	41.0	34.0	41.0
41	38.37984210202011	40.0	37.0	41.0	34.0	41.0
42	38.307147851967756	40.0	37.0	41.0	34.0	41.0
43	38.255531262372635	40.0	37.0	41.0	33.0	41.0
44	38.166427774658764	40.0	37.0	41.0	33.0	41.0
45	38.10095123166312	40.0	37.0	41.0	33.0	41.0
46	38.029436576377236	40.0	37.0	41.0	33.0	41.0
47	37.9289106807587	40.0	36.0	41.0	33.0	41.0
48	37.831544947765515	40.0	36.0	41.0	33.0	41.0
49	37.71961264926361	39.0	36.0	41.0	33.0	41.0
50	37.60110898694738	39.0	35.0	41.0	33.0	41.0
51	37.456124074753795	39.0	35.0	41.0	33.0	41.0
>>END_MODULE
>>Per sequence quality scores	pass
#Quality	Count
23	3.0
24	22.0
25	85.0
26	774.0
27	5982.0
28	29550.0
29	91202.0
30	174727.0
31	252094.0
32	331266.0
33	428731.0
34	576172.0
35	868443.0
36	1184393.0
37	1719273.0
38	2746771.0
39	6912430.0
40	131845.0
>>END_MODULE
>>Per base sequence content	fail
#Base	G	A	T	C
1	32.480425641314675	12.41666511903929	7.159421300818448	47.94348793882758
2	22.21644657032724	10.625916807446833	40.095710022212714	27.061926600013216
3	20.431030293398443	15.448690393401272	24.849792248011052	39.270487065189236
4	24.99001052365045	21.76290007812337	19.777577797718266	33.469511600507914
5	26.190022456019292	26.15944737860934	23.800837375336997	23.849692790034375
6	23.530429495497895	29.31277434105379	23.321981114301295	23.834815049147018
7	19.374287000558347	25.847393524873784	35.157343625499955	19.62097584906791
8	20.18975964831527	22.062434332103614	31.950262723832502	25.797543295748614
9	20.677539992074077	19.47887677259656	32.64077046944356	27.2028127658858
10	22.008490313990226	31.737401103927432	24.647576273326976	21.60653230875537
11	25.427953515450263	26.2250657729659	22.02664242594729	26.320338285636552
12	24.073991292341386	22.068419395965698	25.43663935163388	28.42094996005904
13	24.133293302366383	24.38845754917613	25.284437886418015	26.193811262039475
14	23.227866025519955	24.78060066623606	26.462589600354825	25.528943707889155
15	23.600934734625493	23.992899124263587	25.6138417288773	26.792324412233615
16	24.713181411146184	24.332048986210385	23.9929484006105	26.961821202032933
17	23.995103184058475	25.091380505375792	24.945236160370925	25.968280150194804
18	23.73083980114413	24.652768981243664	24.76332906248501	26.8530621551272
19	24.785317116949297	24.617126046919115	23.63108190440091	26.966474931730673
20	24.23112262589954	24.809239623608846	25.134265644397825	25.825372106093784
21	23.776201185495594	24.142394130901803	25.025143290230424	27.056261393372182
22	24.92227024570427	24.84572237524747	23.40074744175871	26.83125993728955
23	24.0791728054234	25.34558409433619	24.82081147835585	25.75443162188456
24	23.737813579559113	24.606004031749443	24.594200040051216	27.06198234864023
25	24.938417749015645	24.775928583519768	23.348909686272137	26.93674398119245
26	24.20113809706327	25.091610545140043	24.536293239901163	26.17095811789552
27	23.725614029304197	24.272566742601732	24.869785778065946	27.13203345002812
28	24.858777592486685	24.43237801921282	23.62902174061824	27.079822647682256
29	24.23571220465437	24.9633654313639	24.690525087005575	26.110397276976155
30	23.888006051610674	24.262778050047434	24.557402561447688	27.2918133368942
31	24.815705410346816	24.58751946615768	23.401818108615444	27.19495701488006
32	24.11634359359879	25.12367161756516	24.794647527710946	25.9653372611251
33	23.712932252637327	24.282123098655937	24.902328928976157	27.102615719730576
34	24.877196840397062	24.772902388364898	23.296921016227696	27.05297975501034
35	24.422758126238477	25.10148566318832	24.518101105313868	25.95765510525933
36	24.011954710417495	24.201449679254832	24.40874007787246	27.377855532455214
37	24.898484270939765	24.56950770641984	23.045953527513475	27.486054495126915
38	24.26064877638021	24.96543754689441	24.388096926249663	26.385816750475716
39	23.801126889532963	24.35887738979438	24.44285343706484	27.397142283607817
40	24.873509535690193	24.82534158032578	23.076482044473323	27.224666839510704
41	24.281797355869855	25.097004763669407	24.36725238364274	26.253945496817998
42	23.96120156407301	24.426543682010802	24.251648636811808	27.360606117104375
43	24.86901106390706	24.84935308366195	23.105634943303972	27.176000909127023
44	24.160169560200675	25.042113970707568	24.481340784828628	26.31637568426313
45	23.954448699087337	24.266553783085286	24.296525396614367	27.482472121213007
46	24.99997069317957	24.531449881673712	23.034296306607953	27.43428311853876
47	24.41852853837016	24.936491998947982	24.260424137835678	26.384555324846183
48	23.71885194298297	24.29814242998048	24.175621524107463	27.80738410292909
49	25.17240988302742	24.42499220521232	23.001445713556024	27.401152198204237
50	24.757954932225896	25.015184924692928	24.10710678199178	26.119753361089394
51	24.317401215698435	24.357938829867088	23.99889774460962	27.325762209824855
>>END_MODULE
>>Per base GC content	fail
#Base	%GC
1	80.42391358014225
2	49.27837317034046
3	59.70151735858767
4	58.45952212415837
5	50.03971524605366
6	47.365244544644916
7	38.99526284962626
8	45.987302944063885
9	47.880352757959876
10	43.61502262274559
11	51.74829180108681
12	52.49494125240043
13	50.32710456440586
14	48.75680973340911
15	50.3932591468591
16	51.67500261317911
17	49.96338333425328
18	50.583901956271326
19	51.75179204867997
20	50.056494731993325
21	50.832462578867776
22	51.75353018299382
23	49.83360442730797
24	50.799795928199345
25	51.8751617302081
26	50.372096214958795
27	50.85764747933232
28	51.93860024016894
29	50.34610948163052
30	51.179819388504875
31	52.01066242522687
32	50.081680854723885
33	50.8155479723679
34	51.93017659540741
35	50.38041323149781
36	51.38981024287271
37	52.38453876606668
38	50.646465526855934
39	51.19826917314077
40	52.0981763752009
41	50.53574285268786
42	51.32180768117739
43	52.045011973034086
44	50.4765452444638
45	51.436920820300344
46	52.434253811718335
47	50.803083863216344
48	51.52623604591206
49	52.57356208123165
50	50.877708293315294
51	51.643163425523284
>>END_MODULE
>>Per sequence GC content	pass
#GC Content	Count
0	6021.0
1	5973.0
2	5896.5
3	5640.5
4	5454.5
5	5766.5
6	6671.5
7	7895.0
8	9361.5
9	10639.0
10	11166.5
11	12029.5
12	13056.0
13	14535.5
14	16442.5
15	19092.5
16	21229.0
17	24904.0
18	29187.5
19	35201.0
20	41070.0
21	50224.5
22	59690.5
23	70071.5
24	80923.0
25	98606.0
26	130655.0
27	148796.5
28	176082.5
29	204020.5
30	239016.5
31	276531.5
32	320348.0
33	361712.5
34	416780.5
35	475944.0
36	546736.0
37	615455.5
38	681580.5
39	751554.5
40	817257.5
41	877022.0
42	933616.0
43	990680.0
44	1060061.0
45	1131324.5
46	1160808.0
47	1188001.0
48	1211290.5
49	1233038.0
50	1241243.0
51	1249036.5
52	1234436.0
53	1217920.0
54	1184871.5
55	1149957.0
56	1100299.5
57	1051426.0
58	994746.5
59	934252.5
60	874465.5
61	812071.0
62	757122.0
63	705532.0
64	654059.5
65	600136.5
66	558534.0
67	523183.0
68	475947.0
69	424237.5
70	384052.0
71	344882.5
72	309490.5
73	274302.5
74	250254.5
75	205072.5
76	177919.0
77	160266.5
78	142506.5
79	125534.5
80	109407.0
81	97254.0
82	84725.5
83	75631.0
84	67046.0
85	60630.5
86	53917.5
87	49555.0
88	44917.5
89	40572.5
90	34229.5
91	28730.0
92	23618.5
93	18215.5
94	14504.5
95	11942.5
96	10282.0
97	9333.0
98	8556.0
99	8202.0
100	7986.0
>>END_MODULE
>>Per base N content	pass
#Base	N-Count
1	0.0
2	0.0
3	0.0
4	0.0
5	0.0
6	0.0
7	0.0
8	0.0
9	0.0
10	0.0
11	0.0
12	0.0
13	0.0
14	0.0
15	0.0
16	0.0
17	0.0
18	0.0
19	0.0
20	0.0
21	0.0
22	0.0
23	0.0
24	0.0
25	0.0
26	0.0
27	0.0
28	0.0
29	0.0
30	0.0
31	0.0
32	0.0
33	0.0
34	0.0
35	0.0
36	0.0
37	0.0
38	0.0
39	0.0
40	0.0
41	0.0
42	0.0
43	0.0
44	0.0
45	0.0
46	0.0
47	0.0
48	0.0
49	0.0
50	0.0
51	0.0
>>END_MODULE
>>Sequence Length Distribution	warn
#Length	Count
5	56186.0
6	48687.0
7	36994.0
8	48059.0
9	45083.0
10	46487.0
11	49947.0
12	47324.0
13	43387.0
14	48105.0
15	49587.0
16	41791.0
17	50422.0
18	46626.0
19	41490.0
20	49864.0
21	44923.0
22	43328.0
23	44131.0
24	44835.0
25	41275.0
26	46141.0
27	46722.0
28	41852.0
29	46887.0
30	46836.0
31	43549.0
32	46819.0
33	41993.0
34	42641.0
35	44480.0
36	43914.0
37	41842.0
38	42828.0
39	42663.0
40	38909.0
41	42889.0
42	39213.0
43	35233.0
44	20201.0
45	40920.0
46	51988.0
47	61879.0
48	41842.0
49	4284.0
50	0.0
51	1.3488707E7
>>END_MODULE
>>Sequence Duplication Levels	fail
#Total Duplicate Percentage	76.5091550738636
#Duplication Level	Relative count
1	100.0
2	57.440370238519044
3	30.462798148807405
4	19.00498398006408
5	13.492346030615877
6	10.208259166963332
7	8.294766820932717
8	7.073691705233179
9	5.843716625133499
10++	104.17764328942684
>>END_MODULE
>>Overrepresented sequences	pass
>>END_MODULE
>>Kmer Content	warn
#Sequence	Count	Obs/Exp Overall	Obs/Exp Max	Max Obs/Exp Position
AAAAA	2728645	5.0985737	7.966164	10
TTCTT	2263690	3.296913	6.4418926	6
CAGCA	2243940	3.223874	4.499321	9
CTTCT	2401435	3.167872	7.0274134	1
TCTTC	2167190	2.8588657	5.326738	7
TCTTG	1596530	2.3847938	5.2295456	7
CTTCA	1741010	2.3666906	5.677356	1
CTTGG	1527755	2.3405104	5.792382	1
CTCCT	1889885	2.2580748	9.284597	1
CTGCT	1607240	2.1745062	5.263628	1
CTCCA	1681070	2.069818	9.638359	1
TTGAA	1180290	2.0670128	5.881813	7
TCCTC	1718325	2.053091	6.435392	2
TCCAG	1415185	1.9730431	6.3726206	2
TCCTT	1437660	1.8965003	5.4824934	2
CCTCC	1695390	1.8347578	5.0976186	1
CCCAG	1340305	1.6925175	5.67846	1
GTCCA	1098145	1.5310277	6.250743	1
GTCAG	824865	1.3022164	5.0903807	1
>>END_MODULE
