##FastQC	0.10.1
>>Basic Statistics	pass
#Measure	Value	
Filename	Sample_4_L002_poly.fastq	
File type	Conventional base calls	
Encoding	Sanger / Illumina 1.9	
Total Sequences	12980676	
Filtered Sequences	0	
Sequence length	35-39	
%GC	54	
>>END_MODULE
>>Per base sequence quality	pass
#Base	Mean	Median	Lower Quartile	Upper Quartile	10th Percentile	90th Percentile
1	37.55736280606649	39.0	37.0	39.0	35.0	39.0
2	38.903103351474144	40.0	38.0	41.0	35.0	41.0
3	38.873230716181496	40.0	38.0	41.0	35.0	41.0
4	38.84348966109315	40.0	38.0	41.0	35.0	41.0
5	38.82926436188686	40.0	38.0	41.0	35.0	41.0
6	38.82312639187666	40.0	38.0	41.0	35.0	41.0
7	38.84992622880349	40.0	38.0	41.0	35.0	41.0
8	38.76498666171161	40.0	38.0	41.0	34.0	41.0
9	38.76914314786071	40.0	38.0	41.0	34.0	41.0
10	38.77491619080547	40.0	38.0	41.0	34.0	41.0
11	38.749875122066065	40.0	38.0	41.0	34.0	41.0
12	38.72633543892475	40.0	38.0	41.0	34.0	41.0
13	38.69332382997619	40.0	38.0	41.0	34.0	41.0
14	38.63389857354116	40.0	38.0	41.0	34.0	41.0
15	38.580544957751044	40.0	38.0	41.0	34.0	41.0
16	38.530766040227796	40.0	38.0	41.0	34.0	41.0
17	38.478498423348675	40.0	38.0	41.0	34.0	41.0
18	38.442292835904695	40.0	38.0	41.0	34.0	41.0
19	38.395807121293224	40.0	38.0	41.0	34.0	41.0
20	38.336900790066714	40.0	38.0	41.0	33.0	41.0
21	38.269676016873085	40.0	38.0	41.0	33.0	41.0
22	38.21399255323837	40.0	38.0	41.0	33.0	41.0
23	38.13975004075289	40.0	37.0	41.0	33.0	41.0
24	37.93537917439739	40.0	37.0	41.0	33.0	41.0
25	37.936205171440996	40.0	37.0	41.0	33.0	41.0
26	37.88880971992522	40.0	37.0	41.0	33.0	41.0
27	37.81552262763511	40.0	37.0	41.0	33.0	41.0
28	37.73293494113866	40.0	36.0	41.0	33.0	41.0
29	37.660264072533664	40.0	36.0	41.0	33.0	41.0
30	37.52112555617288	40.0	36.0	41.0	32.0	41.0
31	37.47660406900226	40.0	36.0	41.0	32.0	41.0
32	37.39010957518699	39.0	35.0	41.0	32.0	41.0
33	37.311039887290924	39.0	35.0	41.0	32.0	41.0
34	37.22270943362272	39.0	35.0	41.0	32.0	41.0
35	37.13050984401737	39.0	35.0	41.0	31.0	41.0
36	37.04348561817532	39.0	35.0	41.0	31.0	41.0
37	36.928050218111316	39.0	35.0	41.0	31.0	41.0
38	36.905100954114204	39.0	35.0	41.0	31.0	41.0
39	37.06099104801903	38.0	35.0	41.0	32.0	41.0
>>END_MODULE
>>Per sequence quality scores	pass
#Quality	Count
9	1.0
10	2.0
11	20.0
12	51.0
13	135.0
14	272.0
15	511.0
16	1043.0
17	1656.0
18	3074.0
19	5031.0
20	8008.0
21	12379.0
22	18627.0
23	26454.0
24	37103.0
25	50229.0
26	66152.0
27	85139.0
28	107285.0
29	132450.0
30	163223.0
31	199586.0
32	243778.0
33	305458.0
34	404235.0
35	539267.0
36	740925.0
37	1049253.0
38	1472783.0
39	2219800.0
40	5083809.0
41	2937.0
>>END_MODULE
>>Per base sequence content	pass
#Base	G	A	T	C
1	25.75887419114382	23.18222872214051	23.879264839519916	27.179632247195755
2	25.288482664539195	23.01378603086619	24.232636266400917	27.4650950381937
3	25.93551368203012	22.74827597576582	23.49040989852917	27.825800443674893
4	26.601195500141905	22.844711631351096	22.691137195012033	27.862955673494973
5	26.14767520582133	23.19531740873896	22.92066299166546	27.736344393774253
6	26.078703451191604	23.004888189182136	22.742282451237518	28.174125908388746
7	26.50980580672378	22.85424118127592	22.35939021973894	28.276562792261355
8	26.68169207828622	22.736258111673074	22.843663920122495	27.738385889918217
9	26.225267466809893	22.61621043464917	22.84089056687032	28.317631531670617
10	26.775885939992648	23.271114693872647	21.99396240997002	27.959036956164685
11	26.400504873552038	23.461628654778842	22.512741247066025	27.625125224603092
12	26.251036540778	23.040995707773618	22.4417202925333	28.266247458915082
13	26.693032011583988	23.19829105972601	22.003723072665863	28.10495385602414
14	26.48887469342891	23.124088452712325	22.442875856388373	27.944160997470398
15	26.170008403260354	22.83781676701583	22.729648286422062	28.262526543301753
16	26.80179368162336	22.975760276275288	22.10492735509306	28.117518687008285
17	26.46820550794119	23.022830243971885	22.502117763358395	28.00684648472853
18	26.248101408586116	22.873169317222	22.53865669245577	28.340072581736113
19	26.719163162226682	23.026327750573238	22.04071652354623	28.21379256365385
20	26.266343909978186	23.295766722780847	22.769137755229387	27.668751612011576
21	26.179183580269626	22.901773374514548	22.790338500090442	28.128704545125384
22	26.709625908542822	23.20123389567693	22.004077445581416	28.085062750198837
23	26.57722910578771	23.219876992538754	22.54679956575451	27.656094335919022
24	26.558200820974193	22.893461018517065	22.297390367034815	28.25094779347393
25	26.832292863638223	23.00505767188088	21.771369996447028	28.39127946803387
26	26.46285139541269	23.152900511498782	22.334430040469385	28.04981805261914
27	26.272121729253545	22.827031504368495	22.419625911624326	28.481220854753637
28	26.612373654499965	23.176974758479453	21.83906292707714	28.37158865994344
29	26.484876442490364	23.124157786543627	22.449693683133297	27.941272087832715
30	26.386614996014075	22.991475944704266	22.173020881192937	28.448888178088723
31	26.79090827010858	23.17236791057723	21.82348592631077	28.213237893003416
32	26.37012124792268	22.99653731438948	22.46242799681619	28.170913440871647
33	26.3698747276336	22.783004521490252	22.32084060953374	28.526280141342408
34	27.050155169114458	22.814335709480773	21.741048000889936	28.394461120514837
35	27.19045602863826	22.760278432340503	21.692760839265997	28.356504699755234
36	26.452583875936647	22.439780823720014	21.848073826093596	29.25956147424974
37	26.713241673387035	22.263936797925695	21.34967378212074	29.67314774656653
38	28.379748680939414	20.830163984974817	21.046970035937434	29.74311729814833
39	27.05670323056239	22.68621178130265	20.661839790236904	29.595245197898063
>>END_MODULE
>>Per base GC content	pass
#Base	%GC
1	52.93850643833957
2	52.75357770273289
3	53.761314125705006
4	54.46415117363688
5	53.884019599595575
6	54.252829359580346
7	54.786368598985135
8	54.420077968204424
9	54.54289899848052
10	54.734922896157336
11	54.02563009815513
12	54.51728399969308
13	54.797985867608126
14	54.4330356908993
15	54.43253494656211
16	54.919312368631644
17	54.47505199266972
18	54.58817399032223
19	54.932955725880525
20	53.935095521989766
21	54.30788812539501
22	54.794688658741656
23	54.23332344170674
24	54.80914861444812
25	55.2235723316721
26	54.51266944803182
27	54.75334258400718
28	54.98396231444341
29	54.42614853032307
30	54.8355031741028
31	55.004146163112
32	54.54103468879433
33	54.89615486897601
34	55.44461628962929
35	55.5469607283935
36	55.71214535018639
37	56.38638941995357
38	58.12286597908775
39	56.65194842846045
>>END_MODULE
>>Per sequence GC content	pass
#GC Content	Count
0	1491.0
1	1297.0
2	1103.0
3	1103.0
4	1142.5
5	1182.0
6	1259.5
7	1295.5
8	1254.0
9	1373.0
10	1516.5
11	1541.0
12	2100.5
13	2676.5
14	3736.0
15	4872.5
16	5007.0
17	6705.5
18	8562.5
19	12107.5
20	15554.5
21	15827.5
22	21319.0
23	26675.5
24	36425.0
25	46233.5
26	47186.5
27	62005.5
28	76242.0
29	101941.0
30	128428.5
31	129805.5
32	172982.0
33	218326.5
34	221206.5
35	264136.5
36	309772.5
37	379249.0
38	449955.5
39	458268.0
40	531306.5
41	605212.5
42	682751.5
43	759505.5
44	767149.0
45	845893.5
46	924095.5
47	995198.0
48	1063260.0
49	1066586.5
50	1114666.0
51	1160651.5
52	1161884.0
53	1169643.0
54	1177474.0
55	1142913.5
56	1104713.5
57	1098144.5
58	1049994.5
59	1002838.5
60	930362.0
61	856019.0
62	851529.5
63	785093.0
64	715005.5
65	656886.5
66	601514.5
67	596951.5
68	536913.5
69	478544.0
70	474582.0
71	421054.0
72	368334.0
73	326364.5
74	283849.0
75	280875.0
76	246438.0
77	211307.5
78	183349.0
79	155328.5
80	152545.0
81	130670.0
82	109015.5
83	92944.5
84	77634.0
85	76271.5
86	64435.5
87	53358.0
88	44075.0
89	34998.0
90	34697.5
91	27853.5
92	21310.0
93	20855.5
94	16252.5
95	12104.0
96	8643.5
97	5183.0
98	5183.0
99	3590.0
100	1997.0
>>END_MODULE
>>Per base N content	pass
#Base	N-Count
1	0.0
2	0.0
3	0.0
4	0.0
5	0.0
6	0.0
7	0.0
8	0.0
9	0.0
10	0.0
11	0.0
12	0.0
13	0.0
14	0.0
15	0.0
16	0.0
17	0.0
18	0.0
19	0.0
20	0.0
21	0.0
22	0.0
23	0.0
24	0.0
25	0.0
26	0.0
27	0.0
28	0.0
29	0.0
30	0.0
31	0.0
32	0.0
33	0.0
34	0.0
35	0.0
36	0.0
37	0.0
38	0.0
39	0.0
>>END_MODULE
>>Sequence Length Distribution	warn
#Length	Count
35	393365.0
36	417837.0
37	234844.0
38	144949.0
39	1.1789681E7
>>END_MODULE
>>Sequence Duplication Levels	fail
#Total Duplicate Percentage	79.25912868088665
#Duplication Level	Relative count
1	100.0
2	63.29927065008993
3	36.892455478030556
4	22.892495009190995
5	16.010119977071927
6	12.187456762793271
7	9.791868440298066
8	8.05447393908248
9	6.937718656731168
10++	119.24574545885794
>>END_MODULE
>>Overrepresented sequences	pass
>>END_MODULE
>>Kmer Content	warn
#Sequence	Count	Obs/Exp Overall	Obs/Exp Max	Max Obs/Exp Position
CAGCA	1617015	3.2333326	3.6130688	27
CTTCT	1208125	3.0143368	3.4025128	1
>>END_MODULE
