##FastQC	0.10.1
>>Basic Statistics	pass
#Measure	Value	
Filename	Treat_3.fastq	
File type	Conventional base calls	
Encoding	Sanger / Illumina 1.9	
Total Sequences	29811421	
Filtered Sequences	0	
Sequence length	39	
%GC	51	
>>END_MODULE
>>Per base sequence quality	pass
#Base	Mean	Median	Lower Quartile	Upper Quartile	10th Percentile	90th Percentile
1	37.90523893510477	39.0	38.0	39.0	35.0	39.0
2	39.36018779514066	41.0	39.0	41.0	36.0	41.0
3	39.336714073441854	41.0	39.0	41.0	36.0	41.0
4	39.28981359191164	41.0	39.0	41.0	36.0	41.0
5	39.29551503096749	41.0	39.0	41.0	36.0	41.0
6	39.30166945077861	41.0	39.0	41.0	36.0	41.0
7	39.33961759152641	41.0	39.0	41.0	36.0	41.0
8	39.29761352201225	41.0	39.0	41.0	36.0	41.0
9	39.285245879423194	41.0	39.0	41.0	36.0	41.0
10	39.243569503110905	41.0	39.0	41.0	36.0	41.0
11	39.241231137556305	41.0	39.0	41.0	36.0	41.0
12	39.25215939890956	41.0	39.0	41.0	36.0	41.0
13	39.22973735468698	41.0	39.0	41.0	36.0	41.0
14	39.19253312346299	41.0	39.0	41.0	36.0	41.0
15	39.15476971057502	41.0	39.0	41.0	36.0	41.0
16	39.12629854175687	40.0	39.0	41.0	35.0	41.0
17	39.089900813517076	40.0	39.0	41.0	35.0	41.0
18	39.064516280522156	40.0	39.0	41.0	35.0	41.0
19	39.01126638679854	40.0	38.0	41.0	35.0	41.0
20	38.973569357864555	40.0	38.0	41.0	35.0	41.0
21	38.927497954559094	40.0	38.0	41.0	35.0	41.0
22	38.879530767755085	40.0	38.0	41.0	35.0	41.0
23	38.82075772235077	40.0	38.0	41.0	35.0	41.0
24	38.69697127151369	40.0	38.0	41.0	35.0	41.0
25	38.67731279901082	40.0	38.0	41.0	35.0	41.0
26	38.637449486222074	40.0	38.0	41.0	35.0	41.0
27	38.574179204674614	40.0	38.0	41.0	35.0	41.0
28	38.4926744686206	40.0	38.0	41.0	34.0	41.0
29	38.428636863704014	40.0	37.0	41.0	34.0	41.0
30	38.32465795575461	40.0	37.0	41.0	34.0	41.0
31	38.281378938628926	40.0	37.0	41.0	34.0	41.0
32	38.202254766721786	40.0	37.0	41.0	34.0	41.0
33	38.13677409070839	40.0	37.0	41.0	34.0	41.0
34	38.0624613969257	40.0	36.0	41.0	33.0	41.0
35	37.98315662309422	40.0	36.0	41.0	33.0	41.0
36	37.91951487317562	40.0	36.0	41.0	33.0	41.0
37	37.86286225671698	39.0	36.0	41.0	33.0	41.0
38	37.897237773402345	39.0	35.0	41.0	33.0	41.0
39	38.06481572951521	39.0	35.0	41.0	34.0	41.0
>>END_MODULE
>>Per sequence quality scores	pass
#Quality	Count
11	2.0
12	11.0
13	20.0
14	42.0
15	81.0
16	213.0
17	460.0
18	910.0
19	1697.0
20	3139.0
21	5440.0
22	9108.0
23	15033.0
24	22832.0
25	34602.0
26	50996.0
27	73120.0
28	103456.0
29	143733.0
30	198044.0
31	269784.0
32	371165.0
33	514692.0
34	755263.0
35	1092559.0
36	1605558.0
37	2386343.0
38	3483372.0
39	5430641.0
40	1.3239105E7
>>END_MODULE
>>Per base sequence content	pass
#Base	G	A	T	C
1	24.59302255957692	24.326953373135307	25.303934710387317	25.776089356900457
2	24.22039018001793	24.260784097529875	25.53206876868223	25.986756953769962
3	24.712129623072983	23.792223792351262	24.97115786597358	26.524488718602175
4	25.473368254492307	23.880888919309577	23.87385301708345	26.77188980911466
5	25.021403709672207	24.44248799814004	24.059077895012116	26.477030397175632
6	24.6531186822661	24.302877075198797	24.235292239172363	26.80871200336274
7	25.29726442761652	24.01575221791675	23.68268859106045	27.00429476340628
8	25.41218432399396	24.004106479999944	24.153203705157285	26.43050549084881
9	24.843898847815286	23.910715135704173	24.32366622042617	26.921719796054372
10	25.473386620527737	24.575250789001462	23.290544913751997	26.6608176767188
11	25.177233248961866	24.810900493471948	23.856621930232713	26.155244327333477
12	24.89805187573546	24.360147380652396	23.949664623142144	26.792136120469994
13	25.510634919894816	24.359107718877837	23.30925314494971	26.82100421627764
14	25.27215660065315	24.459729712313948	23.676784813444485	26.591328873588417
15	24.78019981097348	24.121190057932395	24.12461513203778	26.973994999056345
16	25.406327837983376	24.316364191014646	23.44690847610888	26.830399494893097
17	25.276487229907552	24.343861191685214	23.795688584100326	26.583962994306916
18	24.866484599576236	24.11996703940495	23.97649821687072	27.037050144148093
19	25.35561393590278	24.24136241562876	23.383264564343538	27.019759084124928
20	25.090030207588825	24.5903955546108	23.935867047832033	26.38370718996834
21	24.773265986204652	24.165874507336607	24.25309086381159	26.80776864264715
22	25.397888432205374	24.480454716027396	23.2208723206351	26.90078453113213
23	25.433464758411695	24.522023000915	23.69802576580963	26.346486474863674
24	25.07346997500241	24.15780867914324	23.68230471454717	27.086416631307173
25	25.395112736315983	24.30970603175662	23.11460034660745	27.180580885319948
26	25.294749914845514	24.366651564618483	23.589372425028664	26.74922609550734
27	24.837807753165272	24.143276300661878	23.838628169974047	27.180287776198803
28	25.294948478950925	24.404890017937632	23.08123475005931	27.218926753052138
29	25.26025610456617	24.473513413132146	23.55467021904531	26.711560263256377
30	24.952555720965343	24.273224162875053	23.67511878053383	27.099101335625775
31	25.322026452347785	24.465909147326474	23.156025618541577	27.056038781784164
32	25.088802414020805	24.37156008157434	23.758880367195225	26.780757137209633
33	24.899495252214887	24.09263276482285	23.71299177082784	27.29488021213442
34	25.443012803056426	24.190392001647204	23.152758933770336	27.21383626152604
35	25.40254599890736	24.314706869573158	23.50099371420333	26.781753417316157
36	24.426693482861033	24.22995969050455	23.628410093213738	27.714936733420682
37	24.343591348390518	24.32381354211487	23.462985865745125	27.869609243749487
38	25.24888028651838	23.6375280467174	23.737590368469856	27.376001298294366
39	25.026807678842278	24.566376758759674	22.477512896818975	27.929302665579076
>>END_MODULE
>>Per base GC content	pass
#Base	%GC
1	50.36911191647737
2	50.2071471337879
3	51.236618341675154
4	52.24525806360697
5	51.498434106847846
6	51.46183068562884
7	52.3015591910228
8	51.84268981484277
9	51.76561864386966
10	52.13420429724655
11	51.33247757629535
12	51.69018799620546
13	52.331639136172456
14	51.863485474241564
15	51.75419481002983
16	52.23672733287648
17	51.86045022421446
18	51.903534743724336
19	52.3753730200277
20	51.47373739755717
21	51.581034628851796
22	52.2986729633375
23	51.77995123327537
24	52.15988660630959
25	52.575693621635935
26	52.04397601035286
27	52.018095529364075
28	52.51387523200306
29	51.97181636782254
30	52.05165705659112
31	52.37806523413195
32	51.86955955123044
33	52.19437546434931
34	52.65684906458247
35	52.18429941622351
36	52.14163021628171
37	52.213200592140005
38	52.62488158481274
39	52.95611034442136
>>END_MODULE
>>Per sequence GC content	pass
#GC Content	Count
0	5956.0
1	3443.0
2	930.0
3	930.0
4	1199.0
5	1468.0
6	2109.5
7	2751.0
8	2751.0
9	4320.0
10	5889.0
11	5889.0
12	9108.0
13	12327.0
14	20916.5
15	29506.0
16	29506.0
17	36435.0
18	43364.0
19	59075.5
20	74787.0
21	74787.0
22	102680.5
23	130574.0
24	176965.0
25	223356.0
26	223356.0
27	276734.5
28	330113.0
29	422190.5
30	514268.0
31	514268.0
32	648939.5
33	783611.0
34	783611.0
35	923771.5
36	1063932.0
37	1256386.0
38	1448840.0
39	1448840.0
40	1625380.5
41	1801921.0
42	1952142.0
43	2102363.0
44	2102363.0
45	2241393.5
46	2380424.0
47	2462364.0
48	2544304.0
49	2544304.0
50	2579457.0
51	2614610.0
52	2614610.0
53	2545062.0
54	2475514.0
55	2336314.0
56	2197114.0
57	2197114.0
58	2060512.0
59	1923910.0
60	1757672.0
61	1591434.0
62	1591434.0
63	1451227.5
64	1311021.0
65	1194229.0
66	1077437.0
67	1077437.0
68	968170.5
69	858904.0
70	858904.0
71	756769.0
72	654634.0
73	572270.5
74	489907.0
75	489907.0
76	426050.5
77	362194.0
78	310553.5
79	258913.0
80	258913.0
81	218764.5
82	178616.0
83	150963.5
84	123311.0
85	123311.0
86	102299.5
87	81288.0
88	67189.0
89	53090.0
90	53090.0
91	42228.5
92	31367.0
93	31367.0
94	24323.0
95	17279.0
96	12382.5
97	7486.0
98	7486.0
99	5097.0
100	2708.0
>>END_MODULE
>>Per base N content	pass
#Base	N-Count
1	6.708838199963698E-6
2	6.708838199963698E-6
3	0.0
4	0.023953906792970388
5	0.0
6	0.0
7	0.0
8	3.354419099981849E-6
9	4.7632751219742257E-4
10	2.0126514599891094E-5
11	0.0
12	6.071498570967148E-4
13	1.8113863139901986E-4
14	0.0
15	0.006195612077666475
16	0.0023548022081872583
17	2.6835352799854794E-5
18	2.2139166059880204E-4
19	6.373396289965515E-5
20	1.274679257993103E-4
21	0.0016738551308909428
22	3.756949391979671E-4
23	0.0017442979319905617
24	0.003166571630382866
25	0.0025225231631863508
26	0.003002205094483755
27	0.0032336600123825028
28	0.0049276416578733365
29	0.0026332189934857517
30	0.011056165353540176
31	0.003813974516679363
32	0.0019321454015895454
33	0.002982078579883864
34	0.002961952065283973
35	0.0034852414448811415
36	0.0019422086588894907
37	7.648075547958616E-4
38	0.0
39	0.0
>>END_MODULE
>>Sequence Length Distribution	pass
#Length	Count
39	2.9811421E7
>>END_MODULE
>>Sequence Duplication Levels	fail
#Total Duplicate Percentage	87.5323767977643
#Duplication Level	Relative count
1	100.0
2	89.68085833390282
3	65.63930841249231
4	46.03977311556072
5	33.23993712840839
6	25.719264675732934
7	19.910476320645117
8	16.216770313674573
9	14.443381398209526
10++	272.49709560582244
>>END_MODULE
>>Overrepresented sequences	pass
>>END_MODULE
>>Kmer Content	warn
#Sequence	Count	Obs/Exp Overall	Obs/Exp Max	Max Obs/Exp Position
AAAAA	3709225	4.2055025	4.7280784	35
TTCTT	3042490	3.4028618	3.7872977	11
CAGCA	3533025	3.171487	3.4662137	27
CTTCT	3183465	3.1502225	3.5594294	1
TTTTT	2429315	3.0709517	3.6872342	1
TCTTC	3033120	3.0014474	3.401298	1
>>END_MODULE
