##FastQC	0.10.1
>>Basic Statistics	pass
#Measure	Value	
Filename	Sample_1_L002_trimmed.fastq	
File type	Conventional base calls	
Encoding	Sanger / Illumina 1.9	
Total Sequences	85836	
Filtered Sequences	0	
Sequence length	5-51	
%GC	51	
>>END_MODULE
>>Per base sequence quality	pass
#Base	Mean	Median	Lower Quartile	Upper Quartile	10th Percentile	90th Percentile
1	32.50730462742905	34.0	31.0	34.0	31.0	34.0
2	32.72930938067943	34.0	31.0	34.0	31.0	34.0
3	32.79188219395125	34.0	31.0	34.0	31.0	34.0
4	36.215713686565074	37.0	37.0	37.0	35.0	37.0
5	36.283785358124796	37.0	37.0	37.0	35.0	37.0
6	36.19024452994351	37.0	36.0	37.0	35.0	37.0
7	36.174307168201054	37.0	36.0	37.0	35.0	37.0
8	36.16547706270237	37.0	36.0	37.0	35.0	37.0
9	37.96320721148144	39.0	38.0	39.0	35.0	39.0
10	37.98051275950271	39.0	38.0	39.0	35.0	39.0
11	37.97021088687059	39.0	38.0	39.0	35.0	39.0
12	37.9486172162269	39.0	38.0	39.0	35.0	39.0
13	37.86315372234367	39.0	38.0	39.0	35.0	39.0
14	39.303242917420135	41.0	39.0	41.0	36.0	41.0
15	39.27912210230848	41.0	39.0	41.0	36.0	41.0
16	39.24044804587368	41.0	39.0	41.0	36.0	41.0
17	39.24947300442311	41.0	39.0	41.0	36.0	41.0
18	39.26398952315676	41.0	39.0	41.0	36.0	41.0
19	39.29886186447961	41.0	39.0	41.0	36.0	41.0
20	39.21441596845737	41.0	39.0	41.0	36.0	41.0
21	39.220602779013994	41.0	39.0	41.0	36.0	41.0
22	39.23655593993726	41.0	39.0	41.0	36.0	41.0
23	39.220541431085486	41.0	39.0	41.0	36.0	41.0
24	39.205874885752	41.0	39.0	41.0	36.0	41.0
25	39.196176470588235	41.0	39.0	41.0	36.0	41.0
26	39.18206926673861	41.0	39.0	41.0	36.0	41.0
27	39.15261970741767	41.0	39.0	41.0	35.0	41.0
28	39.12784201132925	40.0	39.0	41.0	35.0	41.0
29	39.066500545086434	40.0	38.0	41.0	35.0	41.0
30	39.047294041028984	40.0	38.0	41.0	35.0	41.0
31	39.010235026535256	40.0	38.0	41.0	35.0	41.0
32	38.95978745736027	40.0	38.0	41.0	35.0	41.0
33	38.916635927701954	40.0	38.0	41.0	35.0	41.0
34	38.87213838890138	40.0	38.0	41.0	35.0	41.0
35	38.80397832899559	40.0	38.0	41.0	35.0	41.0
36	38.626988465897725	40.0	38.0	41.0	34.0	41.0
37	38.631523281655824	40.0	38.0	41.0	34.0	41.0
38	38.59716373128103	40.0	38.0	41.0	34.0	41.0
39	38.54353084251064	40.0	38.0	41.0	34.0	41.0
40	38.47711992176358	40.0	38.0	41.0	34.0	41.0
41	38.41349674810078	40.0	37.0	41.0	34.0	41.0
42	38.28368473068687	40.0	37.0	41.0	33.0	41.0
43	38.2708022954257	40.0	37.0	41.0	34.0	41.0
44	38.19004939230812	40.0	37.0	41.0	33.0	41.0
45	38.14100492995014	40.0	37.0	41.0	33.0	41.0
46	38.06299686485276	40.0	36.0	41.0	33.0	41.0
47	37.95601858369703	40.0	36.0	41.0	33.0	41.0
48	37.8591828358737	40.0	36.0	41.0	33.0	41.0
49	37.74537326142492	39.0	36.0	41.0	33.0	41.0
50	37.64128629232626	39.0	35.0	41.0	33.0	41.0
51	37.503840420245616	39.0	35.0	41.0	33.0	41.0
>>END_MODULE
>>Per sequence quality scores	pass
#Quality	Count
26	5.0
27	29.0
28	137.0
29	442.0
30	908.0
31	1232.0
32	1689.0
33	2398.0
34	3223.0
35	5117.0
36	6759.0
37	9838.0
38	16203.0
39	37206.0
40	650.0
>>END_MODULE
>>Per base sequence content	fail
#Base	G	A	T	C
1	32.560930145859544	13.080758656041755	14.426347919287943	39.931963278810755
2	24.819423085884708	12.910666853068642	31.41455799431474	30.855352066731907
3	23.791882193951256	18.58427699333613	22.032713546763596	35.59112726594902
4	27.243813784426113	22.67463535113472	19.029311710704132	31.05223915373503
5	27.176243068176518	27.090032154340836	22.614054708979918	23.119670068502725
6	24.82136801113307	28.133222626328774	24.41674170574546	22.628667656792693
7	21.97493899779567	24.064927563566066	33.10622045666191	20.853912981976354
8	22.429155538748788	23.448984897544374	29.088180378624944	25.03367918508189
9	22.04839283596252	21.214565294745583	30.233661487368046	26.50338038192385
10	23.567901968948902	30.861935637380288	23.860567485574922	21.709594908095887
11	26.158564966761748	26.20749740419387	21.297545023809807	26.336392605234575
12	24.612233653926772	22.83479656489921	24.900887520810628	27.652082260363393
13	23.200086482331177	24.66307925144738	25.617988324885292	26.51884594133615
14	23.911995177817964	24.835443037974684	26.083182640144663	25.169379144062688
15	25.192372840342642	24.894739389246478	24.593476261917438	25.319411508493445
16	24.341234069952495	24.83811791576057	25.133332523416712	25.687315490870215
17	24.413603187561687	25.339653218633103	24.20036798303866	26.046375610766546
18	25.4504063448546	23.733232155096445	24.71971996475081	26.096641535298147
19	24.56997630419035	23.429385259487532	24.302324153764932	27.698314282557185
20	24.724001971414488	24.295219319862003	25.673977328733365	25.30680137999014
21	25.291747020718987	23.425060574593285	24.72556000593384	26.557632398753896
22	25.355553075673598	24.44543639722749	24.093293159245622	26.10571736785329
23	24.27079042947542	26.020643776288367	24.15097165537125	25.557594138864964
24	24.52396669036255	25.20183812328628	24.039047425611862	26.235147760739313
25	25.04092071611253	24.962915601023017	23.64322250639386	26.35294117647059
26	24.52725964750013	24.763629823750062	24.287035609680903	26.422074919068905
27	23.82677063865438	24.468647290068958	24.75865180125024	26.945930270026423
28	25.211453402653838	24.237603786761852	23.509479837562402	27.041462973021908
29	25.319264912007476	24.55873955250999	24.201837719981313	25.92015781550122
30	24.25659394334093	24.369912080755455	24.349071963529795	27.024422012373822
31	24.93006718778594	24.16930276332645	24.01636558521346	26.88426446367415
32	24.77171346103385	24.716609813697193	24.67069010758331	25.840986617685648
33	24.116035200505877	24.512567845286398	24.90119618485535	26.470200769352374
34	24.350310131855633	25.01289460807004	23.529022787086877	27.107772472987453
35	24.957507834493015	24.851277420725555	23.992138949381207	26.199075795400223
36	24.4389625975065	24.605640376025068	24.445629708647242	26.509767317821186
37	24.96452191608429	24.94577877741184	23.258896296891315	26.830803009612552
38	24.797169113195107	24.966699406643972	24.0450466208307	26.19108485933022
39	24.107830551989732	24.809134517937977	24.30376325923924	26.779271670833047
40	25.335832552327396	24.68929546473249	23.15173247490594	26.82313950803417
41	24.912553970596274	24.859266546428376	24.137836803847627	26.090342679127726
42	24.466040740130676	24.927249766650196	23.910119145665185	26.696590347553943
43	24.93654472217624	24.733763725652487	23.641229377034705	26.688462175136568
44	24.61984571840835	24.718352849769687	24.587934957544814	26.073866474277153
45	24.390719438487036	24.442247165974987	24.108013257945018	27.05902013759296
46	24.82504758705632	24.833445302877617	23.411432090471394	26.930075019594668
47	24.934534703646346	24.873996902717163	23.65338589328453	26.538082500351962
48	24.227628469126365	24.604084405383603	24.16252706661572	27.005760058874312
49	25.40590405904059	24.342889582741982	23.233040022707918	27.01816633550951
50	25.43905728686023	24.51196138283524	23.494001561723575	26.55497976858096
51	24.88251579470434	24.28054234400511	24.334492794775326	26.502449066515226
>>END_MODULE
>>Per base GC content	fail
#Base	%GC
1	72.4928934246703
2	55.67477515261662
3	59.38300945990027
4	58.29605293816115
5	50.295913136679246
6	47.45003566792577
7	42.82885197977202
8	47.46283472383068
9	48.55177321788637
10	45.27749687704479
11	52.49495757199632
12	52.26431591429016
13	49.71893242366733
14	49.08137432188065
15	50.51178434883609
16	50.02854956082271
17	50.45997879832823
18	51.54704788015274
19	52.26829058674753
20	50.03080335140463
21	51.849379419472875
22	51.461270443526885
23	49.82838456834038
24	50.75911445110186
25	51.39386189258312
26	50.949334566569036
27	50.772700908680804
28	52.25291637567575
29	51.239422727508696
30	51.28101595571475
31	51.81433165146009
32	50.6127000787195
33	50.58623596985825
34	51.45808260484308
35	51.156583629893234
36	50.94872991532768
37	51.79532492569684
38	50.988253972525335
39	50.887102222822776
40	52.15897206036158
41	51.00289664972399
42	51.162631087684616
43	51.62500689731281
44	50.6937121926855
45	51.44973957607999
46	51.75512260665099
47	51.472617203998304
48	51.23338852800068
49	52.42407039455011
50	51.99403705544119
51	51.384964861219565
>>END_MODULE
>>Per sequence GC content	warn
#GC Content	Count
0	295.0
1	288.0
2	265.5
3	167.0
4	61.0
5	38.0
6	41.0
7	48.5
8	57.0
9	61.0
10	66.5
11	80.0
12	88.5
13	92.5
14	100.5
15	119.0
16	134.0
17	156.0
18	178.0
19	204.5
20	238.0
21	276.5
22	313.5
23	374.5
24	453.0
25	566.0
26	728.5
27	815.0
28	971.5
29	1121.5
30	1291.5
31	1536.5
32	1815.0
33	2040.0
34	2411.0
35	2830.5
36	3225.5
37	3742.0
38	4242.5
39	4623.5
40	4997.0
41	5331.5
42	5674.5
43	6071.0
44	6543.5
45	6930.0
46	6850.0
47	6757.5
48	6760.0
49	6805.5
50	6745.0
51	6626.5
52	6471.0
53	6355.5
54	6223.5
55	6080.0
56	6064.0
57	6013.5
58	5784.0
59	5509.0
60	5190.5
61	4887.5
62	4591.0
63	4329.5
64	4030.0
65	3728.5
66	3504.5
67	3289.5
68	3032.5
69	2754.5
70	2565.5
71	2383.0
72	2205.5
73	2028.0
74	1869.5
75	1387.5
76	1027.5
77	932.0
78	843.5
79	757.5
80	665.5
81	605.5
82	542.5
83	488.0
84	438.5
85	402.5
86	370.5
87	343.5
88	312.0
89	293.0
90	243.5
91	193.5
92	164.0
93	137.5
94	114.5
95	89.5
96	71.5
97	65.5
98	62.5
99	56.5
100	52.0
>>END_MODULE
>>Per base N content	pass
#Base	N-Count
1	0.0
2	0.0
3	0.0
4	0.0
5	0.0
6	0.0
7	0.0
8	0.0
9	0.0
10	0.0
11	0.0
12	0.0
13	0.0
14	0.0
15	0.0
16	0.0
17	0.0
18	0.0
19	0.0
20	0.0
21	0.0
22	0.0
23	0.0
24	0.0
25	0.0
26	0.0
27	0.0
28	0.0
29	0.0
30	0.0
31	0.0
32	0.0
33	0.0
34	0.0
35	0.0
36	0.0
37	0.0
38	0.0
39	0.0
40	0.0
41	0.0
42	0.0
43	0.0
44	0.0
45	0.0
46	0.0
47	0.0
48	0.0
49	0.0
50	0.0
51	0.0
>>END_MODULE
>>Sequence Length Distribution	warn
#Length	Count
5	325.0
6	678.0
7	211.0
8	312.0
9	255.0
10	266.0
11	298.0
12	237.0
13	304.0
14	298.0
15	339.0
16	244.0
17	365.0
18	255.0
19	289.0
20	268.0
21	243.0
22	528.0
23	1345.0
24	576.0
25	356.0
26	259.0
27	263.0
28	270.0
29	277.0
30	273.0
31	282.0
32	312.0
33	295.0
34	305.0
35	313.0
36	301.0
37	371.0
38	318.0
39	382.0
40	435.0
41	336.0
42	360.0
43	416.0
44	270.0
45	358.0
46	418.0
47	371.0
48	199.0
49	25.0
50	0.0
51	70435.0
>>END_MODULE
>>Sequence Duplication Levels	warn
#Total Duplicate Percentage	29.320207374614093
#Duplication Level	Relative count
1	100.0
2	12.115118349047274
3	2.1098437396980287
4	0.6049317597415441
5	0.23406078987275006
6	0.13516186457440496
7	0.07252587855211973
8	0.04615283180589438
9	0.02307641590294719
10++	0.17966638095866025
>>END_MODULE
>>Overrepresented sequences	warn
#Sequence	Count	Percentage	Possible Source
ACGCGT	386	0.4496947667645277	No Hit
TGAGATGAAGCACTGTAGCTCTA	280	0.3262034577566522	No Hit
TCAGTGCACTACAGAACTTTGTA	248	0.2889230625844634	No Hit
TGAGATGAAGCACTGTAGCTCA	157	0.1829069388135514	No Hit
TGAGATGAAGCACTGTAGCTCGA	88	0.10252108672351927	No Hit
>>END_MODULE
>>Kmer Content	warn
#Sequence	Count	Obs/Exp Overall	Obs/Exp Max	Max Obs/Exp Position
AAAAA	14070	4.7620063	6.699424	23
CAGCA	11995	3.1939042	7.8654933	10
TTCTT	10955	3.1461287	4.9352183	6
CTTCT	11625	3.0529673	4.363086	3
TTTTT	9230	2.898683	5.044885	2
AGCAG	9135	2.6173327	7.766111	17
CAAAA	8175	2.4925811	8.219901	13
AAAAG	6665	2.186706	8.077678	14
CTCCT	9055	2.1746166	6.8217444	1
TGAAG	6825	2.138395	10.2914715	6
GATGA	6630	2.0772982	10.504265	4
GCCAG	7815	2.0171819	5.347335	1
TCCAG	7670	2.0119524	5.7307763	2
CTCCA	8240	2.0087266	8.226218	1
TCAGC	7585	1.9896555	8.178811	9
CAGAA	6445	1.9049292	7.8122964	12
GCAGG	6570	1.8247782	7.0455275	18
ATGAA	5470	1.7679834	11.007045	5
GAAGC	6065	1.7377256	9.751702	7
AAGCA	5865	1.7335005	10.347219	8
CCCAG	7130	1.7103181	5.430537	1
AGCTC	6475	1.6984864	9.183874	17
TTTGT	5490	1.6965442	6.509184	18
AGCAC	6355	1.6921437	10.056102	9
ATCAG	5670	1.6509717	7.3265944	8
ATATA	4980	1.6357858	5.016498	7
AGCAA	5340	1.5783279	6.9982176	11
AGATG	4890	1.5321249	10.343099	3
GTCCA	5680	1.4899465	5.0981584	1
CAGTG	5255	1.4832817	5.622441	2
AAAGC	4870	1.4394114	6.6324573	15
GATCA	4935	1.436957	7.0515575	7
TGTAG	4535	1.3997911	10.984661	14
GCAAA	4670	1.3802978	6.6306043	12
CTTTG	4865	1.3748038	6.191581	17
GTGGT	4580	1.3703952	5.1699886	15
GAACT	4580	1.3335892	7.168906	14
AGAAC	4435	1.3108398	6.782861	13
TGAGA	4170	1.306536	10.305181	1
CACTG	4960	1.30108	9.1131735	11
ACAGA	4380	1.2945833	6.474985	11
TGATC	4480	1.2850951	5.9902334	6
TGCAC	4880	1.2800949	5.177784	5
TTGTA	4005	1.2563039	5.7959447	19
TCAGT	4340	1.2449358	5.2074575	1
GCACT	4720	1.2381243	9.136479	10
AACTT	4035	1.1940056	7.171419	15
GTGCA	4135	1.1671495	5.9220405	4
GTGAT	3505	1.0818672	6.963049	5
CTGTA	3765	1.0799963	10.161881	13
ACTTT	3680	1.0727814	6.0382004	16
ACTGT	3685	1.057048	9.748201	12
GTAGC	3660	1.0330756	10.007524	15
GAGAT	3295	1.0323827	10.200463	2
TACAG	3460	1.0074713	6.0337033	10
TAGCT	2745	0.7874075	9.558179	16
ACTAC	2665	0.72114915	5.6839056	8
GCGTG	2590	0.7086718	5.6084504	3
CTACA	2505	0.67785317	5.5851555	9
CACTA	2405	0.65079314	5.077288	7
CGCGT	2535	0.6446065	8.986522	2
CGTGA	2090	0.58992565	5.8609886	4
ACGCG	2150	0.55495083	9.040854	1
>>END_MODULE
