##FastQC	0.10.1
>>Basic Statistics	pass
#Measure	Value	
Filename	Sample_3_L002_poly_any.fastq	
File type	Conventional base calls	
Encoding	Sanger / Illumina 1.9	
Total Sequences	13634031	
Filtered Sequences	0	
Sequence length	20-39	
%GC	55	
>>END_MODULE
>>Per base sequence quality	pass
#Base	Mean	Median	Lower Quartile	Upper Quartile	10th Percentile	90th Percentile
1	37.618224426803785	39.0	37.0	39.0	35.0	39.0
2	38.97925675832774	41.0	38.0	41.0	35.0	41.0
3	38.94840865478449	41.0	38.0	41.0	35.0	41.0
4	38.917708489880944	41.0	38.0	41.0	35.0	41.0
5	38.90474893301915	40.0	38.0	41.0	35.0	41.0
6	38.89767985711636	40.0	38.0	41.0	35.0	41.0
7	38.922566774272404	40.0	39.0	41.0	35.0	41.0
8	38.83873052657721	40.0	38.0	41.0	35.0	41.0
9	38.840382129100334	40.0	38.0	41.0	35.0	41.0
10	38.843385349497886	40.0	38.0	41.0	35.0	41.0
11	38.81766691010164	40.0	38.0	41.0	35.0	41.0
12	38.79249071679535	40.0	38.0	41.0	34.0	41.0
13	38.75617511798235	40.0	38.0	41.0	34.0	41.0
14	38.69709134444538	40.0	38.0	41.0	34.0	41.0
15	38.64468373293269	40.0	38.0	41.0	34.0	41.0
16	38.59257815975334	40.0	38.0	41.0	34.0	41.0
17	38.54305678195979	40.0	38.0	41.0	34.0	41.0
18	38.50368955446852	40.0	38.0	41.0	34.0	41.0
19	38.45379711986866	40.0	38.0	41.0	34.0	41.0
20	38.39282608349651	40.0	38.0	41.0	34.0	41.0
21	38.32673052872274	40.0	38.0	41.0	33.0	41.0
22	38.26537084395187	40.0	38.0	41.0	33.0	41.0
23	38.19331165101303	40.0	38.0	41.0	33.0	41.0
24	37.98257116318502	40.0	37.0	41.0	33.0	41.0
25	37.98012957874872	40.0	37.0	41.0	33.0	41.0
26	37.93199699833094	40.0	37.0	41.0	33.0	41.0
27	37.860828188534065	40.0	37.0	41.0	33.0	41.0
28	37.77265418343508	40.0	36.0	41.0	33.0	41.0
29	37.69997993098193	40.0	36.0	41.0	33.0	41.0
30	37.55449013593646	40.0	36.0	41.0	32.0	41.0
31	37.50630779138074	40.0	35.0	41.0	32.0	41.0
32	37.41684178323679	39.0	35.0	41.0	32.0	41.0
33	37.33983657768274	39.0	35.0	41.0	32.0	41.0
34	37.247367547626574	39.0	35.0	41.0	32.0	41.0
35	37.15536872820562	39.0	35.0	41.0	32.0	41.0
36	37.05870134581706	39.0	35.0	41.0	32.0	41.0
37	36.938839562029074	39.0	35.0	41.0	31.0	41.0
38	36.90598085701505	38.0	35.0	41.0	31.0	41.0
39	37.04054272023454	38.0	35.0	41.0	32.0	41.0
>>END_MODULE
>>Per sequence quality scores	pass
#Quality	Count
9	3.0
10	9.0
11	22.0
12	57.0
13	136.0
14	264.0
15	543.0
16	969.0
17	1625.0
18	2979.0
19	5009.0
20	8290.0
21	13183.0
22	19905.0
23	28824.0
24	39644.0
25	52886.0
26	68870.0
27	87598.0
28	108961.0
29	133028.0
30	162790.0
31	198233.0
32	242018.0
33	302349.0
34	404874.0
35	545213.0
36	759402.0
37	1088143.0
38	1537385.0
39	2316421.0
40	5499597.0
41	4801.0
>>END_MODULE
>>Per base sequence content	pass
#Base	G	A	T	C
1	25.712608398792696	23.547680066152115	23.89502414949768	26.84468738555751
2	25.341346224018412	22.991204875506003	24.216183753726245	27.451265146749336
3	26.166260000435678	22.72583214751382	23.25545541153603	27.852452440514476
4	26.609819209007224	22.85420944106699	22.670500015732692	27.865471334193092
5	26.194050754322035	23.051502523354976	22.719010980685024	28.035435741637965
6	26.214917657147762	22.859512348182278	22.56501397128993	28.360556023380024
7	26.44740942718995	22.90307980083073	22.26757442461441	28.38193634736491
8	26.696653396196616	22.496391566074625	22.75479643547825	28.0521586022505
9	26.394395025213015	22.540142383422776	22.52495245169972	28.540510139664494
10	26.740169506729156	23.21444039550739	21.994544386762797	28.050845711000655
11	26.445993851708273	23.443873642358596	22.299032472494744	27.811100033438386
12	26.556804807030293	22.9038279288055	22.22176992262963	28.31759734153458
13	26.76324412053926	23.238167787648422	21.891427414240148	28.107160677572175
14	26.54837736543213	22.909805618015685	22.284524657454572	28.25729235909761
15	26.411213235469393	22.702471484772186	22.440766050773977	28.445549228984447
16	26.787250227023833	22.860825239432124	22.120559942983846	28.231364590560194
17	26.530407624861642	22.872905305848285	22.326185117226153	28.27050195206392
18	26.432102142059087	22.72726972675946	22.25616180570515	28.584466325476303
19	26.785445918378798	22.921166894809026	21.925283872392544	28.368103314419628
20	26.37180449421011	23.000043054031487	22.464750153494588	28.163402298263808
21	26.45447189211394	22.626294617699074	22.401047873245496	28.518185616941494
22	26.850448395855352	23.042393756281747	21.828348131674673	28.278809716188224
23	26.780097994874343	22.929076057050345	22.206333701721306	28.08449224635401
24	26.944264139852798	22.594965636352217	21.84404784169978	28.616722382095205
25	27.128237682384647	22.758700572153202	21.482100186606033	28.630961558856114
26	26.76514963925155	22.743933812063005	21.96217670152862	28.528739847156825
27	26.7735495800956	22.484488072963824	21.871421873945373	28.8705404729952
28	26.858231874796672	22.859507183275092	21.494723881045168	28.787537060883068
29	26.73287676125219	22.694050238904264	22.04046691304017	28.53260608680338
30	26.876612888898844	22.577439908423056	21.572403021977387	28.973544180700717
31	27.073241202487242	22.871602574376606	21.454912322231987	28.600243900904164
32	26.71074091437372	22.5403481623912	21.994768806675914	28.754142116559162
33	26.794154167113692	22.31395158013651	21.696234276588267	29.19565997616153
34	27.406356079750832	22.407788356798978	21.344403803000386	28.841451760449804
35	27.518893716174002	22.326922441997	21.293227567028218	28.860956274800774
36	26.776954249098768	22.16541963336245	21.39314033295781	29.664485784580968
37	26.972683655330844	21.945528900859546	21.08102988299828	30.000757560811337
38	28.718387284893517	20.454633919170753	20.56974401044812	30.257234785487615
39	27.441842436885032	22.321897899918998	20.21158055111545	30.02467911208052
>>END_MODULE
>>Per base GC content	pass
#Base	%GC
1	52.5572957843502
2	52.79261137076775
3	54.01871244095015
4	54.475290543200316
5	54.22948649596
6	54.575473680527786
7	54.82934577455486
8	54.748811998447124
9	54.9349051648775
10	54.79101521772981
11	54.25709388514666
12	54.87440214856487
13	54.87040479811143
14	54.80566972452975
15	54.85676246445384
16	55.01861481758403
17	54.80090957692556
18	55.016568467535386
19	55.153549232798426
20	54.53520679247392
21	54.97265750905543
22	55.12925811204358
23	54.86459024122835
24	55.560986521947996
25	55.759199241240765
26	55.293889486408375
27	55.6440900530908
28	55.64576893567974
29	55.26548284805557
30	55.85015706959956
31	55.67348510339141
32	55.464883030932874
33	55.98981414327522
34	56.247807840200636
35	56.37984999097478
36	56.44144003367973
37	56.97344121614217
38	58.97562207038113
39	57.46652154896555
>>END_MODULE
>>Per sequence GC content	pass
#GC Content	Count
0	11236.0
1	9615.0
2	5584.0
3	3150.0
4	2918.5
5	2508.5
6	2283.5
7	2086.5
8	1918.5
9	2029.0
10	2183.0
11	2266.0
12	2872.0
13	3610.0
14	4770.0
15	6005.5
16	6514.0
17	8481.5
18	10795.0
19	14660.5
20	18359.5
21	19369.5
22	25315.5
23	31680.5
24	42069.0
25	52782.0
26	55396.5
27	69388.5
28	85184.5
29	111555.0
30	137546.5
31	143633.5
32	186187.5
33	230529.5
34	239996.5
35	284282.5
36	329048.5
37	396223.5
38	466690.0
39	481551.5
40	558846.0
41	636318.5
42	716525.5
43	799995.0
44	816853.0
45	896585.5
46	975458.5
47	1053093.5
48	1126162.0
49	1131391.5
50	1184125.0
51	1235887.0
52	1237833.5
53	1248377.0
54	1259993.0
55	1235390.5
56	1205305.0
57	1192814.0
58	1145843.0
59	1101939.0
60	1029322.5
61	953629.0
62	942526.0
63	871466.5
64	797598.5
65	737212.5
66	678652.0
67	669384.0
68	607981.5
69	546928.5
70	538893.5
71	481102.0
72	421678.0
73	372829.0
74	325909.5
75	319754.5
76	279689.0
77	239962.5
78	208471.0
79	177269.5
80	173526.0
81	148837.5
82	124672.0
83	105593.0
84	87289.0
85	85218.0
86	72126.0
87	59884.5
88	49272.5
89	38742.0
90	37948.5
91	30483.0
92	23387.5
93	22639.5
94	17500.0
95	12870.0
96	9260.5
97	5786.0
98	5608.5
99	3929.0
100	2427.0
>>END_MODULE
>>Per base N content	pass
#Base	N-Count
1	0.0
2	0.0
3	0.0
4	0.0
5	0.0
6	0.0
7	0.0
8	0.0
9	0.0
10	0.0
11	0.0
12	0.0
13	0.0
14	0.0
15	0.0
16	0.0
17	0.0
18	0.0
19	0.0
20	0.0
21	0.0
22	0.0
23	0.0
24	0.0
25	0.0
26	0.0
27	0.0
28	0.0
29	0.0
30	0.0
31	0.0
32	0.0
33	0.0
34	0.0
35	0.0
36	0.0
37	0.0
38	0.0
39	0.0
>>END_MODULE
>>Sequence Length Distribution	warn
#Length	Count
20	69795.0
21	67791.0
22	66763.0
23	68033.0
24	66259.0
25	69415.0
26	69647.0
27	67730.0
28	68529.0
29	73579.0
30	74869.0
31	71100.0
32	58932.0
33	111351.0
34	181787.0
35	353345.0
36	386475.0
37	224842.0
38	132084.0
39	1.1351705E7
>>END_MODULE
>>Sequence Duplication Levels	fail
#Total Duplicate Percentage	76.70488958732342
#Duplication Level	Relative count
1	100.0
2	52.563989951337774
3	28.988282416597862
4	18.419619485972277
5	13.166909685013088
6	10.271770637527888
7	8.623930572879152
8	6.944468843876816
9	6.206630008959472
10++	106.16622454895209
>>END_MODULE
>>Overrepresented sequences	pass
>>END_MODULE
>>Kmer Content	warn
#Sequence	Count	Obs/Exp Overall	Obs/Exp Max	Max Obs/Exp Position
CAGCA	1704710	3.3072746	3.6500115	27
CTTCT	1228165	3.0460377	3.3738678	5
CATCA	1296660	3.0407577	3.4037318	1
>>END_MODULE
