##FastQC	0.10.1
>>Basic Statistics	pass
#Measure	Value	
Filename	Treat_1_filtered.fastq	
File type	Conventional base calls	
Encoding	Sanger / Illumina 1.9	
Total Sequences	27105548	
Filtered Sequences	0	
Sequence length	39	
%GC	51	
>>END_MODULE
>>Per base sequence quality	pass
#Base	Mean	Median	Lower Quartile	Upper Quartile	10th Percentile	90th Percentile
1	38.2189578679612	39.0	39.0	39.0	37.0	39.0
2	39.73490880907481	41.0	39.0	41.0	37.0	41.0
3	39.71696517628052	41.0	39.0	41.0	37.0	41.0
4	39.68744767676344	41.0	39.0	41.0	37.0	41.0
5	39.68773193591216	41.0	39.0	41.0	37.0	41.0
6	39.68959930269626	41.0	39.0	41.0	37.0	41.0
7	39.726837804570486	41.0	39.0	41.0	37.0	41.0
8	39.711236017069275	41.0	39.0	41.0	37.0	41.0
9	39.689909091673776	41.0	39.0	41.0	37.0	41.0
10	39.676628194346044	41.0	39.0	41.0	37.0	41.0
11	39.66013526086984	41.0	39.0	41.0	37.0	41.0
12	39.663487452827	41.0	39.0	41.0	37.0	41.0
13	39.64395750272232	41.0	39.0	41.0	37.0	41.0
14	39.619560135806886	41.0	39.0	41.0	37.0	41.0
15	39.5914509457621	41.0	39.0	41.0	37.0	41.0
16	39.570535596623984	41.0	39.0	41.0	37.0	41.0
17	39.535281042833	41.0	39.0	41.0	37.0	41.0
18	39.512695519013306	41.0	39.0	41.0	36.0	41.0
19	39.46966842360096	41.0	39.0	41.0	36.0	41.0
20	39.43439206615561	41.0	39.0	41.0	36.0	41.0
21	39.39256243777104	40.0	39.0	41.0	36.0	41.0
22	39.35648085771961	40.0	39.0	41.0	36.0	41.0
23	39.30200031373651	40.0	39.0	41.0	35.0	41.0
24	39.24561292765599	40.0	38.0	41.0	35.0	41.0
25	39.200447413939024	40.0	38.0	41.0	35.0	41.0
26	39.15018659648571	40.0	38.0	41.0	35.0	41.0
27	39.07899076602325	40.0	38.0	41.0	35.0	41.0
28	39.004433151471424	40.0	38.0	41.0	35.0	41.0
29	38.939573035011136	40.0	38.0	41.0	35.0	41.0
30	38.85730762573035	40.0	38.0	41.0	35.0	41.0
31	38.802708102415046	40.0	38.0	41.0	35.0	41.0
32	38.71976906720351	40.0	38.0	41.0	35.0	41.0
33	38.642697797513634	40.0	37.0	41.0	35.0	41.0
34	38.562987769146005	40.0	37.0	41.0	35.0	41.0
35	38.47053311742673	40.0	37.0	41.0	35.0	41.0
36	38.37594602403907	40.0	37.0	41.0	34.0	41.0
37	38.258594107745026	40.0	36.0	41.0	34.0	41.0
38	38.148471744603725	39.0	36.0	41.0	34.0	41.0
39	38.017372605785354	39.0	36.0	41.0	34.0	41.0
>>END_MODULE
>>Per sequence quality scores	pass
#Quality	Count
25	1.0
26	8.0
27	48.0
28	394.0
29	2398.0
30	11195.0
31	40541.0
32	116996.0
33	277631.0
34	575042.0
35	976501.0
36	1525937.0
37	2295152.0
38	3337222.0
39	5164508.0
40	1.2781974E7
>>END_MODULE
>>Per base sequence content	pass
#Base	G	A	T	C
1	24.264346177395122	24.278369136827635	25.494367426181537	25.96291725959571
2	23.804396059434033	24.301655882404592	25.824303570619566	26.069644487541808
3	24.229305380581128	23.725080193914543	25.293312645809635	26.752301779694697
4	25.19415951302663	23.90350861011923	23.968912194654763	26.93341968219938
5	24.67066151918419	24.460051499419972	24.358489265739987	26.510797715655848
6	24.223786215279617	24.241705056101427	24.470805755338354	27.063702973280602
7	24.989972532560493	23.9832967036859	23.7902698001162	27.23646096363741
8	24.982586590759944	24.05203908808632	24.5153685880101	26.450005733143634
9	24.440402385519008	23.83042394125365	24.633536278255654	27.09563739497169
10	25.207333937686855	24.523746946566067	23.360711984129594	26.908207131617484
11	24.875051410139356	24.84915265317639	24.065811176368765	26.209984760315493
12	24.446858628351656	24.301441904070707	24.164879455674534	27.086820011903097
13	25.220593215824305	24.386645863053573	23.399644973051274	26.99311594807085
14	24.877301871926736	24.51705090042821	23.918922428721974	26.686724798923084
15	24.399812909150555	24.0510466713309	24.404232668529705	27.14490775098884
16	25.194867855097414	24.244217456883735	23.59845667019903	26.962458017819817
17	24.90828076967859	24.434285556595277	24.076244464786324	26.581189208939808
18	24.48333455571531	24.092599050201827	24.232913498004173	27.19115289607869
19	25.14269403444638	24.238583923852048	23.45245335014072	27.16626869156086
20	24.788482416957592	24.55660368866182	24.171527541151356	26.48338635322924
21	24.34259584052682	24.031475032343934	24.543244799920664	27.082684327208582
22	25.181999640811544	24.400417951336014	23.283458427034937	27.134123980817503
23	25.06917771963142	24.589180045354553	23.90508762265201	26.436554612362016
24	24.667783879521636	24.090728584421168	23.89394599216367	27.347541543893524
25	25.21156923298507	24.254289195702665	23.106760283909406	27.42738128740286
26	24.920484913273107	24.443434975009545	23.78444811372196	26.85163199799539
27	24.436082236743562	24.11010100220073	24.02744633681636	27.426370424239348
28	25.07598444421784	24.43880861585975	23.083178395802957	27.402028544119457
29	24.8691079774517	24.49115952202848	23.811855786866953	26.827876713652866
30	24.53733457076758	24.16983416088839	23.913244624310863	27.37958664403317
31	25.11648168854583	24.40737224718718	23.145331723232452	27.330814341034536
32	24.769320288230293	24.418856980866057	23.983643496158056	26.828179234745598
33	24.55651514590297	23.99560783644736	23.89079165637972	27.55708536126995
34	25.33652151212733	24.09376855247494	23.11196586027333	27.457744075124396
35	25.118462832775045	24.239882550981815	23.69099123175816	26.95066338448498
36	24.43499020938444	24.018927785558883	23.764728903470242	27.781353101586436
37	25.516237487616927	23.943843526055993	23.03954526209911	27.500373724227973
38	25.39687078084531	24.3759137428249	23.570879290099576	26.656336186230213
39	24.993993849524827	24.072533047477958	23.581423256965696	27.352049846031523
>>END_MODULE
>>Per base GC content	pass
#Base	%GC
1	50.22726343699083
2	49.87404054697585
3	50.98160716027582
4	52.12757919522601
5	51.18145923484004
6	51.28748918856022
7	52.2264334961979
8	51.43259232390358
9	51.5360397804907
10	52.11554106930434
11	51.08503617045484
12	51.533678640254756
13	52.21370916389515
14	51.56402667084981
15	51.5447206601394
16	52.15732587291724
17	51.489469978618395
18	51.67448745179401
19	52.30896272600724
20	51.27186877018682
21	51.4252801677354
22	52.31612362162905
23	51.505732331993435
24	52.01532542341516
25	52.63895052038793
26	51.7721169112685
27	51.8624526609829
28	52.4780129883373
29	51.69698469110456
30	51.91692121480075
31	52.44729602958037
32	51.59749952297589
33	52.11360050717292
34	52.79426558725173
35	52.06912621726002
36	52.21634331097088
37	53.016611211844896
38	52.053206967075525
39	52.34604369555635
>>END_MODULE
>>Per sequence GC content	pass
#GC Content	Count
0	6323.0
1	3457.0
2	591.0
3	591.0
4	813.5
5	1036.0
6	1773.0
7	2510.0
8	2510.0
9	4090.5
10	5671.0
11	5671.0
12	8944.5
13	12218.0
14	22058.5
15	31899.0
16	31899.0
17	38011.5
18	44124.0
19	59871.5
20	75619.0
21	75619.0
22	102833.0
23	130047.0
24	176261.5
25	222476.0
26	222476.0
27	271280.5
28	320085.0
29	404715.0
30	489345.0
31	489345.0
32	616004.5
33	742664.0
34	742664.0
35	864878.0
36	987092.0
37	1157014.0
38	1326936.0
39	1326936.0
40	1476361.5
41	1625787.0
42	1751533.5
43	1877280.0
44	1877280.0
45	2003518.5
46	2129757.0
47	2209298.5
48	2288840.0
49	2288840.0
50	2319634.5
51	2350429.0
52	2350429.0
53	2294950.0
54	2239471.0
55	2120294.5
56	2001118.0
57	2001118.0
58	1878983.5
59	1756849.0
60	1608519.5
61	1460190.0
62	1460190.0
63	1329290.5
64	1198391.0
65	1097383.0
66	996375.0
67	996375.0
68	895864.5
69	795354.0
70	795354.0
71	694028.0
72	592702.0
73	518019.5
74	443337.0
75	443337.0
76	381970.0
77	320603.0
78	272377.5
79	224152.0
80	224152.0
81	187435.0
82	150718.0
83	126080.0
84	101442.0
85	101442.0
86	83834.5
87	66227.0
88	54199.0
89	42171.0
90	42171.0
91	33455.5
92	24740.0
93	24740.0
94	19144.0
95	13548.0
96	9520.5
97	5493.0
98	5493.0
99	3715.5
100	1938.0
>>END_MODULE
>>Per base N content	pass
#Base	N-Count
1	0.0
2	0.0
3	0.0
4	0.0
5	0.0
6	0.0
7	0.0
8	0.0
9	0.0
10	0.0
11	0.0
12	0.0
13	0.0
14	0.0
15	0.0
16	0.0
17	0.0
18	0.0
19	0.0
20	0.0
21	0.0
22	0.0
23	0.0
24	0.0
25	0.0
26	0.0
27	0.0
28	0.0
29	0.0
30	0.0
31	0.0
32	0.0
33	0.0
34	0.0
35	0.0
36	0.0
37	0.0
38	0.0
39	0.0
>>END_MODULE
>>Sequence Length Distribution	pass
#Length	Count
39	2.7105548E7
>>END_MODULE
>>Sequence Duplication Levels	fail
#Total Duplicate Percentage	83.0027300545186
#Duplication Level	Relative count
1	100.0
2	63.104134316770185
3	37.57278726708075
4	25.50465838509317
5	19.00475543478261
6	15.692934782608695
7	12.466032608695652
8	10.517760093167702
9	8.955260093167702
10++	192.4301242236025
>>END_MODULE
>>Overrepresented sequences	pass
>>END_MODULE
>>Kmer Content	warn
#Sequence	Count	Obs/Exp Overall	Obs/Exp Max	Max Obs/Exp Position
AAAAA	3592405	4.5175686	5.095681	11
TTCTT	2838190	3.3667428	3.7347527	1
CAGCA	3314350	3.289738	3.6042845	6
CTTCT	2943500	3.1007059	3.4972348	2
TTTTT	2301345	3.0741298	3.7166216	1
>>END_MODULE
