##FastQC	0.10.1
>>Basic Statistics	pass
#Measure	Value	
Filename	Sample_6_L001_poly_any.fastq	
File type	Conventional base calls	
Encoding	Sanger / Illumina 1.9	
Total Sequences	20250452	
Filtered Sequences	0	
Sequence length	20-39	
%GC	54	
>>END_MODULE
>>Per base sequence quality	pass
#Base	Mean	Median	Lower Quartile	Upper Quartile	10th Percentile	90th Percentile
1	37.581595215751236	39.0	37.0	39.0	35.0	39.0
2	38.9341102114659	41.0	38.0	41.0	35.0	41.0
3	38.90038854441372	40.0	38.0	41.0	35.0	41.0
4	38.84494326348864	40.0	38.0	41.0	35.0	41.0
5	38.85581482329382	40.0	38.0	41.0	35.0	41.0
6	38.85216813925931	40.0	38.0	41.0	35.0	41.0
7	38.887388192619106	40.0	38.0	41.0	35.0	41.0
8	38.87464818069246	40.0	38.0	41.0	35.0	41.0
9	38.836376788034165	40.0	38.0	41.0	35.0	41.0
10	38.73899639375951	40.0	38.0	41.0	34.0	41.0
11	38.73999400112155	40.0	38.0	41.0	34.0	41.0
12	38.765640836066275	40.0	38.0	41.0	34.0	41.0
13	38.7402667851562	40.0	38.0	41.0	34.0	41.0
14	38.6760649095635	40.0	38.0	41.0	34.0	41.0
15	38.62551759338508	40.0	38.0	41.0	34.0	41.0
16	38.59305970059335	40.0	38.0	41.0	34.0	41.0
17	38.54546036799574	40.0	38.0	41.0	34.0	41.0
18	38.512476215345714	40.0	38.0	41.0	34.0	41.0
19	38.43124030021651	40.0	38.0	41.0	34.0	41.0
20	38.393701286272524	40.0	38.0	41.0	34.0	41.0
21	38.34867237008526	40.0	38.0	41.0	34.0	41.0
22	38.29091418871473	40.0	38.0	41.0	33.0	41.0
23	38.220372752927396	40.0	38.0	41.0	33.0	41.0
24	38.16032044724428	40.0	37.0	41.0	33.0	41.0
25	38.09502574838299	40.0	37.0	41.0	33.0	41.0
26	38.03058981817815	40.0	37.0	41.0	33.0	41.0
27	37.94919830387915	40.0	37.0	41.0	33.0	41.0
28	37.84814057052895	40.0	37.0	41.0	33.0	41.0
29	37.76036640862023	40.0	36.0	41.0	33.0	41.0
30	37.67256449604971	40.0	36.0	41.0	33.0	41.0
31	37.605640490061525	40.0	36.0	41.0	33.0	41.0
32	37.50891931896642	40.0	35.0	41.0	32.0	41.0
33	37.43578642081919	39.0	35.0	41.0	32.0	41.0
34	37.352717190228276	39.0	35.0	41.0	32.0	41.0
35	37.25732427413913	39.0	35.0	41.0	32.0	41.0
36	37.15448360978696	39.0	35.0	41.0	32.0	41.0
37	37.05740525774507	39.0	35.0	41.0	31.0	41.0
38	37.018069669059216	39.0	35.0	41.0	31.0	41.0
39	37.137462581094155	39.0	35.0	41.0	32.0	41.0
>>END_MODULE
>>Per sequence quality scores	pass
#Quality	Count
8	1.0
9	3.0
10	6.0
11	35.0
12	87.0
13	165.0
14	351.0
15	732.0
16	1364.0
17	2488.0
18	4224.0
19	7260.0
20	11798.0
21	18533.0
22	28224.0
23	40900.0
24	57303.0
25	78033.0
26	101203.0
27	128490.0
28	161303.0
29	197293.0
30	241512.0
31	294610.0
32	363205.0
33	450877.0
34	601303.0
35	802799.0
36	1103432.0
37	1577197.0
38	2234746.0
39	3420304.0
40	8312636.0
41	8035.0
>>END_MODULE
>>Per base sequence content	pass
#Base	G	A	T	C
1	25.535588045145857	23.477658671520025	24.827045835816406	26.159707447517714
2	25.26351016757552	23.240656554233947	24.995121096556264	26.500712181634267
3	25.952151586542367	22.74958109577011	24.16999383519933	27.12827348248819
4	26.492603720647818	22.974222995121295	23.231713543974227	27.30145974025666
5	26.175440429675344	23.253974775476614	23.244523134594726	27.326061660253316
6	26.045324815465847	23.00964936486356	23.072734376496882	27.872291443173715
7	26.481813838031865	22.825036201661078	22.685834370511827	28.00731558979523
8	26.629953741279454	22.53299333763019	23.23088887102372	27.606164050066635
9	26.157623543415227	22.463562788623186	23.180771471175063	28.19804219678652
10	26.704149616018448	23.194445240037112	22.448368066056005	27.65303707788843
11	26.353727808149664	23.371967203497483	22.93929537967844	27.335009608674415
12	26.279823284932107	22.941245953423657	22.86068478866546	27.918245972978777
13	26.71210499400211	23.136253946331667	22.428951215508672	27.722689844157557
14	26.510178637000298	23.043816503453847	22.798740492310987	27.647264367234865
15	26.217014810336085	22.737388775322152	23.044947342409937	28.000649071931825
16	26.72517630717576	22.90583439816553	22.592912987818742	27.776076306839965
17	26.51555135658207	22.8901261068148	22.895637094915212	27.69868544168792
18	26.293788405315592	22.712500441965446	22.871247515857917	28.122463636861045
19	26.6673899427035	22.901928312513718	22.49566083759513	27.935020907187653
20	26.354019159671104	23.119528393736594	22.953309881675725	27.573142564916576
21	26.208713269726452	22.70221985349243	23.066905176752396	28.022161700028725
22	26.775176453126893	23.110728624507495	22.262576221888793	27.851518700476817
23	26.786362454163772	22.990650765994175	22.741893761289045	27.48109301855301
24	26.663965375624954	22.688299374149945	22.425208277301454	28.22252697292365
25	26.966686883330127	22.8513834094616	21.95083338517526	28.23109632203301
26	26.713536756122515	22.836038030598527	22.478099869717965	27.972325343560993
27	26.56490979353663	22.523849491165283	22.477467266300387	28.433773448997705
28	26.805904933255448	22.897187794634615	21.928449254434796	28.36845801767514
29	26.698055858802356	22.77187437022451	22.502543943644156	28.027525827328976
30	26.63146131903017	22.65264304584706	22.191031008000547	28.52486462712222
31	26.923061211813902	22.920527927765058	21.95363061626591	28.20278024415512
32	26.61219885391851	22.664949424739227	22.532026978037116	28.190824743305143
33	26.56666429938349	22.455222627106437	22.324415237838398	28.65369783567167
34	27.29929414400577	22.5207751307251	21.80584717857036	28.37408354669877
35	27.41355530246128	22.492967668736366	21.853876300810477	28.239600727991878
36	26.55186501570359	22.253856343937308	22.06976204444754	29.124516595911558
37	26.83825682591166	21.951305726380873	21.631639021632516	29.578798426074954
38	28.65678106125957	20.56042511962806	21.225220785319806	29.55757303379257
39	27.155656689880686	22.437895341465392	20.925253948052074	29.481194020601848
>>END_MODULE
>>Per base GC content	pass
#Base	%GC
1	51.695295492663575
2	51.76422234920979
3	53.080425069030554
4	53.794063460904475
5	53.50150208992866
6	53.917616258639555
7	54.48912942782709
8	54.236117791346096
9	54.35566574020175
10	54.357186693906876
11	53.68873741682408
12	54.19806925791089
13	54.43479483815966
14	54.15744300423516
15	54.21766388226791
16	54.501252614015726
17	54.21423679826999
18	54.41625204217664
19	54.60241084989115
20	53.92716172458768
21	54.23087496975517
22	54.62669515360371
23	54.26745547271678
24	54.8864923485486
25	55.19778320536314
26	54.685862099683504
27	54.99868324253433
28	55.174362950930586
29	54.72558168613133
30	55.15632594615239
31	55.125841455969024
32	54.80302359722366
33	55.22036213505517
34	55.67337769070454
35	55.653156030453154
36	55.676381611615156
37	56.41705525198661
38	58.21435409505214
39	56.636850710482534
>>END_MODULE
>>Per sequence GC content	pass
#GC Content	Count
0	3368.0
1	2111.0
2	673.0
3	497.5
4	497.0
5	474.0
6	575.0
7	739.0
8	826.0
9	1104.0
10	1431.5
11	1579.5
12	2410.0
13	3469.0
14	4933.5
15	6425.5
16	7132.0
17	9946.5
18	13142.5
19	18605.5
20	24054.5
21	25656.0
22	34750.5
23	44479.0
24	59871.0
25	75768.5
26	79233.0
27	100687.5
28	125584.0
29	167913.5
30	210010.5
31	219865.5
32	285727.0
33	354005.5
34	367775.0
35	438314.0
36	511628.0
37	627746.0
38	747730.5
39	771810.5
40	899031.0
41	1025734.5
42	1151058.0
43	1280936.0
44	1305620.5
45	1429194.0
46	1552373.5
47	1662432.0
48	1766308.5
49	1775369.5
50	1847710.0
51	1917190.0
52	1919268.5
53	1917486.0
54	1915279.5
55	1854900.0
56	1788035.0
57	1769317.0
58	1684336.0
59	1602066.0
60	1486241.0
61	1368133.0
62	1351867.0
63	1243313.5
64	1130470.5
65	1037296.0
66	945852.5
67	930003.0
68	839357.0
69	749601.0
70	736881.0
71	654740.5
72	570878.5
73	499193.0
74	430360.0
75	421792.5
76	368114.5
77	314768.0
78	271449.5
79	228281.0
80	222412.5
81	189169.5
82	156950.0
83	132805.5
84	109610.0
85	106753.0
86	89731.5
87	73832.0
88	61185.5
89	48720.0
90	47739.0
91	38607.0
92	29893.5
93	28873.0
94	22675.5
95	17158.5
96	12701.0
97	8393.0
98	8180.0
99	5717.5
100	3468.0
>>END_MODULE
>>Per base N content	pass
#Base	N-Count
1	0.0
2	0.0
3	0.0
4	0.0
5	0.0
6	0.0
7	0.0
8	0.0
9	0.0
10	0.0
11	0.0
12	0.0
13	0.0
14	0.0
15	0.0
16	0.0
17	0.0
18	0.0
19	0.0
20	0.0
21	0.0
22	0.0
23	0.0
24	0.0
25	0.0
26	0.0
27	0.0
28	0.0
29	0.0
30	0.0
31	0.0
32	0.0
33	0.0
34	0.0
35	0.0
36	0.0
37	0.0
38	0.0
39	0.0
>>END_MODULE
>>Sequence Length Distribution	warn
#Length	Count
20	106510.0
21	99667.0
22	100716.0
23	103663.0
24	100404.0
25	105933.0
26	104526.0
27	102429.0
28	104242.0
29	114674.0
30	113106.0
31	108323.0
32	89773.0
33	168445.0
34	286077.0
35	556565.0
36	571741.0
37	334155.0
38	196543.0
39	1.678296E7
>>END_MODULE
>>Sequence Duplication Levels	fail
#Total Duplicate Percentage	75.63789410394199
#Duplication Level	Relative count
1	100.0
2	40.757879582497814
3	23.810992853102988
4	16.600682125901933
5	12.429088042230106
6	9.940528219102953
7	8.247210653504036
8	6.932661490736456
9	6.05172502442285
10++	118.006067149982
>>END_MODULE
>>Overrepresented sequences	pass
>>END_MODULE
>>Kmer Content	warn
#Sequence	Count	Obs/Exp Overall	Obs/Exp Max	Max Obs/Exp Position
CAGCA	2435625	3.3007882	3.7133148	27
>>END_MODULE
