##FastQC	0.10.1
>>Basic Statistics	pass
#Measure	Value	
Filename	Sample_1_L002_shorten.fastq	
File type	Conventional base calls	
Encoding	Sanger / Illumina 1.9	
Total Sequences	89648	
Filtered Sequences	0	
Sequence length	8-39	
%GC	51	
>>END_MODULE
>>Per base sequence quality	pass
#Base	Mean	Median	Lower Quartile	Upper Quartile	10th Percentile	90th Percentile
1	37.63867570944137	39.0	37.0	39.0	35.0	39.0
2	39.012939496698195	41.0	38.0	41.0	35.0	41.0
3	38.97995493485633	41.0	38.0	41.0	35.0	41.0
4	38.948598964840265	40.0	38.0	41.0	35.0	41.0
5	38.94916785650544	40.0	38.0	41.0	35.0	41.0
6	38.95268159914332	40.0	38.0	41.0	35.0	41.0
7	38.99054078172408	41.0	39.0	41.0	35.0	41.0
8	38.901046314474385	40.0	39.0	41.0	35.0	41.0
9	38.913743473021825	40.0	38.0	41.0	35.0	41.0
10	38.91539406117437	40.0	38.0	41.0	35.0	41.0
11	38.89667727191253	40.0	38.0	41.0	35.0	41.0
12	38.860036539836365	40.0	38.0	41.0	35.0	41.0
13	38.8395846867485	40.0	38.0	41.0	35.0	41.0
14	38.82061059986756	40.0	38.0	41.0	35.0	41.0
15	38.769626990109415	40.0	38.0	41.0	35.0	41.0
16	38.744658974066034	40.0	38.0	41.0	35.0	41.0
17	38.68097240953665	40.0	38.0	41.0	34.0	41.0
18	38.66344614680997	40.0	38.0	41.0	34.0	41.0
19	38.61502207783294	40.0	38.0	41.0	34.0	41.0
20	38.56112554806361	40.0	38.0	41.0	34.0	41.0
21	38.50552938884496	40.0	38.0	41.0	34.0	41.0
22	38.4596705742011	40.0	38.0	41.0	34.0	41.0
23	38.39319251521065	40.0	38.0	41.0	34.0	41.0
24	38.203387298778594	40.0	38.0	41.0	33.0	41.0
25	38.20190725978075	40.0	38.0	41.0	33.0	41.0
26	38.16730445607322	40.0	37.0	41.0	33.0	41.0
27	38.12209000357798	40.0	37.0	41.0	33.0	41.0
28	38.04502295673494	40.0	37.0	41.0	33.0	41.0
29	37.98752958099392	40.0	37.0	41.0	33.0	41.0
30	37.86404517883288	40.0	37.0	41.0	33.0	41.0
31	37.85271399112229	40.0	37.0	41.0	33.0	41.0
32	37.7891415616893	40.0	36.0	41.0	33.0	41.0
33	37.73877484064492	40.0	36.0	41.0	33.0	41.0
34	37.671421515593394	40.0	36.0	41.0	33.0	41.0
35	37.58117198417774	40.0	36.0	41.0	33.0	41.0
36	37.50521656273746	39.0	35.0	41.0	33.0	41.0
37	37.41241800190248	39.0	35.0	41.0	32.0	41.0
38	37.41623289708507	39.0	35.0	41.0	32.0	41.0
39	37.50987261943492	39.0	35.0	41.0	33.0	41.0
>>END_MODULE
>>Per sequence quality scores	pass
#Quality	Count
13	3.0
14	2.0
15	1.0
16	4.0
17	5.0
18	12.0
19	25.0
20	41.0
21	56.0
22	109.0
23	131.0
24	215.0
25	317.0
26	427.0
27	492.0
28	649.0
29	814.0
30	1021.0
31	1192.0
32	1502.0
33	1907.0
34	2516.0
35	3318.0
36	4724.0
37	6601.0
38	9538.0
39	15564.0
40	38436.0
41	26.0
>>END_MODULE
>>Per base sequence content	pass
#Base	G	A	T	C
1	23.525343565946812	24.58950562198822	25.862261288595395	26.022889523469573
2	24.43110833482063	25.043503480278424	25.452882384436908	25.072505800464036
3	26.113242905586294	24.824870605033016	23.98938068891665	25.072505800464036
4	24.626590962330027	25.381775184891854	24.764911263065134	25.226722589712985
5	24.77578975548813	25.58562377297876	23.77409423523113	25.864492236301984
6	25.857799393182223	24.157817240763876	24.10873639121899	25.875646974834908
7	24.905184722470107	23.482955559521685	23.97711047653043	27.63474924147778
8	24.986614313760487	24.505845082991254	25.301177940389074	25.206362662859185
9	25.78435310394073	23.86307850225376	24.04159414468693	26.31097424911858
10	25.94887251618665	24.44630497878991	23.74302299620451	25.861799508818933
11	24.974793305101837	25.72651296184267	23.823127422643452	25.475566310412045
12	25.20852956864169	25.08142583156485	23.751376011439337	25.958668588354122
13	25.454462565961183	25.068098152517067	23.500985856099202	25.97645342542255
14	25.20379969401503	24.525609115612085	24.001552759573446	26.26903843079944
15	24.44030703157125	24.438022570475624	24.51455201717915	26.607118380773976
16	25.476731830490273	24.295328085189034	23.750328485083923	26.477611599236774
17	25.58689738724941	24.25880631814753	24.331954191144536	25.822342103458524
18	24.757298205893452	24.331926863572434	24.21071890043795	26.700056030096164
19	25.21448671898236	24.14834473449404	24.219268342904208	26.417900203619393
20	25.04779458060971	24.675740959097	24.431902739459435	25.84456172083386
21	24.87708722509369	24.753314920292926	24.25020342207502	26.11939443253836
22	24.894185659719433	25.109828976497173	23.5211800736399	26.474805290143493
23	25.40498960976338	24.75861356356414	23.768957876488216	26.06743895018427
24	25.00603288785723	24.781954196017146	23.879893821173713	26.33211909495191
25	25.28731665228645	25.05033074489502	23.248777681909694	26.41357492090883
26	25.223625968277393	24.82017705643674	23.855357801549243	26.100839173736627
27	24.90390054138914	24.73882879867019	23.76686790797539	26.590402751965275
28	25.75414083464421	24.76751179790876	22.94808920144351	26.530258166003517
29	25.34281537854707	24.76275551636929	23.962272906563957	25.932156198519685
30	25.092401032102096	24.89248936516423	23.44312977986471	26.57197982286896
31	25.44683429263859	24.755901475077483	23.617551790832614	26.179712441451308
32	25.013146977363824	24.807469820383073	24.178752147339637	26.000631054913466
33	25.056245605812045	24.410592922427934	23.805952659948442	26.727208811811575
34	25.301955803314165	24.87621870185466	23.336743934422373	26.4850815604088
35	25.38432385058152	24.875050335173036	23.38039178529976	26.360234028945683
36	24.612211420162595	24.77384025281644	23.771500253298917	26.842448073722046
37	24.812503861123123	24.78285043553469	23.302650274911965	27.10199542843022
38	25.87745389649018	23.79783858814198	23.383898473131072	26.94080904223676
39	25.3046873044871	24.84421532070372	23.157486423584174	26.693610951225004
>>END_MODULE
>>Per base GC content	pass
#Base	%GC
1	49.548233089416385
2	49.50361413528467
3	51.185748706050326
4	49.85331355204301
5	50.64028199179012
6	51.733446368017134
7	52.53993396394788
8	50.19297697661966
9	52.095327353059304
10	51.81067202500558
11	50.45035961551388
12	51.16719815699581
13	51.43091599138373
14	51.472838124814466
15	51.04742541234523
16	51.95434342972705
17	51.40923949070794
18	51.45735423598962
19	51.63238692260175
20	50.89235630144356
21	50.99648165763205
22	51.368990949862926
23	51.472428559947645
24	51.338151982809144
25	51.700891573195285
26	51.32446514201402
27	51.49430329335441
28	52.28439900064773
29	51.27497157706675
30	51.66438085497106
31	51.62654673408991
32	51.01377803227729
33	51.78345441762362
34	51.787037363722966
35	51.74455787952721
36	51.454659493884634
37	51.91449928955335
38	52.818262938726946
39	51.99829825571211
>>END_MODULE
>>Per sequence GC content	pass
#GC Content	Count
0	61.0
1	55.5
2	45.0
3	35.0
4	28.5
5	25.0
6	19.0
7	16.0
8	16.5
9	23.0
10	31.0
11	32.0
12	40.0
13	50.0
14	119.0
15	194.0
16	202.5
17	228.0
18	257.0
19	296.5
20	336.5
21	350.5
22	461.0
23	693.0
24	994.5
25	1185.5
26	1218.0
27	1393.0
28	1562.5
29	1882.0
30	2200.0
31	2213.0
32	2548.0
33	2891.0
34	2919.0
35	3292.5
36	3666.0
37	4211.5
38	4808.0
39	4912.5
40	5392.5
41	5970.5
42	6566.5
43	7074.5
44	7154.5
45	7450.0
46	7678.5
47	7879.5
48	8160.0
49	8189.0
50	8079.0
51	8008.5
52	8066.5
53	7937.0
54	7722.5
55	7258.5
56	6802.5
57	6750.0
58	6339.5
59	5879.0
60	5391.0
61	4902.0
62	4815.0
63	4292.0
64	3796.5
65	3501.5
66	3214.5
67	3209.0
68	2869.0
69	2519.0
70	2488.0
71	2198.5
72	1887.5
73	1660.0
74	1455.5
75	1436.0
76	1235.5
77	1032.0
78	898.0
79	771.5
80	753.5
81	641.0
82	534.5
83	446.0
84	364.0
85	359.0
86	293.0
87	231.0
88	189.5
89	149.5
90	147.5
91	128.5
92	108.0
93	104.0
94	86.0
95	69.5
96	50.5
97	31.5
98	32.5
99	29.0
100	25.0
>>END_MODULE
>>Per base N content	pass
#Base	N-Count
1	0.0
2	0.0
3	0.0
4	0.0011154738532928787
5	0.0
6	0.0
7	0.0
8	0.0
9	0.0
10	0.0
11	0.0022405449005198064
12	0.006808665161195148
13	0.0
14	0.0
15	0.011421000936522076
16	0.007997258082942991
17	0.0
18	0.008003658815458494
19	0.0
20	0.0
21	0.004583949301520725
22	0.001147025762198619
23	0.010331764435770864
24	0.009192126943273086
25	0.006902025744556027
26	0.006915788745706448
27	0.013850255652635588
28	0.012721616339181422
29	0.006960233863857825
30	0.02324014037044784
31	0.008155371477170785
32	0.0035057377240750695
33	0.004686914135733034
34	0.008231807704972012
35	0.00473720362869798
36	0.003618425020202873
37	0.014824514805984162
38	0.0
39	0.0
>>END_MODULE
>>Sequence Length Distribution	warn
#Length	Count
8	20.0
9	48.0
10	316.0
11	1141.0
12	382.0
13	155.0
14	28.0
15	28.0
16	36.0
17	34.0
18	42.0
19	65.0
20	92.0
21	79.0
22	72.0
23	79.0
24	100.0
25	173.0
26	117.0
27	174.0
28	263.0
29	146.0
30	225.0
31	259.0
32	230.0
33	308.0
34	598.0
35	1529.0
36	1962.0
37	259.0
38	770.0
39	79918.0
>>END_MODULE
>>Sequence Duplication Levels	warn
#Total Duplicate Percentage	29.94522962285409
#Duplication Level	Relative count
1	100.0
2	12.427948154517372
3	2.2610744880736284
4	0.6560300627368555
5	0.26273048629024554
6	0.1448998439540142
7	0.09394605267348173
8	0.05573070921308239
9	0.028661507595299514
10++	0.19426132925703002
>>END_MODULE
>>Overrepresented sequences	warn
#Sequence	Count	Percentage	Possible Source
CTGTAGCTCTA	289	0.322371943601642	No Hit
AGAACTTTGTA	260	0.2900232018561485	No Hit
CTGTAGCTCA	165	0.18405318579332502	No Hit
CTGTAGCTCGA	91	0.10150812064965196	No Hit
>>END_MODULE
>>Kmer Content	warn
#Sequence	Count	Obs/Exp Overall	Obs/Exp Max	Max Obs/Exp Position
AAAAA	11670	4.2035246	5.368572	31
TTTTT	8045	3.3935423	8.788937	15
TTCTT	7955	3.0595934	4.105397	8
CTTCT	8660	3.0369513	3.887258	25
AGCAG	7865	2.5586345	7.213007	5
CAAAA	6505	2.2049727	7.6281986	1
AGAAA	6205	2.1895823	6.26936	2
AAAAG	6065	2.1401799	8.23973	2
AACAA	5540	1.8778707	5.3928623	5
AGCTC	5420	1.7480836	8.952458	5
TTTGT	4310	1.7256962	6.103177	6
GCAGG	5365	1.7098421	6.5852537	6
AAGCA	5120	1.7002105	6.7988043	4
CTTTG	4455	1.6264142	5.6846905	5
AAAGC	4615	1.5325139	6.405485	3
TGTAG	3895	1.4342918	10.405453	2
GAACT	4065	1.3931894	6.3210692	2
CAAGG	4165	1.3549538	5.309268	7
AGAAC	3945	1.3100255	5.5626583	1
TTGTA	3235	1.2550023	5.4739676	7
AACTT	3475	1.2547135	6.231668	3
CTGTA	3540	1.2521887	9.9953375	1
ACTTT	3305	1.2316239	5.738025	4
TAGAA	3335	1.214597	5.4229236	1
GTAGC	2920	0.9804134	8.862686	3
TAGCT	2430	0.8595533	8.977847	4
>>END_MODULE
