##FastQC	0.10.1
>>Basic Statistics	pass
#Measure	Value	
Filename	Sample_4_L001_trimmed.fastq	
File type	Conventional base calls	
Encoding	Sanger / Illumina 1.9	
Total Sequences	16314655	
Filtered Sequences	0	
Sequence length	20-51	
%GC	52	
>>END_MODULE
>>Per base sequence quality	pass
#Base	Mean	Median	Lower Quartile	Upper Quartile	10th Percentile	90th Percentile
1	32.30175281058656	33.0	31.0	34.0	30.0	34.0
2	32.516709669925596	34.0	31.0	34.0	30.0	34.0
3	32.60927288992627	34.0	31.0	34.0	31.0	34.0
4	35.95747534961665	37.0	35.0	37.0	35.0	37.0
5	36.07118207525688	37.0	35.0	37.0	35.0	37.0
6	35.94252756187612	37.0	35.0	37.0	35.0	37.0
7	35.91139702310591	37.0	35.0	37.0	35.0	37.0
8	35.904856829641815	37.0	35.0	37.0	35.0	37.0
9	37.58024340692463	39.0	37.0	39.0	35.0	39.0
10	37.60281323754624	39.0	37.0	39.0	35.0	39.0
11	37.61851470349817	39.0	37.0	39.0	35.0	39.0
12	37.59993306631369	39.0	37.0	39.0	35.0	39.0
13	37.48030896148279	39.0	37.0	39.0	34.0	39.0
14	38.81125981517844	40.0	38.0	41.0	34.0	41.0
15	38.77760553318473	40.0	38.0	41.0	34.0	41.0
16	38.70178952604269	40.0	38.0	41.0	34.0	41.0
17	38.720771478158746	40.0	38.0	41.0	34.0	41.0
18	38.722758096938	40.0	38.0	41.0	34.0	41.0
19	38.76173759114122	40.0	38.0	41.0	34.0	41.0
20	38.75375072289301	40.0	38.0	41.0	34.0	41.0
21	38.71504119687638	40.0	38.0	41.0	34.0	41.0
22	38.6166602986979	40.0	38.0	41.0	34.0	41.0
23	38.61815240615918	40.0	38.0	41.0	34.0	41.0
24	38.647098110840695	40.0	38.0	41.0	34.0	41.0
25	38.624914645867314	40.0	38.0	41.0	34.0	41.0
26	38.55655610272063	40.0	38.0	41.0	34.0	41.0
27	38.50409689966539	40.0	38.0	41.0	34.0	41.0
28	38.47226118339956	40.0	38.0	41.0	34.0	41.0
29	38.42823706822362	40.0	38.0	41.0	34.0	41.0
30	38.39734437856303	40.0	38.0	41.0	34.0	41.0
31	38.315299123885815	40.0	38.0	41.0	33.0	41.0
32	38.28227954011715	40.0	38.0	41.0	33.0	41.0
33	38.24020169767269	40.0	38.0	41.0	33.0	41.0
34	38.18273435164463	40.0	38.0	41.0	33.0	41.0
35	38.11440874568492	40.0	37.0	41.0	33.0	41.0
36	38.05968249554185	40.0	37.0	41.0	33.0	41.0
37	37.9990343500239	40.0	37.0	41.0	33.0	41.0
38	37.93994275008422	40.0	37.0	41.0	33.0	41.0
39	37.8672324146836	40.0	37.0	41.0	33.0	41.0
40	37.77248725465912	40.0	37.0	41.0	33.0	41.0
41	37.6943011499644	40.0	36.0	41.0	32.0	41.0
42	37.61291400429665	40.0	36.0	41.0	32.0	41.0
43	37.5556641319815	40.0	36.0	41.0	32.0	41.0
44	37.47141800838628	40.0	36.0	41.0	32.0	41.0
45	37.40842431143189	39.0	35.0	41.0	32.0	41.0
46	37.337865260280935	39.0	35.0	41.0	32.0	41.0
47	37.256459214405176	39.0	35.0	41.0	32.0	41.0
48	37.17580058113599	39.0	35.0	41.0	31.0	41.0
49	37.09792793991212	39.0	35.0	41.0	31.0	41.0
50	37.07709796491133	39.0	35.0	41.0	31.0	41.0
51	37.224405723840746	39.0	35.0	41.0	32.0	41.0
>>END_MODULE
>>Per sequence quality scores	pass
#Quality	Count
10	3.0
11	5.0
12	22.0
13	56.0
14	109.0
15	234.0
16	451.0
17	806.0
18	1599.0
19	2859.0
20	5365.0
21	9311.0
22	16053.0
23	26387.0
24	40578.0
25	60134.0
26	83849.0
27	112723.0
28	145070.0
29	182436.0
30	226653.0
31	279708.0
32	346778.0
33	437421.0
34	579724.0
35	797617.0
36	1160334.0
37	1759830.0
38	2770461.0
39	7019219.0
40	248854.0
41	6.0
>>END_MODULE
>>Per base sequence content	fail
#Base	G	A	T	C
1	37.22251570061703	11.108818353748962	11.991656026200573	39.67700991943343
2	24.881258915388578	12.55976896118346	30.330948786134144	32.22802333729382
3	23.856109736920576	17.47435051492048	20.993995888972215	37.675543859186725
4	25.98049581682823	23.777929951808968	18.602466224536542	31.639108006826255
5	27.15654417461062	26.978942615173924	21.360039949471055	24.5044732607444
6	25.575942410539927	30.16006102980315	20.739161337918823	23.524835221738105
7	20.672454429306857	24.428029479268083	33.177122012777225	21.72239407864783
8	22.963721880726254	22.614802458280607	27.45793888991217	26.96353677108097
9	22.918791035199526	20.805831469773306	28.627309978784716	27.648067516242453
10	23.233129534919257	32.100533440770505	23.052169488639382	21.614167535670852
11	26.75386853582688	25.757867092950594	20.299694109000907	27.188570262221617
12	25.54457400916152	22.094498398698438	23.806278092653663	28.554649499486377
13	24.764277219270163	24.293104419480724	24.722106426209788	26.220511935039326
14	24.326321700209423	24.100383649075134	25.12157019130476	26.45172445941068
15	24.965989167408075	23.852045905966136	24.334734629693365	26.847230296932423
16	25.521219640989944	24.04567834088852	23.600026418269522	26.833075599852013
17	24.98930869078245	24.46354819805239	23.809381664446068	26.737761446719094
18	24.9710796791081	24.35471352041628	23.733541865708084	26.94066493476754
19	25.35321166232731	24.232133436381815	23.49078751362809	26.92386738766278
20	25.29805723100928	24.156947999871527	23.99638680616663	26.548607962952563
21	25.10683154227415	24.11531958492659	23.747651115982734	27.03019775681653
22	25.55460408417303	24.78917346161334	23.000672979490222	26.65554947472341
23	25.163749355995346	24.951847984422585	23.4877764988482	26.39662616073387
24	25.105364477637742	24.51434684881281	23.43164774910118	26.94864092444827
25	25.55442056673366	24.588422377807717	23.032763752996985	26.824393302461637
26	25.265464598102806	24.56526879316544	23.354576065158426	26.814690543573334
27	25.085582753892027	24.257019430756074	23.5837492016225	27.073648613729407
28	25.604159164925345	24.457583044084608	23.07214227015969	26.86611552083036
29	25.298916816277313	24.38811206524463	23.506677812268173	26.806293306209888
30	25.133413836564518	24.19419787088199	23.45621131975343	27.21617697280006
31	25.532595005396864	24.3504704077502	23.086002874353944	27.03093171249899
32	25.06019622793453	24.64870298107834	23.678797192684282	26.61230359830285
33	25.06898101602115	24.23874389884981	23.690442557906067	27.001832527222973
34	25.55055840134135	24.596566667695583	23.014408012674632	26.838466918288432
35	25.404155921672327	24.62039205661621	23.432789037836116	26.542662983875342
36	25.3447986901329	24.232695093880288	23.17380546366967	27.248700752317134
37	25.6189405311192	24.417217030919485	22.748060877640963	27.21578156032035
38	25.25469789874811	24.48574177547944	23.256783739871636	27.00277658590082
39	25.132747341681096	24.283902207985257	23.294667902991414	27.288682547342237
40	25.444458959178544	24.57529614165504	22.808416190556002	27.171828708610413
41	25.24282505178205	24.58016407984558	23.341260628605294	26.83575023976708
42	25.241613866088453	24.355976117056834	23.104794954051894	27.297615062802823
43	25.512876341047463	24.60613708533228	22.86587764989867	27.015108923721588
44	25.078115196967737	24.45989406621202	23.452453728915078	27.009537007905166
45	25.133690468300763	24.1985084785366	23.2029995525448	27.464801500617842
46	25.67230320078223	24.32033811644615	22.816502213274887	27.190856469496726
47	25.53306079353279	24.432826056193456	23.11734898780422	26.91676416246953
48	24.817809214320715	24.378815755452656	23.246531834955107	27.55684319527153
49	24.839136479218503	24.436412811010815	22.94880182128463	27.775648888486053
50	25.851671259078792	23.625802803005335	23.24370220727805	27.278823730637818
51	25.39267369759994	24.645053985520512	22.25902955703537	27.703242759844183
>>END_MODULE
>>Per base GC content	fail
#Base	%GC
1	76.89952562005047
2	57.109282252682405
3	61.531653596107304
4	57.61960382365449
5	51.66101743535503
6	49.10077763227803
7	42.39484850795469
8	49.92725865180723
9	50.56685855144198
10	44.84729707059011
11	53.9424387980485
12	54.099223508647896
13	50.984789154309496
14	50.778046159620104
15	51.8132194643405
16	52.35429524084195
17	51.72707013750154
18	51.91174461387563
19	52.27707904999009
20	51.84666519396185
21	52.13702929909068
22	52.21015355889643
23	51.560375516729216
24	52.05400540208601
25	52.3788138691953
26	52.08015514167613
27	52.15923136762143
28	52.470274685755705
29	52.1052101224872
30	52.34959080936458
31	52.56352671789586
32	51.67249982623737
33	52.07081354324412
34	52.38902531962978
35	51.94681890554767
36	52.59349944245004
37	52.83472209143956
38	52.257474484648924
39	52.42142988902333
40	52.61628766778895
41	52.07857529154912
42	52.53922892889127
43	52.52798526476905
44	52.0876522048729
45	52.5984919689186
46	52.86315967027896
47	52.449824956002324
48	52.37465240959224
49	52.614785367704556
50	53.13049498971662
51	53.09591645744411
>>END_MODULE
>>Per sequence GC content	pass
#GC Content	Count
0	16810.0
1	14941.0
2	8640.0
3	3916.0
4	3490.5
5	3236.0
6	2846.0
7	2223.0
8	1805.0
9	1835.0
10	1931.0
11	2220.0
12	2528.0
13	3051.0
14	3640.0
15	4843.0
16	6068.0
17	8060.5
18	10241.5
19	13569.0
20	16867.0
21	22659.0
22	28478.5
23	35776.5
24	43536.5
25	53045.0
26	74797.0
27	88188.5
28	110205.0
29	132580.5
30	159893.5
31	187245.5
32	223129.0
33	259252.0
34	310591.5
35	364192.0
36	426005.0
37	485610.0
38	542897.5
39	602729.0
40	667452.0
41	731698.0
42	793394.5
43	853989.0
44	912199.0
45	970755.5
46	1004783.5
47	1037181.0
48	1067209.0
49	1097326.0
50	1105723.0
51	1113472.0
52	1109566.5
53	1105193.5
54	1079140.0
55	1051624.5
56	1010995.5
57	970846.5
58	918617.5
59	866048.5
60	811679.0
61	756510.0
62	704534.5
63	653450.0
64	605418.0
65	557317.0
66	520867.5
67	485134.0
68	440383.5
69	394796.0
70	361176.5
71	327920.0
72	295849.5
73	263726.5
74	238776.5
75	193576.5
76	170561.5
77	151326.5
78	132555.5
79	116245.0
80	100239.5
81	87609.5
82	74896.5
83	65519.0
84	56431.0
85	49162.5
86	41930.5
87	36180.5
88	30606.5
89	25653.5
90	20697.0
91	16924.0
92	13189.5
93	10285.5
94	7445.5
95	5643.0
96	3865.5
97	2861.0
98	1805.5
99	1184.0
100	692.0
>>END_MODULE
>>Per base N content	pass
#Base	N-Count
1	0.07423387132611753
2	0.0010236195616762965
3	0.0
4	6.129458453151477E-6
5	2.819550888449679E-4
6	1.838837535945443E-5
7	1.838837535945443E-5
8	0.0
9	1.838837535945443E-5
10	2.4517833812605908E-5
11	1.2258916906302954E-4
12	6.987582636592683E-4
13	2.819550888449679E-4
14	3.677675071890886E-5
15	0.0
16	0.04755233867954915
17	1.2258916906302954E-5
18	1.2258916906302954E-5
19	2.4517833812605908E-5
20	1.838837535945443E-5
21	3.9232201300424874E-4
22	6.622442242645916E-4
23	5.27404909661365E-4
24	2.4536527989277537E-5
25	1.1043122288223283E-4
26	4.295715588280453E-5
27	8.961143255291188E-4
28	0.00251100575664953
29	0.001252667060192433
30	9.213230075545416E-5
31	3.256107874731018E-4
32	0.0012659468591151707
33	0.0016166203819440838
34	0.0038367752199412945
35	0.00803234389945326
36	0.004263580318501139
37	0.005101802499440125
38	0.007874079736169692
39	0.006694428941808477
40	0.004559609500254475
41	0.00473469786339361
42	0.010761372005821014
43	0.009820052175975334
44	0.006310629714931982
45	0.008074704567906781
46	0.006134441300181821
47	0.007984218898633677
48	0.006882190660277372
49	0.00842034300335392
50	0.0
51	0.0
>>END_MODULE
>>Sequence Length Distribution	warn
#Length	Count
20	1525.0
21	4947.0
22	1926.0
23	4032.0
24	2487.0
25	4432.0
26	2742.0
27	4270.0
28	3041.0
29	4318.0
30	3833.0
31	4697.0
32	3898.0
33	4849.0
34	4394.0
35	5319.0
36	4786.0
37	5991.0
38	5786.0
39	7922.0
40	8784.0
41	14564.0
42	14752.0
43	12309.0
44	17469.0
45	23193.0
46	81715.0
47	291345.0
48	362156.0
49	61925.0
50	183943.0
51	1.5157305E7
>>END_MODULE
>>Sequence Duplication Levels	fail
#Total Duplicate Percentage	74.61825481681903
#Duplication Level	Relative count
1	100.0
2	59.92847440724884
3	31.932050686886402
4	18.988669383263698
5	12.78348033905882
6	9.5063702481044
7	7.620226612334726
8	6.325544608930383
9	5.421158508278744
10++	91.36706727876069
>>END_MODULE
>>Overrepresented sequences	pass
>>END_MODULE
>>Kmer Content	warn
#Sequence	Count	Obs/Exp Overall	Obs/Exp Max	Max Obs/Exp Position
AAAAA	3188685	5.3381853	8.033101	10
TTTTT	1954220	3.668355	4.97014	11
TTCTT	2272805	3.6470752	6.1396832	6
CTTCT	2447320	3.357051	5.3617144	1
CAGCA	2592625	3.137529	4.390656	9
TCTTC	2228025	3.0562384	5.225087	7
CTCCT	1973345	2.3139544	6.708091	1
CTCCA	1769910	2.028429	6.905475	1
GCCAG	1765685	2.0191643	5.8642354	1
TTGAA	1199540	1.9865229	5.4720497	7
TCCAG	1563840	1.9363487	5.207078	2
GTCCA	1210890	1.4993253	5.124293	1
>>END_MODULE
