##FastQC	0.10.1
>>Basic Statistics	pass
#Measure	Value	
Filename	Sample_4_L002_trimmed.fastq	
File type	Conventional base calls	
Encoding	Sanger / Illumina 1.9	
Total Sequences	16210260	
Filtered Sequences	0	
Sequence length	20-51	
%GC	52	
>>END_MODULE
>>Per base sequence quality	pass
#Base	Mean	Median	Lower Quartile	Upper Quartile	10th Percentile	90th Percentile
1	32.33589886898791	33.0	31.0	34.0	30.0	34.0
2	32.542328377212954	34.0	31.0	34.0	31.0	34.0
3	32.62351998055552	34.0	31.0	34.0	31.0	34.0
4	35.98375325256967	37.0	35.0	37.0	35.0	37.0
5	36.08593656116558	37.0	35.0	37.0	35.0	37.0
6	35.9743434096677	37.0	35.0	37.0	35.0	37.0
7	35.942702584659344	37.0	35.0	37.0	35.0	37.0
8	35.931359398306995	37.0	35.0	37.0	35.0	37.0
9	37.625069678092764	39.0	37.0	39.0	35.0	39.0
10	37.65341573793388	39.0	37.0	39.0	35.0	39.0
11	37.66472974523543	39.0	38.0	39.0	35.0	39.0
12	37.626278912244466	39.0	37.0	39.0	35.0	39.0
13	37.518413276529806	39.0	37.0	39.0	34.0	39.0
14	38.85445298224705	40.0	38.0	41.0	35.0	41.0
15	38.82651462715589	40.0	38.0	41.0	34.0	41.0
16	38.79768535483083	40.0	38.0	41.0	34.0	41.0
17	38.78555100288336	40.0	38.0	41.0	34.0	41.0
18	38.78189331941622	40.0	38.0	41.0	34.0	41.0
19	38.81180567122304	40.0	38.0	41.0	34.0	41.0
20	38.729684286371715	40.0	38.0	41.0	34.0	41.0
21	38.73429997470494	40.0	38.0	41.0	34.0	41.0
22	38.74105499072569	40.0	38.0	41.0	34.0	41.0
23	38.71833534460667	40.0	38.0	41.0	34.0	41.0
24	38.695204841362575	40.0	38.0	41.0	34.0	41.0
25	38.6632215791082	40.0	38.0	41.0	34.0	41.0
26	38.60491521568248	40.0	38.0	41.0	34.0	41.0
27	38.5497256584201	40.0	38.0	41.0	34.0	41.0
28	38.503349893570466	40.0	38.0	41.0	34.0	41.0
29	38.45760515303304	40.0	38.0	41.0	34.0	41.0
30	38.424920408049346	40.0	38.0	41.0	34.0	41.0
31	38.38269580862745	40.0	38.0	41.0	34.0	41.0
32	38.33008468472402	40.0	38.0	41.0	33.0	41.0
33	38.266069227359466	40.0	38.0	41.0	33.0	41.0
34	38.2181869433484	40.0	38.0	41.0	33.0	41.0
35	38.1478449435971	40.0	38.0	41.0	33.0	41.0
36	37.95166245342341	40.0	37.0	41.0	33.0	41.0
37	37.9601868266372	40.0	37.0	41.0	33.0	41.0
38	37.92219783281085	40.0	37.0	41.0	33.0	41.0
39	37.857457958555834	40.0	37.0	41.0	33.0	41.0
40	37.78597991379187	40.0	37.0	41.0	33.0	41.0
41	37.726127879088146	40.0	36.0	41.0	33.0	41.0
42	37.599345800835046	40.0	36.0	41.0	32.0	41.0
43	37.56592152514771	40.0	36.0	41.0	32.0	41.0
44	37.49550610863669	40.0	36.0	41.0	32.0	41.0
45	37.4297788757399	39.0	35.0	41.0	32.0	41.0
46	37.35715322245152	39.0	35.0	41.0	32.0	41.0
47	37.28346751970645	39.0	35.0	41.0	32.0	41.0
48	37.214207033027556	39.0	35.0	41.0	32.0	41.0
49	37.113337331984766	39.0	35.0	41.0	31.0	41.0
50	37.10225762593242	39.0	35.0	41.0	31.0	41.0
51	37.26051889195071	39.0	35.0	41.0	32.0	41.0
>>END_MODULE
>>Per sequence quality scores	pass
#Quality	Count
10	2.0
11	3.0
12	16.0
13	60.0
14	111.0
15	247.0
16	405.0
17	796.0
18	1561.0
19	2855.0
20	5284.0
21	9279.0
22	15836.0
23	25579.0
24	39620.0
25	58685.0
26	82181.0
27	109522.0
28	141866.0
29	178178.0
30	220353.0
31	271380.0
32	336050.0
33	425489.0
34	566553.0
35	780094.0
36	1135719.0
37	1740519.0
38	2774778.0
39	7050776.0
40	236456.0
41	7.0
>>END_MODULE
>>Per base sequence content	fail
#Base	G	A	T	C
1	37.194943792930665	11.097392107298866	12.007908418210796	39.69975568155968
2	24.821450922808157	12.569436780397389	30.370711763897024	32.23840053289743
3	23.815883902158134	17.468008521067038	21.040084191527953	37.67602338524688
4	25.87006007306484	23.801678689916137	18.623192965442875	31.70506827157615
5	27.016042990558386	27.04730097739968	21.416730160416332	24.5199258716256
6	25.603296332466147	30.121052245191564	20.76777056459996	23.50788085774233
7	20.677595547511267	24.403673969448977	33.1843597820146	21.734370701025153
8	22.9378739144221	22.61291305629891	27.476487113716868	26.97272591556212
9	22.906782494543577	20.79028343777336	28.661273785861546	27.641660281821512
10	23.244938699317593	32.07925721117366	23.06097496277049	21.61482912673825
11	26.76260755611616	25.724345305031832	20.312827820949682	27.200219317902324
12	25.546752488855823	22.08762228366479	23.781302705817183	28.58432252166221
13	24.772136555268677	24.2794361619313	24.71578951524334	26.232637767556678
14	24.311251022500567	24.110112977830088	25.111595989206837	26.46704001046251
15	24.96716119959939	23.862865737069367	24.312451785892193	26.85752127743905
16	25.532183045317165	24.03922725725727	23.604891198838956	26.823698498586605
17	25.018104278050618	24.434979655165247	23.83149755121094	26.715418515573198
18	24.955407865809416	24.365559141625013	23.733570434227513	26.94546255833806
19	25.349206326684847	24.217515586888524	23.481962873017636	26.95131521340899
20	25.37467186658615	24.16321622657169	23.97957317255606	26.4825387342861
21	25.109665852384744	24.086810946441556	23.75217901904272	27.051344182130983
22	25.501169842694544	24.76591420528209	23.03362625068749	26.699289701335875
23	25.151062529703307	24.94723458359822	23.491090551108204	26.410612335590272
24	25.113074723066404	24.51778440775491	23.399511343589047	26.96962952558964
25	25.53680746730264	24.62372783230974	23.005284531359678	26.834180169027945
26	25.256236844445763	24.56993690275019	23.358409178500487	26.81541707430356
27	25.09446756939865	24.23296262975274	23.585210606365585	27.087359194483028
28	25.594988307645462	24.435905610136494	23.077450702743167	26.891655379474884
29	25.292498857889857	24.384756142179363	23.51609114533376	26.806653854597016
30	25.116142998949975	24.198541591138063	23.452588976195692	27.232726433716266
31	25.55291218027139	24.345078267095914	23.080370047806447	27.021639504826243
32	25.07019904873934	24.611714121046305	23.706910575089758	26.6111762551246
33	25.069818481229472	24.236562796169384	23.68646035613272	27.00715836646842
34	25.548812468148423	24.570709641446047	23.025818223787645	26.85465966661788
35	25.396910004264218	24.609986533797493	23.463452558008925	26.52965090392937
36	25.431943192263162	24.252488546437696	23.1290120290737	27.186556232225445
37	25.624344869169573	24.40373415746381	22.73939058167627	27.23253039169034
38	25.271919822636107	24.487819864530696	23.263935126028613	26.976325186804583
39	25.148904774902824	24.243656982367252	23.281027606455826	27.3264106362741
40	25.432825049899186	24.57409940666741	22.78818499791212	27.204890545521277
41	25.241512724785263	24.565607207971052	23.34022557114131	26.852654496102375
42	25.24406690193228	24.39418007378983	23.066399229217627	27.29535379506027
43	25.50272300133269	24.609285395380688	22.875654268161455	27.01233733512517
44	25.06639452769248	24.464843808319937	23.481299050955762	26.987462613031816
45	25.141302292746463	24.18602655461791	23.186323731586175	27.486347421049445
46	25.650241945995433	24.31518275825295	22.82536419748082	27.209211098270796
47	25.530512682773026	24.42181134833482	23.133814271825734	26.913861697066416
48	24.830317326993764	24.3429572067595	23.23583705203398	27.59088841421276
49	24.813572533828147	24.461518534788272	22.947932055251147	27.776976876132437
50	25.85129707218338	23.62318880498116	23.24277095918181	27.28274316365365
51	25.408338282355476	24.63554772853319	22.248280105607744	27.70783388350359
>>END_MODULE
>>Per base GC content	fail
#Base	%GC
1	76.89469947449034
2	57.05985145570559
3	61.49190728740501
4	57.575128344640994
5	51.53596886218399
6	49.11117719020848
7	42.41196624853642
8	49.91059982998422
9	50.548442776365086
10	44.859767826055844
11	53.96282687401849
12	54.131075010518025
13	51.004774322825355
14	50.778291032963075
15	51.82468247703844
16	52.35588154390377
17	51.73352279362381
18	51.90087042414747
19	52.30052154009384
20	51.85721060087225
21	52.16101003451572
22	52.20045954403042
23	51.56167486529357
24	52.08270424865604
25	52.37098763633059
26	52.07165391874932
27	52.18182676388168
28	52.486643687120335
29	52.09915271248688
30	52.34886943266625
31	52.57455168509764
32	51.681375303863945
33	52.0769768476979
34	52.403472134766304
35	51.926560908193586
36	52.618499424488604
37	52.856875260859915
38	52.24824500944069
39	52.47531541117693
40	52.63771559542047
41	52.094167220887634
42	52.53942069699254
43	52.51506033645785
44	52.053857140724304
45	52.62764971379591
46	52.85945304426624
47	52.444374379839445
48	52.42120574120652
49	52.59054940996059
50	53.134040235837034
51	53.11617216585907
>>END_MODULE
>>Per sequence GC content	pass
#GC Content	Count
0	16714.0
1	14899.5
2	8566.0
3	3819.0
4	3442.0
5	3179.0
6	2832.5
7	2252.0
8	1823.5
9	1846.0
10	1972.5
11	2168.5
12	2357.5
13	2957.5
14	3645.5
15	4831.0
16	5998.5
17	7963.5
18	10146.0
19	13406.5
20	16631.0
21	22376.0
22	28131.5
23	35194.5
24	42702.0
25	52223.0
26	73861.0
27	87107.0
28	109342.5
29	131970.0
30	159265.5
31	186445.0
32	222076.5
33	257955.0
34	308264.0
35	360980.5
36	422107.5
37	480988.5
38	539147.5
39	599723.5
40	662167.0
41	724128.0
42	786780.0
43	848485.5
44	906454.5
45	964590.0
46	998185.0
47	1030376.5
48	1059698.5
49	1089383.5
50	1099520.5
51	1108236.5
52	1102260.0
53	1095997.0
54	1071287.5
55	1045667.5
56	1005245.5
57	964923.0
58	912659.0
59	860327.0
60	808344.5
61	755495.0
62	703334.0
63	651924.0
64	604152.5
65	556440.5
66	519511.0
67	482978.0
68	439552.0
69	395331.0
70	360393.0
71	326146.5
72	294356.0
73	262398.5
74	236924.5
75	191239.0
76	168308.0
77	148652.0
78	129586.5
79	113789.5
80	98148.5
81	86108.0
82	74069.5
83	64691.0
84	55596.0
85	48483.0
86	41310.5
87	35507.0
88	29842.0
89	24844.5
90	19975.0
91	16411.0
92	12874.0
93	10086.5
94	7303.5
95	5520.5
96	3805.5
97	2835.0
98	1794.0
99	1168.0
100	681.0
>>END_MODULE
>>Per base N content	pass
#Base	N-Count
1	0.06982614714384594
2	6.785825767137603E-5
3	0.0034114196811155404
4	0.0
5	1.8506797546738916E-5
6	0.004503320736373136
7	0.0
8	0.0
9	0.0
10	0.0
11	6.168932515579639E-6
12	0.0
13	1.8506797546738916E-5
14	0.0
15	9.253398773369459E-5
16	6.168932515579639E-6
17	1.8506797546738916E-5
18	1.2337865031159278E-5
19	6.168932515579639E-6
20	5.552039264021675E-5
21	8.945813051015812E-4
22	4.937084266647972E-5
23	6.66584043163045E-4
24	0.0017224610276214837
25	8.582720538407026E-4
26	1.6676026858779438E-4
27	0.012682209466982118
28	0.00710580676024211
29	0.0021074207351783588
30	0.010416297691729885
31	5.997798004303822E-4
32	0.00156483381743189
33	0.008407580185208041
34	0.0011448643242948874
35	0.011216450001002794
36	0.012984942234964294
37	0.0067204271937100265
38	0.005830574292359741
39	0.015601438233180819
40	0.008582736557180342
41	0.0071415873992863995
42	0.019643363952470884
43	0.008907411220988521
44	0.0029858916618975342
45	0.004141125316243418
46	0.0066289868320134285
47	0.0063994279751275985
48	0.005521411811595641
49	0.019352950246844854
50	0.0
51	0.0
>>END_MODULE
>>Sequence Length Distribution	warn
#Length	Count
20	1560.0
21	4804.0
22	1888.0
23	4254.0
24	2423.0
25	4424.0
26	2876.0
27	4084.0
28	3030.0
29	4344.0
30	3971.0
31	4751.0
32	3866.0
33	4865.0
34	4276.0
35	5369.0
36	4668.0
37	5745.0
38	5934.0
39	7735.0
40	8528.0
41	14735.0
42	14403.0
43	12127.0
44	17163.0
45	22804.0
46	81082.0
47	288268.0
48	361123.0
49	56664.0
50	176495.0
51	1.5072001E7
>>END_MODULE
>>Sequence Duplication Levels	fail
#Total Duplicate Percentage	74.46816861606092
#Duplication Level	Relative count
1	100.0
2	58.92219660090529
3	32.12742334956017
4	18.94269365445384
5	12.855068750533777
6	9.59774532410966
7	7.483132633017337
8	6.22598001537279
9	5.254078059612264
10++	90.2092407549748
>>END_MODULE
>>Overrepresented sequences	pass
>>END_MODULE
>>Kmer Content	warn
#Sequence	Count	Obs/Exp Overall	Obs/Exp Max	Max Obs/Exp Position
AAAAA	3151865	5.31549	8.000515	10
TTTTT	1948500	3.6730583	4.9391046	11
TTCTT	2263045	3.648019	6.1618943	6
CTTCT	2437070	3.3594525	5.465081	1
CAGCA	2579705	3.1436675	4.366302	9
TCTTC	2216280	3.055098	5.2092566	7
CTCCT	1973180	2.3259685	6.664966	1
CTCCA	1756295	2.0247164	6.9596353	1
GCCAG	1745775	2.0106285	5.734709	1
TTGAA	1192590	1.9873967	5.488788	7
TCCAG	1554205	1.9366236	5.304053	2
GTCCA	1202490	1.4983674	5.189981	1
>>END_MODULE
