##FastQC	0.10.1
>>Basic Statistics	pass
#Measure	Value	
Filename	Sample_3_L001_shorten.fastq	
File type	Conventional base calls	
Encoding	Sanger / Illumina 1.9	
Total Sequences	15468805	
Filtered Sequences	0	
Sequence length	8-39	
%GC	52	
>>END_MODULE
>>Per base sequence quality	pass
#Base	Mean	Median	Lower Quartile	Upper Quartile	10th Percentile	90th Percentile
1	37.57448671697652	39.0	37.0	39.0	35.0	39.0
2	38.93313387815025	41.0	38.0	41.0	35.0	41.0
3	38.898969829925456	40.0	38.0	41.0	35.0	41.0
4	38.82295839917822	40.0	38.0	41.0	35.0	41.0
5	38.839724852695475	40.0	38.0	41.0	35.0	41.0
6	38.84124158265619	40.0	38.0	41.0	35.0	41.0
7	38.87749221740141	40.0	38.0	41.0	35.0	41.0
8	38.86698351941213	40.0	38.0	41.0	35.0	41.0
9	38.82837381839548	40.0	38.0	41.0	34.0	41.0
10	38.72882232804919	40.0	38.0	41.0	34.0	41.0
11	38.73079289126835	40.0	38.0	41.0	34.0	41.0
12	38.75534374817549	40.0	38.0	41.0	34.0	41.0
13	38.73106772779977	40.0	38.0	41.0	34.0	41.0
14	38.66716553285632	40.0	38.0	41.0	34.0	41.0
15	38.617844240058396	40.0	38.0	41.0	34.0	41.0
16	38.583837986059066	40.0	38.0	41.0	34.0	41.0
17	38.53537472672065	40.0	38.0	41.0	34.0	41.0
18	38.50256569226025	40.0	38.0	41.0	34.0	41.0
19	38.42178468697853	40.0	38.0	41.0	34.0	41.0
20	38.38333948919899	40.0	38.0	41.0	34.0	41.0
21	38.33910746487873	40.0	38.0	41.0	34.0	41.0
22	38.277685271146716	40.0	38.0	41.0	33.0	41.0
23	38.207104140167175	40.0	38.0	41.0	33.0	41.0
24	38.145651507552685	40.0	37.0	41.0	33.0	41.0
25	38.08286535168127	40.0	37.0	41.0	33.0	41.0
26	38.018520045824374	40.0	37.0	41.0	33.0	41.0
27	37.94132355456503	40.0	37.0	41.0	33.0	41.0
28	37.841020490747226	40.0	37.0	41.0	33.0	41.0
29	37.762674988380795	40.0	36.0	41.0	33.0	41.0
30	37.67589873422667	40.0	36.0	41.0	33.0	41.0
31	37.61061335971538	40.0	36.0	41.0	33.0	41.0
32	37.520399252322896	40.0	36.0	41.0	32.0	41.0
33	37.45334157381979	39.0	35.0	41.0	32.0	41.0
34	37.37632773513683	39.0	35.0	41.0	32.0	41.0
35	37.29146284948098	39.0	35.0	41.0	32.0	41.0
36	37.203728745590425	39.0	35.0	41.0	32.0	41.0
37	37.120059759057874	39.0	35.0	41.0	32.0	41.0
38	37.09207541321535	39.0	35.0	41.0	32.0	41.0
39	37.21697853961754	39.0	35.0	41.0	32.0	41.0
>>END_MODULE
>>Per sequence quality scores	pass
#Quality	Count
8	1.0
9	2.0
10	7.0
11	34.0
12	66.0
13	169.0
14	317.0
15	564.0
16	1100.0
17	1882.0
18	3338.0
19	5643.0
20	9332.0
21	15152.0
22	23087.0
23	33511.0
24	45759.0
25	61419.0
26	79903.0
27	100983.0
28	125513.0
29	153623.0
30	186917.0
31	228853.0
32	279067.0
33	348428.0
34	464929.0
35	621459.0
36	856875.0
37	1220730.0
38	1719950.0
39	2592801.0
40	6281980.0
41	5411.0
>>END_MODULE
>>Per base sequence content	pass
#Base	G	A	T	C
1	24.915721982064092	24.402493466986943	24.488195323951015	26.193589226997954
2	24.511455442838372	23.83089216205726	24.991389120968886	26.66626327413548
3	25.303777505760788	23.735530960536384	23.89368150933443	27.0670100243684
4	25.710073591843894	23.68614912813094	23.51676060324305	27.087016676782117
5	25.209647752987234	24.204062576524983	23.426749734497896	27.15953993598988
6	25.19632742083065	23.951130798622934	23.545042466766333	27.307499313780088
7	25.497236308280367	24.089118213550087	23.096125996053217	27.317519482116325
8	25.630771253699624	23.642950736776562	23.774105051839506	26.95217295768431
9	25.436974592151874	23.870009449776788	23.307328775165136	27.3856871829062
10	25.823922660450087	24.38506145391104	22.859527550681598	26.931488334957276
11	25.447171860047586	24.697490543021296	23.05450061097077	26.800836985960352
12	25.542271864571163	24.077408026251454	23.11622867855834	27.264091430619043
13	25.81171615047632	24.387429444520222	22.677305287073597	27.123549117929862
14	25.58181754708988	24.049661142522606	23.093410568109682	27.275110742277835
15	25.421490956848704	23.915439192598868	23.194035415980814	27.469034434571622
16	25.832254771118716	24.0028287507213	22.936654689219502	27.228261788940483
17	25.592265784381734	24.036734905284213	23.12672461053386	27.24427469980019
18	25.468540447995437	23.827468579359007	23.097452625844696	27.606538346800868
19	25.814093459406102	24.057673146541138	22.75368103040246	27.374552363650306
20	25.353025255436474	24.19436045995145	23.328637209896602	27.123977074715473
21	25.433448764766837	23.876821647239332	23.2691402159285	27.420589372065336
22	25.808202692566567	24.249797711134683	22.734931175689315	27.20706842060944
23	25.718906399588843	24.21839251696501	23.047418124594035	27.015282958852115
24	25.754044484637777	23.844977450688017	22.77712086856051	27.6238571961137
25	25.917655666764755	24.04795021517197	22.441825794555456	27.59256832350782
26	25.607653851663564	24.050379177563357	22.852646573336653	27.48932039743643
27	25.544787348959137	23.90798888382137	22.831036750419425	27.71618701680007
28	25.69166271439502	24.204149507997464	22.453633544679054	27.650554232928464
29	25.542520047786738	24.128809469895135	22.93982800938036	27.388842472937764
30	25.634981003450246	23.934994939897443	22.669624145741373	27.760399910910937
31	25.731802307409367	24.273821927974858	22.545324298756256	27.449051465859526
32	25.411041284590617	24.01193299914415	23.060833842768062	27.51619187349717
33	25.47046233781966	23.772184803548264	22.750439186075745	28.006913672556333
34	25.939667353094194	23.919419058940996	22.540697641363042	27.600215946601768
35	25.842822295296948	23.959305240055855	22.736212450646814	27.461660014000383
36	25.152481790088654	24.00021160956326	22.80826463592735	28.039041964420736
37	25.131889425283134	24.039923344576867	22.623570183087203	28.2046170470528
38	26.21910099646222	23.200302552564395	22.777558718992992	27.803037731980396
39	25.776977374385567	24.235826305527986	21.828359942931378	28.158836377155072
>>END_MODULE
>>Per base GC content	pass
#Base	%GC
1	51.10931120906205
2	51.17771871697385
3	52.37078753012918
4	52.797090268626015
5	52.369187688977114
6	52.50382673461074
7	52.814755790396696
8	52.58294421138393
9	52.82266177505808
10	52.75541099540736
11	52.248008846007934
12	52.80636329519021
13	52.935265268406184
14	52.85692828936771
15	52.89052539142032
16	53.0605165600592
17	52.836540484181924
18	53.075078794796305
19	53.188645823056405
20	52.47700233015195
21	52.85403813683217
22	53.015271113176
23	52.73418935844095
24	53.37790168075147
25	53.51022399027258
26	53.09697424909999
27	53.2609743657592
28	53.342216947323486
29	52.9313625207245
30	53.395380914361176
31	53.180853773268886
32	52.92723315808778
33	53.47737601037599
34	53.539883299695965
35	53.30448230929733
36	53.1915237545094
37	53.336506472335934
38	54.02213872844261
39	53.93581375154064
>>END_MODULE
>>Per sequence GC content	pass
#GC Content	Count
0	46896.0
1	44864.0
2	40200.5
3	31378.5
4	22273.5
5	15937.5
6	9105.0
7	5459.0
8	5032.0
9	5329.0
10	5786.5
11	5754.5
12	7339.0
13	9046.0
14	14030.0
15	19054.0
16	19289.0
17	21548.0
18	24015.5
19	32035.0
20	39948.5
21	40595.5
22	54067.5
23	67194.5
24	89722.0
25	112376.0
26	113699.0
27	137956.5
28	161618.5
29	205536.0
30	250332.5
31	252045.0
32	317381.5
33	384212.5
34	386602.5
35	446681.5
36	508523.0
37	593595.5
38	679952.0
39	685871.0
40	769927.0
41	854490.0
42	925367.5
43	996577.5
44	1000914.5
45	1069204.5
46	1138765.5
47	1189657.5
48	1238134.0
49	1239616.0
50	1270824.0
51	1301474.5
52	1302441.5
53	1284776.0
54	1265564.0
55	1212572.0
56	1159004.0
57	1154690.5
58	1097241.5
59	1041065.0
60	967174.0
61	892706.0
62	890303.5
63	821652.5
64	752431.5
65	695978.0
66	640854.5
67	639244.5
68	580185.0
69	522384.5
70	519478.0
71	462353.0
72	405440.0
73	359441.0
74	313919.5
75	311035.5
76	272646.0
77	234763.5
78	205128.0
79	174720.5
80	172679.5
81	148910.5
82	125165.5
83	106938.0
84	88885.5
85	87529.0
86	74630.0
87	62150.0
88	51690.5
89	41296.0
90	40634.5
91	32691.0
92	25043.0
93	24411.5
94	19231.5
95	14335.0
96	10739.0
97	7262.0
98	7007.0
99	5258.0
100	3675.0
>>END_MODULE
>>Per base N content	pass
#Base	N-Count
1	4.008066557177494E-4
2	6.464623479318538E-6
3	0.0
4	0.047249933010339196
5	6.464623479318538E-6
6	1.9393870437955613E-5
7	1.9393870437955613E-5
8	2.585849391727415E-5
9	4.655040788501842E-4
10	6.339182350267381E-4
11	4.722644582631757E-4
12	5.178207358983497E-5
13	1.2947279132527118E-4
14	6.476819011380937E-6
15	9.133823929802483E-4
16	0.0024175110239798947
17	0.001380738963714569
18	9.727743166827878E-5
19	3.567521440479537E-4
20	0.0012523704192443001
21	0.001752372273965881
22	0.004031655965357622
23	0.007857312248549774
24	0.004118188903663415
25	0.004794869567528104
26	0.007584535891720123
27	0.006397017221693508
28	0.004513581001023815
29	0.004352932656618224
30	0.010386132982223434
31	0.009663887641894771
32	0.006142182927900358
33	0.007805402696127058
34	0.005972745590770867
35	0.007722665425436451
36	0.006572289304694539
37	0.009112778143814532
38	0.0
39	0.0
>>END_MODULE
>>Sequence Length Distribution	warn
#Length	Count
8	1701.0
9	7697.0
10	1966.0
11	8079.0
12	2101.0
13	7583.0
14	2551.0
15	8035.0
16	2570.0
17	6707.0
18	2949.0
19	6090.0
20	3091.0
21	4585.0
22	3432.0
23	4551.0
24	3666.0
25	4880.0
26	4402.0
27	6351.0
28	6869.0
29	11934.0
30	11224.0
31	9224.0
32	13847.0
33	19875.0
34	74942.0
35	255951.0
36	333167.0
37	56195.0
38	164860.0
39	1.441773E7
>>END_MODULE
>>Sequence Duplication Levels	fail
#Total Duplicate Percentage	76.46127577746833
#Duplication Level	Relative count
1	100.0
2	52.11627169970774
3	28.90594739251382
4	18.21366949540477
5	13.092010282052184
6	9.931687735483644
7	8.502059931687736
8	6.857635832247614
9	5.706186837564703
10++	108.79960561991619
>>END_MODULE
>>Overrepresented sequences	pass
>>END_MODULE
>>Kmer Content	warn
#Sequence	Count	Obs/Exp Overall	Obs/Exp Max	Max Obs/Exp Position
AAAAA	2169430	5.069533	5.5830145	11
TTCTT	1538645	3.7128012	4.219874	1
TTTTT	1269480	3.6374614	4.492253	1
CTTCT	1646140	3.3451893	3.7024236	3
CAGCA	1876910	3.1704307	3.472867	27
TCTTC	1539220	3.1279128	3.4628508	13
ATATA	874850	2.2180738	5.579201	1
TATAT	763910	2.017412	5.5302997	2
>>END_MODULE
