##FastQC	0.10.1
>>Basic Statistics	pass
#Measure	Value	
Filename	Treat_3_trimmed.fastq	
File type	Conventional base calls	
Encoding	Sanger / Illumina 1.9	
Total Sequences	33457398	
Filtered Sequences	0	
Sequence length	51	
%GC	52	
>>END_MODULE
>>Per base sequence quality	pass
#Base	Mean	Median	Lower Quartile	Upper Quartile	10th Percentile	90th Percentile
1	32.214207273380914	33.0	31.0	34.0	30.0	34.0
2	32.43715745617755	34.0	31.0	34.0	30.0	34.0
3	32.52198942667329	34.0	31.0	34.0	31.0	34.0
4	35.949931163206415	37.0	35.0	37.0	35.0	37.0
5	36.033003761978144	37.0	35.0	37.0	35.0	37.0
6	35.89322600639775	37.0	35.0	37.0	35.0	37.0
7	35.86369289685946	37.0	35.0	37.0	35.0	37.0
8	35.85612972652566	37.0	35.0	37.0	35.0	37.0
9	37.58335008598098	39.0	37.0	39.0	35.0	39.0
10	37.59485190689366	39.0	37.0	39.0	35.0	39.0
11	37.59641392316282	39.0	37.0	39.0	35.0	39.0
12	37.56654797243946	39.0	37.0	39.0	35.0	39.0
13	37.45018512796482	39.0	37.0	39.0	34.0	39.0
14	38.82114296515228	40.0	38.0	41.0	34.0	41.0
15	38.78908317974996	40.0	38.0	41.0	34.0	41.0
16	38.73638679254137	40.0	38.0	41.0	34.0	41.0
17	38.73860190801449	40.0	38.0	41.0	34.0	41.0
18	38.738651194572874	40.0	38.0	41.0	34.0	41.0
19	38.775980427408015	40.0	38.0	41.0	34.0	41.0
20	38.7281952410047	40.0	38.0	41.0	34.0	41.0
21	38.70771403084006	40.0	38.0	41.0	34.0	41.0
22	38.660663091612804	40.0	38.0	41.0	34.0	41.0
23	38.64678218551246	40.0	38.0	41.0	34.0	41.0
24	38.64641849913134	40.0	38.0	41.0	34.0	41.0
25	38.615912510590334	40.0	38.0	41.0	34.0	41.0
26	38.54746938180907	40.0	38.0	41.0	34.0	41.0
27	38.49009068188746	40.0	38.0	41.0	34.0	41.0
28	38.44899444959826	40.0	38.0	41.0	34.0	41.0
29	38.39981127641785	40.0	38.0	41.0	34.0	41.0
30	38.36305480181095	40.0	38.0	41.0	34.0	41.0
31	38.29770934368536	40.0	38.0	41.0	33.0	41.0
32	38.24785322516712	40.0	38.0	41.0	33.0	41.0
33	38.18966908305302	40.0	38.0	41.0	33.0	41.0
34	38.13129290568262	40.0	38.0	41.0	33.0	41.0
35	38.05751550075711	40.0	37.0	41.0	33.0	41.0
36	37.9257631152309	40.0	37.0	41.0	33.0	41.0
37	37.896816901302365	40.0	37.0	41.0	33.0	41.0
38	37.84364381832682	40.0	37.0	41.0	33.0	41.0
39	37.76850982255105	40.0	37.0	41.0	33.0	41.0
40	37.678154051310266	40.0	37.0	41.0	32.0	41.0
41	37.60032193776695	40.0	36.0	41.0	32.0	41.0
42	37.484864662816875	40.0	36.0	41.0	32.0	41.0
43	37.433861204628045	40.0	36.0	41.0	32.0	41.0
44	37.33989233113705	40.0	35.0	41.0	31.0	41.0
45	37.26312156731375	39.0	35.0	41.0	31.0	41.0
46	37.176281371312854	39.0	35.0	41.0	31.0	41.0
47	37.07018767568237	39.0	35.0	41.0	31.0	41.0
48	36.96304933814638	39.0	35.0	41.0	31.0	41.0
49	36.82930651092473	39.0	35.0	41.0	31.0	41.0
50	36.710280398971854	39.0	35.0	41.0	31.0	41.0
51	36.57621856905908	39.0	35.0	41.0	31.0	41.0
>>END_MODULE
>>Per sequence quality scores	pass
#Quality	Count
8	5.0
9	56.0
10	227.0
11	670.0
12	1200.0
13	1917.0
14	2608.0
15	3395.0
16	4954.0
17	7503.0
18	11108.0
19	16630.0
20	24685.0
21	36534.0
22	53732.0
23	76647.0
24	106508.0
25	142573.0
26	186608.0
27	238241.0
28	298410.0
29	368636.0
30	454341.0
31	556227.0
32	688072.0
33	868237.0
34	1153975.0
35	1589055.0
36	2323872.0
37	3564136.0
38	5699895.0
39	1.4721088E7
40	255653.0
>>END_MODULE
>>Per base sequence content	fail
#Base	G	A	T	C
1	36.21129481646533	9.770842485899067	12.253807945910609	41.76405475172499
2	25.233422033696172	11.04534418739638	31.182818292380027	32.53841548652742
3	23.876327353165312	16.330894447551604	22.169843578622324	37.622934620660764
4	26.86996621016172	22.61674518841813	18.535677432876128	31.97761116854402
5	27.840109378666515	26.340946877826266	21.52273759183596	24.29620615167126
6	25.334591042738996	29.30336383066427	21.35949065220008	24.00255447439666
7	20.35798779092146	23.553756332157093	34.66696663022032	21.421289246701132
8	22.940612417020596	21.880269948069483	28.31621275509829	26.862904879811634
9	22.58310703061846	19.961839232088522	29.72657048823701	27.72848324905601
10	23.146533989283924	31.92155588429202	23.37549082567628	21.556419300747777
11	27.050973898209296	25.309275395534346	20.43288004643995	27.206870659816403
12	25.316762528873287	21.740495181364672	24.44838657208191	28.494355717680136
13	24.84109642005612	24.094777130892076	24.976531347508335	26.087595101543464
14	24.40186611078353	24.05743101554359	25.325234555042424	26.215468318630453
15	24.88694649106937	23.576087995156346	24.763631421664815	26.77333409210946
16	25.735659025784543	23.64477443879661	23.611341643170334	27.008224892248517
17	25.245353067962817	24.23858018601985	23.842150661033195	26.67391608498414
18	24.896063345990026	24.03244866800461	24.025078100813456	27.046409885191906
19	25.58517252297982	23.780193546431793	23.383366512841196	27.251267417747187
20	25.629579088842934	23.79486052604278	23.967689293663735	26.60787109145055
21	25.03894603238556	23.66594689124417	24.09365459357845	27.201452482791815
22	25.77265125173998	24.310209668045818	23.008809326571434	26.908329753642768
23	25.400828137844755	24.577672773408153	23.630980590384766	26.390518498362326
24	25.113525849102814	24.099804950441367	23.726117876549992	27.06055132390583
25	25.82701732653033	24.132239561428786	22.99150714664044	27.04923596540044
26	25.538752553920684	24.229582577620686	23.457137202187546	26.77452766627108
27	25.034662271185294	23.876364771349472	23.882035081013242	27.206937876451992
28	25.76146471002075	24.049229657128247	23.12178494496317	27.067520687887832
29	25.54219451632152	24.11156508276999	23.569233075763467	26.777007325145025
30	25.116793335755645	23.86253979743228	23.75464181324568	27.266025053566395
31	25.718909805661728	23.961784118384085	23.043799885923367	27.275506190030825
32	25.373051439134414	24.36659544955123	23.70125707838337	26.559096032930984
33	25.033057726241793	23.90035795424281	24.0112438415245	27.055340477990896
34	25.73467375316057	24.222582505135975	22.906679053384543	27.13606468831891
35	25.697189569194062	24.26992049948334	23.48444526710376	26.548444664218835
36	25.361119946239903	23.88231070371203	23.437178647101305	27.319390702946762
37	25.762858467591116	24.033996084788082	22.775112777790216	27.42803266983059
38	25.598711571120607	24.149396481661526	23.316432723372095	26.935459223845776
39	25.12199205759085	23.88418741450138	23.579484163415625	27.414336364492147
40	25.6575802024225	24.1386581311116	22.73141847306389	27.472343193402004
41	25.51285244425239	24.236548896586303	23.326044121721246	26.924554537440066
42	25.22360388378864	24.003130741366636	23.41765783093112	27.355607543913607
43	25.706635819510414	24.173768274569504	22.813202297489756	27.306393608430323
44	25.410931043145247	24.13934708978248	23.496839879537706	26.952881987534568
45	25.20869603661893	23.793256818004703	23.44543532151405	27.55261182386231
46	25.940188452745854	23.877765629193803	22.727256829976458	27.45478908808388
47	25.82595406995573	24.108029988527623	23.179544049976975	26.88647189153967
48	25.206538283227296	23.905437749121845	23.31069454155901	27.577329426091847
49	25.900420425699334	23.927355413829172	22.71641400167357	27.455810158797924
50	25.68364649409291	24.111956019093224	23.300365848886393	26.904031637927478
51	25.28483857535863	23.739243465826647	23.41135155448569	27.564566404329028
>>END_MODULE
>>Per base GC content	fail
#Base	%GC
1	77.97534956819032
2	57.77183752022359
3	61.499261973826066
4	58.847577378705736
5	52.136315530337775
6	49.33714551713565
7	41.77927703762259
8	49.803517296832226
9	50.31159027967447
10	44.7029532900317
11	54.2578445580257
12	53.81111824655343
13	50.92869152159959
14	50.61733442941399
15	51.66028058317883
16	52.74388391803305
17	51.91926915294695
18	51.94247323118193
19	52.83643994072701
20	52.237450180293486
21	52.240398515177375
22	52.68098100538274
23	51.79134663620708
24	52.17407717300864
25	52.87625329193077
26	52.31328022019176
27	52.24160014763729
28	52.82898539790858
29	52.319201841466544
30	52.38281838932204
31	52.99441599569255
32	51.932147472065395
33	52.08839820423269
34	52.87073844147948
35	52.24563423341289
36	52.680510649186665
37	53.1908911374217
38	52.534170794966386
39	52.536328422083
40	53.129923395824505
41	52.43740698169246
42	52.57921142770224
43	53.01302942794074
44	52.363813030679815
45	52.761307860481246
46	53.394977540829736
47	52.7124259614954
48	52.783867709319146
49	53.356230584497254
50	52.587678132020386
51	52.84940497968766
>>END_MODULE
>>Per sequence GC content	pass
#GC Content	Count
0	6902.0
1	4131.0
2	1360.0
3	1368.5
4	1377.0
5	1435.5
6	1494.0
7	1650.5
8	1807.0
9	1970.0
10	2133.0
11	2713.5
12	3294.0
13	4467.5
14	5641.0
15	7648.0
16	9655.0
17	12911.0
18	16167.0
19	21780.5
20	27394.0
21	37341.0
22	47288.0
23	61193.5
24	75099.0
25	93183.0
26	139224.5
27	167182.0
28	211084.5
29	254987.0
30	310692.5
31	366398.0
32	435425.5
33	504453.0
34	604046.0
35	703639.0
36	827089.5
37	950540.0
38	1082064.5
39	1213589.0
40	1356305.0
41	1499021.0
42	1624477.5
43	1749934.0
44	1883371.0
45	2016808.0
46	2089010.0
47	2161212.0
48	2217110.0
49	2273008.0
50	2283462.5
51	2293917.0
52	2285339.5
53	2276762.0
54	2222224.5
55	2167687.0
56	2074438.5
57	1981190.0
58	1861939.5
59	1742689.0
60	1632569.0
61	1522449.0
62	1424334.5
63	1326220.0
64	1236421.5
65	1146623.0
66	1074979.5
67	1003336.0
68	912778.0
69	822220.0
70	754143.5
71	686067.0
72	618881.0
73	551695.0
74	498814.0
75	397073.5
76	348214.0
77	309299.5
78	270385.0
79	236050.0
80	201715.0
81	176237.0
82	150759.0
83	131677.0
84	112595.0
85	97667.0
86	82739.0
87	71276.0
88	59813.0
89	50043.0
90	40273.0
91	33198.5
92	26124.0
93	20348.0
94	14572.0
95	10978.5
96	7385.0
97	5333.5
98	3282.0
99	2193.5
100	1105.0
>>END_MODULE
>>Per base N content	pass
#Base	N-Count
1	0.07218134536343801
2	5.619086098685857E-4
3	0.001763436594800349
4	5.977751168814741E-6
5	1.5243265480477592E-4
6	0.002418000347785563
7	0.0
8	0.0
9	0.0
10	0.0
11	0.0
12	0.0
13	5.977751168814741E-6
14	1.7933253506444226E-5
15	3.287763142848108E-5
16	0.024526713045646884
17	2.9888755844073706E-6
18	0.0
19	0.0
20	1.4944377922036853E-5
21	6.067417436346963E-4
22	3.885538259729582E-4
23	4.961533470116235E-4
24	7.771076519459164E-4
25	6.246749971411405E-4
26	4.782200935051793E-5
27	0.0072779120480319474
28	0.005113966124921012
29	0.0017514810924627194
30	0.0051468437563494925
31	0.0028125319249273357
32	0.004450435745182575
33	0.006826591834786434
34	0.006599437290371475
35	0.014678367995024597
36	0.015177510217620628
37	0.011300938584644269
38	0.013635250416066426
39	0.01744008903501701
40	0.010783863108541795
41	0.012870098266458138
42	0.02144219344253848
43	0.016689881263330757
44	0.010789840859710608
45	0.012908953649055435
46	0.012030224227239667
47	0.01456180184723271
48	0.013871371587234607
49	0.023815360656557934
50	0.018396529222027367
51	0.0019158692496051247
>>END_MODULE
>>Sequence Length Distribution	pass
#Length	Count
51	3.3457398E7
>>END_MODULE
>>Sequence Duplication Levels	fail
#Total Duplicate Percentage	84.40300090133078
#Duplication Level	Relative count
1	100.0
2	81.6265828163508
3	58.955836945129036
4	39.7325854791649
5	27.087051358318462
6	20.15806917651058
7	15.741763689413897
8	12.56904903543809
9	10.58893515764426
10++	200.0963145519957
>>END_MODULE
>>Overrepresented sequences	pass
>>END_MODULE
>>Kmer Content	warn
#Sequence	Count	Obs/Exp Overall	Obs/Exp Max	Max Obs/Exp Position
AAAAA	5692120	5.0937767	8.23891	10
TTTTT	4038870	3.4803038	4.926001	11
TTCTT	4672075	3.4673533	6.321591	6
CTTCT	5020730	3.2091217	5.3910685	1
CAGCA	5228885	3.1511621	4.5659623	9
TCTTC	4597335	2.9384987	5.5281525	7
TCTTG	3473095	2.3937786	5.0613656	7
CTCCT	4121830	2.269031	7.0167804	1
TTGAA	2618100	2.12709	6.1338367	7
CTCCA	3684600	2.043725	7.0602217	1
GCCAG	3579870	1.9885025	5.9074497	1
TCCAG	3273885	1.9581386	5.1991167	2
GTCCA	2530705	1.5136362	5.10827	1
>>END_MODULE
