##FastQC	0.10.1
>>Basic Statistics	pass
#Measure	Value	
Filename	Sample_1_L001_poly.fastq	
File type	Conventional base calls	
Encoding	Sanger / Illumina 1.9	
Total Sequences	87668	
Filtered Sequences	0	
Sequence length	20-39	
%GC	51	
>>END_MODULE
>>Per base sequence quality	pass
#Base	Mean	Median	Lower Quartile	Upper Quartile	10th Percentile	90th Percentile
1	37.62093352192362	39.0	37.0	39.0	35.0	39.0
2	38.98137290687594	41.0	38.0	41.0	35.0	41.0
3	38.95514897111831	40.0	38.0	41.0	35.0	41.0
4	38.87511977004152	40.0	38.0	41.0	35.0	41.0
5	38.912373956289635	40.0	38.0	41.0	35.0	41.0
6	38.91954875211023	40.0	38.0	41.0	35.0	41.0
7	38.95571930464936	40.0	39.0	41.0	35.0	41.0
8	38.9484532554638	40.0	39.0	41.0	35.0	41.0
9	38.921647579504494	40.0	38.0	41.0	35.0	41.0
10	38.81659214308527	40.0	38.0	41.0	35.0	41.0
11	38.82023087101337	40.0	38.0	41.0	35.0	41.0
12	38.82416617237761	40.0	38.0	41.0	34.0	41.0
13	38.8092120271935	40.0	38.0	41.0	35.0	41.0
14	38.78939864032486	40.0	38.0	41.0	35.0	41.0
15	38.729194232787336	40.0	38.0	41.0	34.0	41.0
16	38.71259752703381	40.0	38.0	41.0	34.0	41.0
17	38.655564173928916	40.0	38.0	41.0	34.0	41.0
18	38.637233654241	40.0	38.0	41.0	34.0	41.0
19	38.56593055618926	40.0	38.0	41.0	34.0	41.0
20	38.546927042934705	40.0	38.0	41.0	34.0	41.0
21	38.49003847602955	40.0	38.0	41.0	34.0	41.0
22	38.44858873271626	40.0	38.0	41.0	34.0	41.0
23	38.378428457051356	40.0	38.0	41.0	34.0	41.0
24	38.31941121933911	40.0	38.0	41.0	33.0	41.0
25	38.27788474762756	40.0	38.0	41.0	33.0	41.0
26	38.222741522455586	40.0	38.0	41.0	33.0	41.0
27	38.15029094505393	40.0	37.0	41.0	33.0	41.0
28	38.07531404863432	40.0	37.0	41.0	33.0	41.0
29	37.98625258703419	40.0	37.0	41.0	33.0	41.0
30	37.925178505192875	40.0	37.0	41.0	33.0	41.0
31	37.87673445671121	40.0	37.0	41.0	33.0	41.0
32	37.777874940245084	40.0	36.0	41.0	33.0	41.0
33	37.71169305297153	40.0	36.0	41.0	33.0	41.0
34	37.661142433409054	40.0	36.0	41.0	33.0	41.0
35	37.574495384505724	39.0	35.0	41.0	33.0	41.0
36	37.46910626663086	39.0	35.0	41.0	32.0	41.0
37	37.35176201842869	39.0	35.0	41.0	32.0	41.0
38	37.31785171641214	39.0	35.0	41.0	32.0	41.0
39	37.42270657124268	39.0	35.0	41.0	32.0	41.0
>>END_MODULE
>>Per sequence quality scores	pass
#Quality	Count
13	3.0
14	1.0
15	1.0
16	3.0
17	6.0
18	10.0
19	22.0
20	40.0
21	73.0
22	111.0
23	158.0
24	205.0
25	276.0
26	381.0
27	458.0
28	628.0
29	790.0
30	948.0
31	1250.0
32	1537.0
33	1828.0
34	2502.0
35	3434.0
36	4648.0
37	6571.0
38	9513.0
39	14644.0
40	37608.0
41	19.0
>>END_MODULE
>>Per base sequence content	pass
#Base	G	A	T	C
1	24.17557347690693	24.75047623393067	25.824996863129794	25.2489534260326
2	24.524341835105172	25.56805219692476	24.773007254642515	25.134598713327556
3	25.296573436145458	25.062736688415388	24.394305790026007	25.246384085413148
4	25.310156704749076	25.065911866418617	24.142575071047855	25.481356357784446
5	25.232696080667978	25.37642013049231	23.787470912989917	25.603412875849795
6	25.079846694346852	24.70456723091664	23.84108226490852	26.37450380982799
7	25.36045079162294	24.118264360998314	23.54450882876306	26.976776018615688
8	24.98288999406853	25.182506729935668	24.219783729525027	25.614819546470773
9	25.663868230140984	24.24031573664279	23.932335629876352	26.16348040333987
10	26.14180772916001	24.670347219053703	23.242232057307113	25.945612994479173
11	25.132317379203357	24.891636629100695	24.12054569512251	25.855500296573435
12	25.12433270976867	24.581375188210064	24.049824337272437	26.244467764748826
13	25.276041429027696	25.115207373271893	23.6334808596067	25.975270338093715
14	25.19049139937035	24.48441848793174	24.069215677328103	26.2558744353698
15	24.5619838481544	24.044121001961948	24.461605146689784	26.932290003193867
16	25.336801158983835	24.52459988820825	23.689583974995152	26.449014977812762
17	25.570625206748264	24.332987327044382	24.159603955878495	25.93678351032886
18	24.897339964411188	24.062371674955514	24.03271433134097	27.007574029292332
19	25.409499475293153	24.077200346762787	24.127389697495094	26.385910480448967
20	24.831464519146316	24.80408819738328	24.52005885909179	25.844388424378618
21	25.199808184143222	24.81389294848374	23.90847643405188	26.077822433321156
22	25.2474116060613	25.118277603821454	23.302402120997417	26.33190866911983
23	25.387220023336155	24.578462101626666	23.953876775950032	26.080441099087142
24	24.975389757560496	24.963943133170027	23.79982143265951	26.260845676609968
25	25.16562363890608	24.98567269559636	23.626298053778967	26.222405611718592
26	25.44101433296582	24.52797684674752	23.919285189268653	26.11172363101801
27	24.888730434382584	24.49885567733551	23.90656806707226	26.705845821209646
28	25.536794790526134	24.953610326744656	23.11300639658849	26.396588486140725
29	25.232704693407953	24.807187539747698	23.85208653723853	26.10802122960582
30	24.90580911419993	24.66004335678928	23.84971192079851	26.58443560821229
31	25.57823287384644	24.67398126409261	23.781352425672377	25.966433436388574
32	25.477781275871315	24.663891512459042	24.003917864763704	25.85440934690594
33	25.31392259891634	24.419842950930942	23.477782588852094	26.788451861300626
34	25.660070862712324	24.438218779795886	22.939743152095865	26.961967205395926
35	25.613697393122788	24.496803783180056	23.403673867065898	26.48582495663126
36	24.982299372543277	24.314558460899924	23.175614639029273	27.52752752752753
37	25.996277995251237	23.60649425656164	22.45010588461785	27.947121863569276
38	26.525198938992045	22.51422832273184	22.850300018026832	28.110272720249284
39	26.305790500975927	23.657774886141837	22.106701366297983	27.929733246584256
>>END_MODULE
>>Per base GC content	pass
#Base	%GC
1	49.42452690293953
2	49.658940548432724
3	50.542957521558606
4	50.791513062533525
5	50.83610895651777
6	51.45435050417484
7	52.337226810238626
8	50.597709540539306
9	51.82734863348087
10	52.08742072363919
11	50.98781767577679
12	51.36880047451749
13	51.25131176712141
14	51.44636583474016
15	51.49427385134827
16	51.78581613679659
17	51.50740871707712
18	51.904913993703516
19	51.79540995574212
20	50.67585294352494
21	51.277630617464375
22	51.57932027518113
23	51.4676611224233
24	51.23623543417046
25	51.38802925062467
26	51.55273796398383
27	51.59457625559223
28	51.93338327666686
29	51.34072592301378
30	51.490244722412214
31	51.54466631023501
32	51.332190622777254
33	52.10237446021697
34	52.622038068108246
35	52.09952234975405
36	52.5098269000708
37	53.943399858820506
38	54.63547165924133
39	54.23552374756018
>>END_MODULE
>>Per sequence GC content	pass
#GC Content	Count
0	12.0
1	12.0
2	7.0
3	2.0
4	3.0
5	4.5
6	5.0
7	6.0
8	7.0
9	11.0
10	14.5
11	13.5
12	16.5
13	25.0
14	53.0
15	78.5
16	90.0
17	124.5
18	154.5
19	193.0
20	226.0
21	238.0
22	319.0
23	392.5
24	535.5
25	676.5
26	728.5
27	958.0
28	1149.0
29	1436.0
30	1714.5
31	1724.0
32	2121.0
33	2548.5
34	2600.5
35	3006.5
36	3417.5
37	3913.5
38	4404.5
39	4461.5
40	5003.0
41	5522.0
42	5946.5
43	6400.0
44	6463.5
45	6856.5
46	7215.0
47	7341.0
48	7505.0
49	7499.5
50	7478.0
51	7484.5
52	7523.5
53	7496.5
54	7441.0
55	7045.0
56	6619.5
57	6558.5
58	6193.0
59	5842.5
60	5304.5
61	4752.0
62	4688.5
63	4263.5
64	3845.0
65	3473.5
66	3141.5
67	3138.0
68	2798.5
69	2451.0
70	2411.5
71	2142.5
72	1854.5
73	1590.0
74	1346.0
75	1343.0
76	1195.5
77	1042.0
78	865.0
79	681.5
80	664.5
81	581.5
82	509.0
83	427.0
84	343.5
85	339.0
86	304.0
87	270.0
88	212.5
89	155.0
90	149.0
91	125.0
92	104.0
93	103.0
94	74.0
95	46.5
96	35.5
97	24.0
98	21.5
99	13.0
100	7.0
>>END_MODULE
>>Per base N content	pass
#Base	N-Count
1	0.0011406670620979149
2	0.0
3	0.0
4	0.058174020166993655
5	0.0
6	0.0
7	0.0
8	0.0
9	0.0
10	0.0
11	0.0
12	0.0
13	0.0
14	0.0
15	0.0
16	0.005703335310489574
17	0.0011406670620979149
18	0.0
19	0.0
20	0.0011406670620979149
21	0.003425165835112517
22	0.004570906182150611
23	0.013725265927027335
24	0.005722984650955166
25	0.006876633200385091
26	0.012631627298094921
27	0.008049863152326411
28	0.005762360262763628
29	0.006937298384765692
30	0.012750370919881307
31	0.013945380592678676
32	0.006995697645947742
33	0.011701243842220429
34	0.007062230016831649
35	0.013068323571691635
36	0.009764909796645753
37	0.00898334231667565
38	0.0
39	0.0
>>END_MODULE
>>Sequence Length Distribution	warn
#Length	Count
20	81.0
21	77.0
22	80.0
23	63.0
24	115.0
25	169.0
26	125.0
27	188.0
28	281.0
29	217.0
30	222.0
31	283.0
32	306.0
33	502.0
34	786.0
35	2247.0
36	4004.0
37	260.0
38	812.0
39	76850.0
>>END_MODULE
>>Sequence Duplication Levels	warn
#Total Duplicate Percentage	28.73487173052574
#Duplication Level	Relative count
1	100.0
2	12.470388629233625
3	2.3449004417696395
4	0.6338433958640117
5	0.2865100198476215
6	0.09763749279723413
7	0.07042704398489019
8	0.04321659517254626
9	0.02721044881234394
10++	0.14245470260580062
>>END_MODULE
>>Overrepresented sequences	pass
>>END_MODULE
>>Kmer Content	warn
#Sequence	Count	Obs/Exp Overall	Obs/Exp Max	Max Obs/Exp Position
AAAAA	10115	3.6925879	5.020517	11
TTCTT	8065	3.1495867	4.250535	21
TTTTT	7255	3.1148334	9.595311	15
AGCAG	7660	2.498219	8.24162	5
CAAAA	6225	2.1352196	7.788754	1
AGAAA	5825	2.0735292	7.102942	2
AAAAG	5770	2.053951	8.082659	2
AACAA	5775	1.9808664	6.6041164	5
GCAGG	5500	1.7490962	7.653719	6
AAGCA	5040	1.6857105	7.882048	4
AAACA	4690	1.6087039	6.844273	4
AAAGC	4705	1.5736645	7.7094493	3
CAAGG	4285	1.3975024	6.0550675	7
ACAAG	3930	1.3144529	5.9796987	6
TAGAA	3355	1.2336537	6.451961	1
GAAAC	3500	1.1706325	5.6382537	3
>>END_MODULE
