##FastQC	0.10.1
>>Basic Statistics	pass
#Measure	Value	
Filename	Sample_5_L002_poly.fastq	
File type	Conventional base calls	
Encoding	Sanger / Illumina 1.9	
Total Sequences	18291605	
Filtered Sequences	0	
Sequence length	20-39	
%GC	52	
>>END_MODULE
>>Per base sequence quality	pass
#Base	Mean	Median	Lower Quartile	Upper Quartile	10th Percentile	90th Percentile
1	37.51335850517218	39.0	37.0	39.0	34.0	39.0
2	38.8508928549463	40.0	38.0	41.0	35.0	41.0
3	38.823747560697925	40.0	38.0	41.0	34.0	41.0
4	38.796216242369105	40.0	38.0	41.0	34.0	41.0
5	38.78581649888022	40.0	38.0	41.0	34.0	41.0
6	38.78095290161798	40.0	38.0	41.0	34.0	41.0
7	38.81325930666008	40.0	38.0	41.0	34.0	41.0
8	38.73024483089374	40.0	38.0	41.0	34.0	41.0
9	38.734320143038296	40.0	38.0	41.0	34.0	41.0
10	38.74071651995546	40.0	38.0	41.0	34.0	41.0
11	38.71833029414313	40.0	38.0	41.0	34.0	41.0
12	38.692602098066295	40.0	38.0	41.0	34.0	41.0
13	38.66001693126437	40.0	38.0	41.0	34.0	41.0
14	38.60052504960609	40.0	38.0	41.0	34.0	41.0
15	38.544961910122154	40.0	38.0	41.0	34.0	41.0
16	38.498173998399814	40.0	38.0	41.0	34.0	41.0
17	38.45043811081641	40.0	38.0	41.0	34.0	41.0
18	38.41593550702631	40.0	38.0	41.0	34.0	41.0
19	38.373433659867466	40.0	38.0	41.0	34.0	41.0
20	38.31885189954627	40.0	38.0	41.0	33.0	41.0
21	38.25578439969975	40.0	38.0	41.0	33.0	41.0
22	38.208016676874024	40.0	38.0	41.0	33.0	41.0
23	38.14044566651951	40.0	38.0	41.0	33.0	41.0
24	37.944347043329955	40.0	37.0	41.0	33.0	41.0
25	37.95288982758179	40.0	37.0	41.0	33.0	41.0
26	37.917580791554656	40.0	37.0	41.0	33.0	41.0
27	37.8511768851968	40.0	37.0	41.0	33.0	41.0
28	37.77972491695722	40.0	37.0	41.0	33.0	41.0
29	37.72247129038237	40.0	37.0	41.0	33.0	41.0
30	37.593642629817126	40.0	36.0	41.0	32.0	41.0
31	37.56160661232947	40.0	36.0	41.0	32.0	41.0
32	37.49075643093464	40.0	36.0	41.0	32.0	41.0
33	37.42408776947858	39.0	35.0	41.0	32.0	41.0
34	37.34983844484344	39.0	35.0	41.0	32.0	41.0
35	37.27095965363633	39.0	35.0	41.0	32.0	41.0
36	37.19664156219342	39.0	35.0	41.0	31.0	41.0
37	37.06520475607445	39.0	35.0	41.0	31.0	41.0
38	37.036465005429164	39.0	35.0	41.0	31.0	41.0
39	37.198737706984005	39.0	35.0	41.0	32.0	41.0
>>END_MODULE
>>Per sequence quality scores	pass
#Quality	Count
10	7.0
11	35.0
12	86.0
13	235.0
14	428.0
15	906.0
16	1500.0
17	2706.0
18	4543.0
19	7654.0
20	12556.0
21	19962.0
22	29641.0
23	42962.0
24	58920.0
25	79054.0
26	102655.0
27	129378.0
28	159493.0
29	193128.0
30	234120.0
31	281154.0
32	341765.0
33	422020.0
34	551245.0
35	725939.0
36	992070.0
37	1400016.0
38	1991033.0
39	3072187.0
40	7428328.0
41	5879.0
>>END_MODULE
>>Per base sequence content	pass
#Base	G	A	T	C
1	24.780098539209412	24.265676675011843	25.13580275800884	25.818422027769905
2	24.44125318048943	24.090890229795605	25.354316950788842	26.113539638926124
3	25.098476874964053	23.648084662230826	24.5951147859969	26.65832367680822
4	25.69593537581858	23.89386278568775	23.69898103528914	26.711220803204533
5	25.237574910755477	24.28678323857854	23.88394803537952	26.59169381528646
6	25.091086877404894	24.114693501712235	23.827064254565332	26.96715536631754
7	25.477190219228984	23.95714864824601	23.541673899037292	27.023987233487713
8	25.628893829468506	23.804247643494957	24.072523777442992	26.494334749593545
9	25.254828256522437	23.69180179774831	23.908569895301284	27.14480005042797
10	25.656634883035906	24.48654562455895	23.130567720826548	26.726251771578596
11	25.39538609929798	24.629343897627926	23.60315973205334	26.372110271020755
12	25.278976250075036	24.205632369675225	23.535692460400117	26.97969891984962
13	25.753071683111724	24.299512796066853	23.126034529991742	26.821380990829685
14	25.51751423906986	24.26600903782255	23.491308074417216	26.725168648690374
15	25.29131002328249	23.91088921060744	23.75078994370363	27.047010822406442
16	25.78938988956349	24.15945192453629	23.261556599750424	26.789601586149796
17	25.50678424004178	24.100447996459064	23.645475511305534	26.74729225219362
18	25.294551029440747	23.92427795077963	23.585706447615433	27.19546457216419
19	25.710703881592305	24.101345574784023	23.21743842527196	26.970512118351714
20	25.320980762448457	24.31195797841396	23.789547426241274	26.577513832896305
21	25.23497916409525	23.93095848333666	23.83467161705225	26.99939073551583
22	25.729695391559602	24.329003173491166	23.076229260847693	26.865072174101535
23	25.699740701909956	24.30645599114067	23.522345877026858	26.471457429922513
24	25.690206702812553	23.945594964557184	23.17593907296353	27.18825925966673
25	25.82493719630554	24.14428991049334	22.834970511842922	27.19580238135819
26	25.564752826441296	24.167878625311065	23.350701438810496	26.916667109437142
27	25.38851808608424	23.889626329098274	23.356433216280116	27.365422368537374
28	25.64700741589907	24.227239055532927	22.870256973505057	27.255496555062948
29	25.508985335954996	24.147598076425787	23.42575549481086	26.917661092808352
30	25.451080088548554	23.973126680448363	23.23143959797996	27.344353633023115
31	25.69998056973756	24.217023980443614	22.939193953914234	27.143801495904597
32	25.369768390416187	24.060908823076385	23.551363111215217	27.017959675292207
33	25.418589388721934	23.72365495124129	23.286002822682317	27.571752837354456
34	26.06598773897804	23.784803998679514	22.84348143011284	27.305726832229603
35	26.01158216093669	23.799919412419925	23.10054989993569	27.087948526707688
36	25.407560528338458	23.515194465377437	23.047435533378533	28.02980947290557
37	26.00941946009585	22.843707597245903	22.203326325317818	28.943546617340427
38	27.18027851835561	22.012979469259353	22.465121301132502	28.341620711252535
39	26.56760315482975	23.06973830977809	21.528367860303053	28.834290675089107
>>END_MODULE
>>Per base GC content	pass
#Base	%GC
1	50.598520566979325
2	50.55479281941555
3	51.75680055177227
4	52.407156179023104
5	51.829268726041946
6	52.05824224372243
7	52.501177452716696
8	52.12322857906205
9	52.399628306950405
10	52.3828866546145
11	51.76749637031873
12	52.25867516992465
13	52.57445267394141
14	52.242682887760225
15	52.33832084568893
16	52.57899147571329
17	52.2540764922354
18	52.490015601604945
19	52.68121599994402
20	51.89849459534477
21	52.23436989961109
22	52.59476756566114
23	52.171198131832476
24	52.87846596247928
25	53.02073957766373
26	52.481419935878435
27	52.75394045462162
28	52.90250397096202
29	52.42664642876335
30	52.79543372157167
31	52.84378206564215
32	52.387728065708394
33	52.99034222607639
34	53.371714571207654
35	53.09953068764438
36	53.437370001244034
37	54.95296607743628
38	55.52189922960815
39	55.401893829918855
>>END_MODULE
>>Per sequence GC content	pass
#GC Content	Count
0	5572.0
1	4000.5
2	1891.0
3	1337.5
4	1351.5
5	1336.0
6	1530.5
7	1776.5
8	1785.5
9	2427.5
10	3205.5
11	3405.0
12	4742.0
13	6411.0
14	9911.0
15	13409.0
16	15492.5
17	22344.5
18	28219.0
19	37122.0
20	44699.0
21	45581.0
22	60335.0
23	73942.0
24	100136.0
25	126703.0
26	130404.0
27	162174.5
28	192031.5
29	242961.5
30	296103.0
31	300807.0
32	378961.0
33	460251.0
34	466887.0
35	540846.0
36	616972.0
37	727240.0
38	841673.0
39	854784.5
40	959257.0
41	1063475.0
42	1152999.0
43	1244348.0
44	1253663.5
45	1336394.0
46	1419674.5
47	1481802.5
48	1540050.0
49	1540249.5
50	1574415.5
51	1605752.0
52	1603347.5
53	1574273.0
54	1541285.0
55	1468143.0
56	1395295.5
57	1384468.0
58	1309939.0
59	1238841.5
60	1140745.0
61	1041889.0
62	1036288.0
63	949549.0
64	860749.5
65	789256.0
66	720052.0
67	716299.0
68	644687.0
69	575493.0
70	572145.0
71	505473.5
72	438749.5
73	385515.5
74	332827.0
75	329206.0
76	286581.5
77	244594.0
78	212107.5
79	178469.0
80	175675.0
81	150092.0
82	124624.5
83	105970.5
84	87554.5
85	86048.5
86	72455.5
87	59238.0
88	49132.0
89	39230.5
90	38595.0
91	31229.5
92	24198.5
93	23563.5
94	18416.0
95	13668.5
96	9941.5
97	6351.0
98	6136.5
99	4222.0
100	2522.0
>>END_MODULE
>>Per base N content	pass
#Base	N-Count
1	1.6400966454283263E-5
2	1.0933977636188841E-5
3	5.466988818094421E-6
4	0.0
5	3.2801932908566526E-5
6	1.0933977636188841E-5
7	0.0
8	2.1867955272377683E-5
9	9.184541214398627E-4
10	4.9202899362849785E-5
11	2.9521739617709874E-4
12	0.0014378180591588326
13	4.701610383561202E-4
14	1.6947665336092705E-4
15	0.012721682979705717
16	0.006981344720706575
17	0.0021266586502387296
18	0.009949919648931846
19	4.974959824465923E-4
20	0.0013339452716150386
21	0.008333557985787783
22	9.517265166814958E-4
23	0.010723369510298182
24	0.01225913199982071
25	0.006224820137189123
26	0.005477272850511366
27	0.014834295927709028
28	0.008269183188947983
29	0.007036516281164919
30	0.019557079959764523
31	0.008847662888197399
32	0.003057346061661767
33	0.003908737170384559
34	0.006502305659985686
35	0.006729140641273142
36	0.005385347107128032
37	0.019628281903691085
38	0.0
39	0.0
>>END_MODULE
>>Sequence Length Distribution	warn
#Length	Count
20	4098.0
21	4944.0
22	4726.0
23	5744.0
24	6505.0
25	8327.0
26	9007.0
27	11870.0
28	17141.0
29	26343.0
30	18609.0
31	21292.0
32	39732.0
33	58133.0
34	147944.0
35	470988.0
36	786757.0
37	62172.0
38	193615.0
39	1.6393658E7
>>END_MODULE
>>Sequence Duplication Levels	fail
#Total Duplicate Percentage	74.3780566499117
#Duplication Level	Relative count
1	100.0
2	45.10794823786721
3	24.72785114244528
4	16.637118287409077
5	11.92152834159031
6	9.36821699004192
7	7.765976836279886
8	6.44706973969811
9	5.626895100492105
10++	103.78108793266283
>>END_MODULE
>>Overrepresented sequences	pass
>>END_MODULE
>>Kmer Content	warn
#Sequence	Count	Obs/Exp Overall	Obs/Exp Max	Max Obs/Exp Position
AAAAA	2118795	4.236411	5.2655783	11
TTCTT	1806045	3.4989212	3.97568	1
CTTCT	1900740	3.1909912	3.4443636	10
TTTTT	1413135	3.1593077	4.0644755	1
CAGCA	2141950	3.1542218	3.469898	6
TCTTC	1826360	3.066121	3.3869324	13
>>END_MODULE
