##FastQC	0.10.1
>>Basic Statistics	pass
#Measure	Value	
Filename	Sample_4_L001_poly.fastq	
File type	Conventional base calls	
Encoding	Sanger / Illumina 1.9	
Total Sequences	13058367	
Filtered Sequences	0	
Sequence length	35-39	
%GC	54	
>>END_MODULE
>>Per base sequence quality	pass
#Base	Mean	Median	Lower Quartile	Upper Quartile	10th Percentile	90th Percentile
1	37.5198552774631	39.0	37.0	39.0	34.0	39.0
2	38.8610126365724	40.0	38.0	41.0	35.0	41.0
3	38.82404675867971	40.0	38.0	41.0	35.0	41.0
4	38.76385132995573	40.0	38.0	41.0	34.0	41.0
5	38.7741961916065	40.0	38.0	41.0	34.0	41.0
6	38.76850175829796	40.0	38.0	41.0	34.0	41.0
7	38.802779321487904	40.0	38.0	41.0	34.0	41.0
8	38.7917581884473	40.0	38.0	41.0	34.0	41.0
9	38.751286052842595	40.0	38.0	41.0	34.0	41.0
10	38.65085749236486	40.0	38.0	41.0	34.0	41.0
11	38.64978132411196	40.0	38.0	41.0	34.0	41.0
12	38.67727189778017	40.0	38.0	41.0	34.0	41.0
13	38.654754457429476	40.0	38.0	41.0	34.0	41.0
14	38.58566909629665	40.0	38.0	41.0	34.0	41.0
15	38.53097129219909	40.0	38.0	41.0	34.0	41.0
16	38.49585648802795	40.0	38.0	41.0	34.0	41.0
17	38.4469679095403	40.0	38.0	41.0	34.0	41.0
18	38.41076093205223	40.0	38.0	41.0	34.0	41.0
19	38.325743410336074	40.0	38.0	41.0	33.0	41.0
20	38.28800722172995	40.0	38.0	41.0	33.0	41.0
21	38.241827174868035	40.0	38.0	41.0	33.0	41.0
22	38.178383560517176	40.0	38.0	41.0	33.0	41.0
23	38.10460534613555	40.0	37.0	41.0	33.0	41.0
24	38.04226225224027	40.0	37.0	41.0	33.0	41.0
25	37.973452576420925	40.0	37.0	41.0	33.0	41.0
26	37.90512657516824	40.0	37.0	41.0	33.0	41.0
27	37.821884926346456	40.0	37.0	41.0	33.0	41.0
28	37.71481510666686	40.0	36.0	41.0	33.0	41.0
29	37.62486166915051	40.0	36.0	41.0	32.0	41.0
30	37.53103806930836	40.0	36.0	41.0	32.0	41.0
31	37.46435354435972	40.0	35.0	41.0	32.0	41.0
32	37.36425710810548	39.0	35.0	41.0	32.0	41.0
33	37.28887754494877	39.0	35.0	41.0	32.0	41.0
34	37.202364200669194	39.0	35.0	41.0	31.0	41.0
35	37.10277862461669	39.0	35.0	41.0	31.0	41.0
36	37.003085643650216	39.0	35.0	41.0	31.0	41.0
37	36.909120594947936	39.0	35.0	41.0	31.0	41.0
38	36.87838339710539	39.0	35.0	41.0	31.0	41.0
39	37.023422043697735	38.0	35.0	41.0	31.0	41.0
>>END_MODULE
>>Per sequence quality scores	pass
#Quality	Count
9	2.0
10	6.0
11	25.0
12	60.0
13	144.0
14	255.0
15	568.0
16	1023.0
17	1738.0
18	3006.0
19	5132.0
20	8267.0
21	12848.0
22	18825.0
23	27560.0
24	37962.0
25	51327.0
26	68004.0
27	86877.0
28	109614.0
29	135904.0
30	167452.0
31	205113.0
32	250909.0
33	313592.0
34	412236.0
35	549369.0
36	755047.0
37	1062129.0
38	1479600.0
39	2214694.0
40	5076009.0
41	3070.0
>>END_MODULE
>>Per base sequence content	pass
#Base	G	A	T	C
1	25.741832803443188	23.197280333750765	23.89118792571843	27.169698937087617
2	25.310040681196966	23.004499720370855	24.250980233592763	27.434479364839415
3	25.942646580541044	22.718552786883688	23.51784108993108	27.820959542644193
4	26.594918032247065	22.851647529894052	22.686075525370057	27.867358912488825
5	26.124591229515907	23.20851451027529	22.909487840248325	27.757406419960475
6	26.085934022224983	22.982291736784546	22.754407193487516	28.177367047502955
7	26.51515308154534	22.87375596045049	22.36508592536877	28.246005032635395
8	26.600110105651037	22.711867418031673	22.869053994270494	27.818968482046795
9	26.226081714505344	22.635648086778385	22.840819223414382	28.297450975301892
10	26.83307185347142	23.30004203435238	21.96162812700853	27.90525798516767
11	26.411633246331647	23.457711059889803	22.509514397933525	27.62114129584503
12	26.262992914810862	23.03227501570449	22.462395183103677	28.24233688638097
13	26.705567395984502	23.171113202745794	22.026230385468565	28.097089015801135
14	26.506668100230296	23.113885526421488	22.439834934950138	27.939611438398078
15	26.167131004971754	22.8441580788777	22.737636336917166	28.251074579233375
16	26.803650104182246	23.010120637595804	22.098214883989705	28.088014374232245
17	26.483012768748193	23.025872990091333	22.48536130130207	28.005752939858407
18	26.268483647304446	22.858493715178934	22.551495144837023	28.3215274926796
19	26.70116408889412	23.030797036107195	22.048583869636992	28.2194550053617
20	26.264095656064807	23.321070697431004	22.73733001990218	27.677503626602007
21	26.17803589070517	22.910529318099268	22.792712136211215	28.118722654984346
22	26.72005619079323	23.214380481112226	21.995445525462717	28.070117802631827
23	26.587796161648697	23.21922794787434	22.521093181099904	27.67188270937706
24	26.483173585181056	22.854626462864765	22.342602256468975	28.3195976954852
25	26.827259488112105	23.007486311266945	21.780426296794996	28.384827903825954
26	26.446024989188928	23.13519753273897	22.337103866050022	28.081673612022083
27	26.266201585542813	22.86475789813535	22.42938186681382	28.439658649508015
28	26.622325747162716	23.17035506813371	21.867382039423457	28.339937145280107
29	26.484965539718715	23.14200542839698	22.446045512428928	27.92698351945538
30	26.376445079235406	22.954355625018046	22.21355855598177	28.45564073976478
31	26.794920069255213	23.16561481232684	21.822384069922375	28.217081048495572
32	26.38247186650521	22.9854391441135	22.423814555066496	28.208274434314795
33	26.371275979607557	22.796954626868736	22.34084093363282	28.490928459890892
34	27.080553027802022	22.829102597591262	21.731093941531892	28.359250433074823
35	27.19518451273425	22.76278496384732	21.67752675353664	28.364503769881793
36	26.45138423154039	22.467775711433127	21.865367975898003	29.215472081128475
37	26.733640128275276	22.235192521136156	21.36392004251775	29.667247308070817
38	28.381039497021334	20.82981149963053	21.046228284802424	29.74292071854571
39	27.04684180938871	22.705619007418456	20.660778891010622	29.586760292182213
>>END_MODULE
>>Per base GC content	pass
#Base	%GC
1	52.911531740530805
2	52.74452004603638
3	53.763606123185234
4	54.46227694473589
5	53.88199764947639
6	54.263301069727945
7	54.761158114180745
8	54.41907858769783
9	54.52353268980723
10	54.73832983863909
11	54.032774542176675
12	54.505329801191834
13	54.80265641178564
14	54.446279538628374
15	54.418205584205126
16	54.89166447841449
17	54.4887657086066
18	54.59001113998404
19	54.92061909425582
20	53.94159928266682
21	54.296758545689514
22	54.790173993425064
23	54.25967887102575
24	54.80277128066626
25	55.212087391938056
26	54.52769860121101
27	54.70586023505083
28	54.96226289244282
29	54.41194905917409
30	54.832085819000184
31	55.012001117750785
32	54.59074630082
33	54.86220443949844
34	55.439803460876846
35	55.55968828261604
36	55.66685631266887
37	56.40088743634609
38	58.12396021556705
39	56.63360210157092
>>END_MODULE
>>Per sequence GC content	pass
#GC Content	Count
0	1571.0
1	1341.5
2	1112.0
3	1112.0
4	1137.5
5	1163.0
6	1244.5
7	1295.0
8	1264.0
9	1450.0
10	1641.5
11	1647.0
12	2197.5
13	2776.0
14	3861.5
15	5002.5
16	5122.5
17	6869.0
18	8787.0
19	12382.5
20	15862.5
21	16123.0
22	21680.0
23	27103.5
24	36781.0
25	46545.0
26	47541.5
27	62508.5
28	76874.5
29	102736.0
30	129517.0
31	130981.0
32	174307.0
33	219807.0
34	222692.5
35	265799.0
36	311634.5
37	382405.5
38	454306.0
39	462442.0
40	535481.0
41	609784.0
42	688051.0
43	765156.5
44	772659.0
45	852230.5
46	931471.5
47	1003301.5
48	1071898.0
49	1075040.5
50	1122555.5
51	1168349.5
52	1169771.0
53	1175969.5
54	1182238.0
55	1148464.5
56	1110863.0
57	1103844.5
58	1054449.5
59	1006063.5
60	932649.5
61	857533.5
62	853100.0
63	786836.5
64	716798.5
65	658550.5
66	603077.0
67	598444.0
68	537604.5
69	478592.5
70	474680.0
71	422620.0
72	371095.0
73	328908.5
74	286389.0
75	283338.0
76	248766.0
77	213578.5
78	185551.5
79	157557.5
80	154944.0
81	133004.5
82	111122.5
83	94258.0
84	78275.0
85	76903.5
86	65198.0
87	54212.0
88	44837.0
89	35688.0
90	35436.5
91	28600.5
92	22016.0
93	21493.0
94	16603.0
95	12236.0
96	8741.5
97	5247.0
98	5247.0
99	3647.0
100	2047.0
>>END_MODULE
>>Per base N content	pass
#Base	N-Count
1	0.0
2	0.0
3	0.0
4	0.0
5	0.0
6	0.0
7	0.0
8	0.0
9	0.0
10	0.0
11	0.0
12	0.0
13	0.0
14	0.0
15	0.0
16	0.0
17	0.0
18	0.0
19	0.0
20	0.0
21	0.0
22	0.0
23	0.0
24	0.0
25	0.0
26	0.0
27	0.0
28	0.0
29	0.0
30	0.0
31	0.0
32	0.0
33	0.0
34	0.0
35	0.0
36	0.0
37	0.0
38	0.0
39	0.0
>>END_MODULE
>>Sequence Length Distribution	warn
#Length	Count
35	396179.0
36	418831.0
37	239667.0
38	151223.0
39	1.1852467E7
>>END_MODULE
>>Sequence Duplication Levels	fail
#Total Duplicate Percentage	79.26592104507374
#Duplication Level	Relative count
1	100.0
2	63.98409054931138
3	36.77774259933513
4	22.710542979262307
5	15.739274972296977
6	12.19922431533956
7	9.709909767294603
8	8.213946493588729
9	6.998971030552477
10++	119.42377710938737
>>END_MODULE
>>Overrepresented sequences	pass
>>END_MODULE
>>Kmer Content	warn
#Sequence	Count	Obs/Exp Overall	Obs/Exp Max	Max Obs/Exp Position
CAGCA	1624975	3.231035	3.6735258	27
CTTCT	1214495	3.0106385	3.4152973	1
>>END_MODULE
