##FastQC	0.10.1
>>Basic Statistics	pass
#Measure	Value	
Filename	Sample_3_L002_shorten.fastq	
File type	Conventional base calls	
Encoding	Sanger / Illumina 1.9	
Total Sequences	15375376	
Filtered Sequences	0	
Sequence length	8-39	
%GC	52	
>>END_MODULE
>>Per base sequence quality	pass
#Base	Mean	Median	Lower Quartile	Upper Quartile	10th Percentile	90th Percentile
1	37.608794217455234	39.0	37.0	39.0	35.0	39.0
2	38.97298544113653	41.0	38.0	41.0	35.0	41.0
3	38.944432253234005	41.0	38.0	41.0	35.0	41.0
4	38.91537728898467	41.0	38.0	41.0	35.0	41.0
5	38.90268101410983	40.0	38.0	41.0	35.0	41.0
6	38.899214172063175	40.0	38.0	41.0	35.0	41.0
7	38.92535376045438	41.0	39.0	41.0	35.0	41.0
8	38.844163420783985	40.0	38.0	41.0	35.0	41.0
9	38.84582164394486	40.0	38.0	41.0	35.0	41.0
10	38.85065858565401	40.0	38.0	41.0	35.0	41.0
11	38.826924789238504	40.0	38.0	41.0	35.0	41.0
12	38.80279463930443	40.0	38.0	41.0	34.0	41.0
13	38.769731088997524	40.0	38.0	41.0	34.0	41.0
14	38.71319574183214	40.0	38.0	41.0	34.0	41.0
15	38.66069280906113	40.0	38.0	41.0	34.0	41.0
16	38.61124111181248	40.0	38.0	41.0	34.0	41.0
17	38.56717342887324	40.0	38.0	41.0	34.0	41.0
18	38.530566982944784	40.0	38.0	41.0	34.0	41.0
19	38.4856992544828	40.0	38.0	41.0	34.0	41.0
20	38.43030020621206	40.0	38.0	41.0	34.0	41.0
21	38.36574593385145	40.0	38.0	41.0	34.0	41.0
22	38.310198225707076	40.0	38.0	41.0	33.0	41.0
23	38.242290787467994	40.0	38.0	41.0	33.0	41.0
24	38.037136743774326	40.0	37.0	41.0	33.0	41.0
25	38.04184162891875	40.0	37.0	41.0	33.0	41.0
26	38.001987056601294	40.0	37.0	41.0	33.0	41.0
27	37.93521360882815	40.0	37.0	41.0	33.0	41.0
28	37.85625303640121	40.0	37.0	41.0	33.0	41.0
29	37.79452192635706	40.0	37.0	41.0	33.0	41.0
30	37.65733196074819	40.0	36.0	41.0	33.0	41.0
31	37.62028316917634	40.0	36.0	41.0	33.0	41.0
32	37.54455016177323	40.0	36.0	41.0	32.0	41.0
33	37.47591697823436	39.0	35.0	41.0	32.0	41.0
34	37.39538110077332	39.0	35.0	41.0	32.0	41.0
35	37.31649079458203	39.0	35.0	41.0	32.0	41.0
36	37.23975045527512	39.0	35.0	41.0	32.0	41.0
37	37.13317284776655	39.0	35.0	41.0	32.0	41.0
38	37.1122735726589	39.0	35.0	41.0	32.0	41.0
39	37.24949067114823	39.0	35.0	41.0	32.0	41.0
>>END_MODULE
>>Per sequence quality scores	pass
#Quality	Count
8	1.0
9	4.0
10	9.0
11	25.0
12	80.0
13	171.0
14	334.0
15	627.0
16	1122.0
17	1787.0
18	3222.0
19	5464.0
20	9191.0
21	14800.0
22	22573.0
23	32744.0
24	44947.0
25	59935.0
26	77839.0
27	99075.0
28	122910.0
29	150149.0
30	183756.0
31	223148.0
32	271586.0
33	339875.0
34	452732.0
35	607033.0
36	840669.0
37	1202197.0
38	1708995.0
39	2602812.0
40	6290635.0
41	4929.0
>>END_MODULE
>>Per base sequence content	pass
#Base	G	A	T	C
1	24.932964223564802	24.398882836785997	24.491921236117083	26.176231703532117
2	24.50269834051538	23.803684540787813	25.00913798791002	26.684479130786787
3	25.292355661150157	23.73231464748967	23.904063415730292	27.07126627562988
4	25.720037769487753	23.713387394674108	23.50000071542975	27.066574120408387
5	25.231782979718087	24.2022210321518	23.422200981907825	27.143795006222287
6	25.234342297539207	23.939232169472064	23.550467591938588	27.275957941050144
7	25.483666283499833	24.09602524140226	23.117018161639518	27.30329031345839
8	25.681178596447708	23.619531051376768	23.772151739017975	26.92713861315755
9	25.44827445346559	23.84309083432237	23.294725354125468	27.41390935808657
10	25.739037840200414	24.360684125353824	22.902301629562217	26.997976404883545
11	25.46214896592393	24.705326804096536	23.07112570104301	26.761398528936525
12	25.542386363236737	24.07109957162389	23.115038959445524	27.27147510569385
13	25.809670669651947	24.400654589863628	22.660845918990432	27.128828821493993
14	25.58057289439486	24.060167426870485	23.093939400653458	27.265320278081195
15	25.447757749961735	23.91955000903455	23.201394579843907	27.43129766115981
16	25.82431718327131	24.016939490760098	22.929842969222452	27.228900356746138
17	25.576838537909552	24.039480772918374	23.135738148006592	27.247942541165482
18	25.472520711690194	23.815742111364276	23.09784474174045	27.613892435205084
19	25.79099468813082	24.062186526948647	22.781646868712183	27.365171916208347
20	25.35781929546937	24.211570078716818	23.320693644003697	27.109916981810116
21	25.43161277307219	23.861275236937786	23.25624377487072	27.450868215119307
22	25.799103059218304	24.262076342198853	22.731621242052576	27.20719935653027
23	25.713827367741466	24.212669622644036	23.040372255807593	27.0331307538069
24	25.844173824009502	23.87523672243071	22.729517152914518	27.551072300645263
25	25.959916168346624	24.035105371095366	22.419214098843394	27.58576436171461
26	25.62900539758951	24.058587078680162	22.851576588580862	27.460830935149467
27	25.59108048633622	23.87186504512723	22.82924402566975	27.707810442866798
28	25.672655197199518	24.211765092394725	22.45846529019012	27.65711442021564
29	25.541504120058917	24.134020289168845	22.939564612538472	27.38491097823377
30	25.6492726276279	23.97207197306518	22.63270993121534	27.745945468091577
31	25.750591776524306	24.27466351900593	22.538798828899193	27.43594587557057
32	25.408259355512325	24.01861769603584	23.071973645181885	27.50114930326995
33	25.49456869496328	23.778127104673384	22.744407413283515	27.982896787079813
34	25.952672308868813	23.92464891856331	22.54523109861185	27.57744767395603
35	25.878327319803574	23.943467181616178	22.737842789037305	27.440362709542942
36	25.16469616360906	24.013884387402445	22.776276709849352	28.045142739139138
37	25.112888770833475	24.07682190243229	22.63259081473428	28.17769851199996
38	26.215968221856617	23.194978254395366	22.772322160763668	27.816731362984342
39	25.781369518308573	24.228664354204206	21.815535446903382	28.174430680583836
>>END_MODULE
>>Per base GC content	pass
#Base	%GC
1	51.10919592709692
2	51.18717747130217
3	52.363621936780035
4	52.78661188989614
5	52.37557798594037
6	52.510300238589345
7	52.78695659695822
8	52.60831720960526
9	52.86218381155216
10	52.737014245083955
11	52.223547494860455
12	52.81386146893059
13	52.93849949114594
14	52.84589317247605
15	52.87905541112154
16	53.05321754001745
17	52.82478107907503
18	53.086413146895275
19	53.15616660433917
20	52.467736277279485
21	52.882480988191496
22	53.00630241574857
23	52.746958121548374
24	53.39524612465477
25	53.54568053006123
26	53.08983633273898
27	53.29889092920301
28	53.32976961741516
29	52.926415098292686
30	53.39521809571948
31	53.18653765209488
32	52.909408658782276
33	53.477465482043094
34	53.53011998282484
35	53.31869002934651
36	53.20983890274821
37	53.290587282833435
38	54.03269958484096
39	53.95580019889241
>>END_MODULE
>>Per sequence GC content	pass
#GC Content	Count
0	47108.0
1	45275.5
2	40775.5
3	31887.0
4	22652.0
5	16092.5
6	9104.5
7	5465.5
8	5079.0
9	5445.0
10	5974.0
11	5949.0
12	7450.0
13	9058.0
14	13860.0
15	18696.0
16	18909.5
17	21538.5
18	24375.5
19	32124.5
20	39618.0
21	40149.5
22	53544.5
23	66559.0
24	88789.5
25	111149.0
26	112323.5
27	136813.5
28	160785.5
29	203851.5
30	247941.5
31	249693.5
32	314735.0
33	381265.5
34	383615.5
35	442589.5
36	503222.0
37	589022.0
38	676182.5
39	681877.0
40	764361.5
41	847700.0
42	917386.0
43	987084.0
44	991233.0
45	1060700.0
46	1131872.5
47	1182354.5
48	1230047.5
49	1231238.0
50	1263004.5
51	1294685.5
52	1295726.5
53	1277034.0
54	1256892.5
55	1206151.0
56	1154761.0
57	1150274.5
58	1094347.5
59	1040244.5
60	966175.0
61	890948.0
62	888558.0
63	819805.5
64	750217.5
65	694099.5
66	639466.5
67	637970.0
68	577952.0
69	519249.0
70	516706.5
71	460257.5
72	403526.0
73	357695.0
74	312735.0
75	310106.0
76	271179.0
77	232654.5
78	202527.0
79	171780.0
80	169899.5
81	146272.5
82	122712.5
83	104590.5
84	86677.0
85	85412.0
86	72760.5
87	60526.5
88	50287.0
89	40095.5
90	39466.0
91	31971.5
92	24679.5
93	24025.5
94	18985.0
95	14237.0
96	10616.5
97	7112.5
98	6851.5
99	5129.0
100	3607.0
>>END_MODULE
>>Per base N content	pass
#Base	N-Count
1	2.6015623943115278E-5
2	0.0
3	7.1542965843567E-5
4	1.3007811971557639E-5
5	1.3007811971557639E-5
6	2.6015623943115278E-5
7	1.3007811971557639E-5
8	1.9511717957336456E-5
9	8.065759355467772E-4
10	5.857189612391366E-5
11	6.313537291396171E-4
12	0.0017713557448909086
13	8.662656486330131E-4
14	1.7594765570276002E-4
15	0.012807082388254296
16	0.0070883784502861445
17	0.00229579611034744
18	0.010152846007164934
19	6.069551975042002E-4
20	0.0015081999066091278
21	0.008293497878072651
22	9.863860435389493E-4
23	0.010944042945077892
24	0.012535598682023624
25	0.00639346438889365
26	0.005754656121695283
27	0.015169209291719594
28	0.008618406035946801
29	0.0072538363497857495
30	0.019858892446439957
31	0.00913343203297215
32	0.003155686757478715
33	0.004051578365569648
34	0.006739415091095523
35	0.006752705740473829
36	0.005201032331001224
37	0.01892836192347622
38	0.0
39	0.0
>>END_MODULE
>>Sequence Length Distribution	warn
#Length	Count
8	1746.0
9	7899.0
10	1919.0
11	8342.0
12	2212.0
13	7785.0
14	2400.0
15	8113.0
16	2588.0
17	6620.0
18	3369.0
19	6111.0
20	3071.0
21	4793.0
22	3278.0
23	4704.0
24	3555.0
25	4906.0
26	4418.0
27	6299.0
28	6572.0
29	11992.0
30	11024.0
31	9336.0
32	13691.0
33	19598.0
34	74361.0
35	253013.0
36	332066.0
37	50573.0
38	157600.0
39	1.4341422E7
>>END_MODULE
>>Sequence Duplication Levels	fail
#Total Duplicate Percentage	76.38244116146217
#Duplication Level	Relative count
1	100.0
2	52.27655986509275
3	28.769673974142776
4	18.244097807757168
5	12.939151208544127
6	10.184794828555368
7	8.459808881394041
8	6.928049465992131
9	6.06379988757729
10++	107.45503091624508
>>END_MODULE
>>Overrepresented sequences	pass
>>END_MODULE
>>Kmer Content	warn
#Sequence	Count	Obs/Exp Overall	Obs/Exp Max	Max Obs/Exp Position
AAAAA	2163045	5.073853	5.58748	11
TTCTT	1522360	3.700075	4.1519885	1
TTTTT	1275040	3.6784856	4.5790377	1
CTTCT	1623280	3.3237975	3.633746	3
CAGCA	1868905	3.1758718	3.4746194	27
TCTTC	1524425	3.121384	3.4493527	6
ATATA	860645	2.1930351	5.5829124	1
TATAT	749690	1.99103	5.5225015	2
>>END_MODULE
