##FastQC	0.10.1
>>Basic Statistics	pass
#Measure	Value	
Filename	Sample_7_L001_poly.fastq	
File type	Conventional base calls	
Encoding	Sanger / Illumina 1.9	
Total Sequences	16723384	
Filtered Sequences	0	
Sequence length	20-39	
%GC	52	
>>END_MODULE
>>Per base sequence quality	pass
#Base	Mean	Median	Lower Quartile	Upper Quartile	10th Percentile	90th Percentile
1	37.491886689918736	39.0	37.0	39.0	34.0	39.0
2	38.830455785742885	40.0	38.0	41.0	34.0	41.0
3	38.796401613453355	40.0	38.0	41.0	34.0	41.0
4	38.721206306092114	40.0	38.0	41.0	34.0	41.0
5	38.741009833894864	40.0	38.0	41.0	34.0	41.0
6	38.745098001696306	40.0	38.0	41.0	34.0	41.0
7	38.78648125283735	40.0	38.0	41.0	34.0	41.0
8	38.77737119472949	40.0	38.0	41.0	34.0	41.0
9	38.73608433556271	40.0	38.0	41.0	34.0	41.0
10	38.63668645054135	40.0	38.0	41.0	34.0	41.0
11	38.63786348504585	40.0	38.0	41.0	34.0	41.0
12	38.663305644360015	40.0	38.0	41.0	34.0	41.0
13	38.63736412439014	40.0	38.0	41.0	34.0	41.0
14	38.57071756529659	40.0	38.0	41.0	34.0	41.0
15	38.517362514668086	40.0	38.0	41.0	34.0	41.0
16	38.48293276049871	40.0	38.0	41.0	34.0	41.0
17	38.437356637867076	40.0	38.0	41.0	34.0	41.0
18	38.40444439953062	40.0	38.0	41.0	34.0	41.0
19	38.32080749924776	40.0	38.0	41.0	33.0	41.0
20	38.283700834711446	40.0	38.0	41.0	33.0	41.0
21	38.24187285225834	40.0	38.0	41.0	33.0	41.0
22	38.182473308852764	40.0	38.0	41.0	33.0	41.0
23	38.11507484916175	40.0	37.0	41.0	33.0	41.0
24	38.059972707899945	40.0	37.0	41.0	33.0	41.0
25	37.99997934289943	40.0	37.0	41.0	33.0	41.0
26	37.94281068694169	40.0	37.0	41.0	33.0	41.0
27	37.870699608961516	40.0	37.0	41.0	33.0	41.0
28	37.775442941347016	40.0	37.0	41.0	33.0	41.0
29	37.69574500482522	40.0	36.0	41.0	32.0	41.0
30	37.613458188650675	40.0	36.0	41.0	32.0	41.0
31	37.55611953025674	40.0	36.0	41.0	32.0	41.0
32	37.4672105249908	40.0	36.0	41.0	32.0	41.0
33	37.40503419581297	39.0	35.0	41.0	32.0	41.0
34	37.33276141822193	39.0	35.0	41.0	32.0	41.0
35	37.25080879133303	39.0	35.0	41.0	32.0	41.0
36	37.16516173223234	39.0	35.0	41.0	31.0	41.0
37	37.05443398927302	39.0	35.0	41.0	31.0	41.0
38	37.01905853109202	39.0	35.0	41.0	31.0	41.0
39	37.16739239507042	39.0	35.0	41.0	32.0	41.0
>>END_MODULE
>>Per sequence quality scores	pass
#Quality	Count
9	1.0
10	12.0
11	37.0
12	101.0
13	199.0
14	403.0
15	738.0
16	1406.0
17	2596.0
18	4088.0
19	7135.0
20	11632.0
21	18078.0
22	27372.0
23	39413.0
24	54823.0
25	73142.0
26	94074.0
27	118413.0
28	145367.0
29	178107.0
30	215432.0
31	259846.0
32	315647.0
33	390365.0
34	509835.0
35	673429.0
36	918156.0
37	1291241.0
38	1819986.0
39	2784612.0
40	6762195.0
41	5503.0
>>END_MODULE
>>Per base sequence content	pass
#Base	G	A	T	C
1	24.74984478258709	24.162078611557742	25.10808113007724	25.979995475777923
2	24.411772549780313	23.955656566514254	25.304702195931945	26.32786868777349
3	25.06670898665007	23.573590129844536	24.555921217858778	26.803779665646616
4	25.591442197177074	23.766790791635888	23.762232124460947	26.87953488672609
5	25.187538333307124	24.144740827228656	23.84040045490801	26.82732038455621
6	25.04315065916986	24.0602813437927	23.82370839679986	27.07285960023758
7	25.42402901230995	23.87950309578492	23.562115179559353	27.134352712345777
8	25.534313370521595	23.706195978695455	24.009986259355838	26.749504391427116
9	25.184729667896804	23.66829959249806	23.900740975674978	27.246229763930156
10	25.65688456160875	24.37465833511628	23.201394130258592	26.76706297301638
11	25.32132570855618	24.502286440523307	23.64598196512259	26.530405885797926
12	25.254480720959993	24.131590949168196	23.563254509303718	27.050673820568093
13	25.695755276163485	24.21253774582436	23.17260399561739	26.91910298239476
14	25.45900703577781	24.175719959036993	23.46263453169939	26.90263847348581
15	25.209515659460894	23.87645842937	23.70565393145444	27.208371979714663
16	25.65379768313448	24.110159495665407	23.293614642087782	26.942428179112333
17	25.461620347066027	24.009448454651928	23.598909966646254	26.9300212316358
18	25.237625635607763	23.863542048119026	23.600359353536764	27.29847296273644
19	25.581254617806476	24.01494369415429	23.254197076320068	27.149604611719163
20	25.24932610001962	24.291930379983377	23.718133974407618	26.74060954558939
21	25.18257118288949	23.92000235890204	23.827344878117312	27.070081580091156
22	25.604716199161782	24.2581597358804	23.1591929599217	26.977931105036117
23	25.633385819760115	24.184906457984848	23.51885825026307	26.662849471991972
24	25.509209449015724	23.861405672718426	23.272682846647736	27.356702031618113
25	25.67069953727763	24.061790684129367	22.953195863288258	27.31431391530475
26	25.533636602877102	24.033028052961964	23.329869398245165	27.103465945915765
27	25.320896059540885	23.878803344907627	23.362865685581824	27.437434909969667
28	25.54099314440678	24.168615174487773	22.935500718085926	27.354890963019518
29	25.46680999763516	24.06785652978199	23.380774203306697	27.084559269276156
30	25.42154064617298	23.91024684677775	23.22627979943346	27.441932707615805
31	25.61383164068068	24.14716616932078	23.020585529042677	27.218416660955867
32	25.337532858859944	23.94262591890972	23.533593192677777	27.186248029552555
33	25.380907173358686	23.68535080217525	23.269229689764245	27.66451233470181
34	25.903613436555577	23.757359344028288	22.880510736265595	27.45851648315054
35	25.890757281354247	23.75609969321745	23.087877583921987	27.265265441506315
36	25.343194245166906	23.484078426281084	23.046094633022367	28.12663269552964
37	25.926111575989562	22.77202245570682	22.26330094376376	29.038565024539853
38	27.0831587744995	21.93599843173709	22.47043170968587	28.510411084077546
39	26.511159628578014	23.037477909606157	21.51379164003818	28.93757082177765
>>END_MODULE
>>Per base GC content	pass
#Base	%GC
1	50.72984025836501
2	50.7396412375538
3	51.870488652296686
4	52.47097708390317
5	52.01485871786333
6	52.11601025940744
7	52.558381724655725
8	52.283817761948704
9	52.43095943182696
10	52.42394753462513
11	51.85173159435411
12	52.30515454152809
13	52.61485825855825
14	52.361645509263624
15	52.417887639175554
16	52.59622586224681
17	52.39164157870182
18	52.5360985983442
19	52.73085922952564
20	51.98993564560901
21	52.252652762980645
22	52.58264730419789
23	52.29623529175208
24	52.86591148063384
25	52.98501345258237
26	52.63710254879287
27	52.758330969510546
28	52.895884107426305
29	52.551369266911315
30	52.86347335378879
31	52.83224830163654
32	52.52378088841251
33	53.0454195080605
34	53.36212991970611
35	53.15602272286056
36	53.46982694069655
37	54.964676600529415
38	55.59356985857704
39	55.44873045035567
>>END_MODULE
>>Per sequence GC content	pass
#GC Content	Count
0	5032.0
1	3582.0
2	1601.5
3	1065.5
4	1142.5
5	1186.5
6	1394.5
7	1625.0
8	1617.5
9	2182.5
10	2906.0
11	3112.0
12	4403.5
13	5984.5
14	8943.5
15	11903.5
16	13454.0
17	19404.5
18	24803.0
19	32612.5
20	39421.5
21	40355.0
22	53925.0
23	66596.0
24	90121.0
25	113903.5
26	117021.0
27	145684.5
28	172860.0
29	219240.5
30	267358.0
31	271322.0
32	342709.5
33	417331.5
34	423675.0
35	495704.5
36	569710.0
37	669040.0
38	772111.0
39	783993.5
40	881669.5
41	979048.5
42	1061767.5
43	1146136.0
44	1154387.5
45	1233391.0
46	1313435.5
47	1367800.5
48	1418024.5
49	1417508.0
50	1440907.5
51	1461772.5
52	1459193.5
53	1428620.5
54	1394506.5
55	1327558.5
56	1260346.5
57	1249545.5
58	1177972.5
59	1110218.5
60	1022276.0
61	933541.0
62	928475.5
63	850871.0
64	771760.5
65	709546.5
66	649480.5
67	646640.0
68	584235.5
69	523905.5
70	521177.5
71	465422.0
72	409424.5
73	360845.0
74	312717.5
75	309363.5
76	271947.0
77	235095.5
78	204253.0
79	172390.0
80	169800.5
81	145716.5
82	121787.5
83	104218.5
84	86857.0
85	85493.0
86	72113.0
87	59115.0
88	49728.5
89	40478.5
90	39787.5
91	32066.0
92	24689.0
93	24013.0
94	18879.0
95	14182.0
96	10439.5
97	6805.0
98	6575.5
99	4551.5
100	2757.0
>>END_MODULE
>>Per base N content	pass
#Base	N-Count
1	4.0063661756496174E-4
2	3.5877906050593583E-5
3	0.0
4	0.047669777839222015
5	1.7938953025296792E-5
6	5.9796510084322645E-6
7	0.0
8	2.9898255042161324E-5
9	1.674302282361034E-4
10	7.534360270624653E-4
11	5.979651008432265E-5
12	8.969476512648397E-5
13	6.577616109275491E-5
14	1.1959302016864529E-5
15	0.0010225203224419172
16	0.002146694712027183
17	0.0013514011279056918
18	1.195930201686453E-4
19	4.544534766408521E-4
20	0.0012258284567286143
21	0.0014653208203308538
22	0.004109873735346385
23	0.00752770080201728
24	0.004022346529223724
25	0.004598450214501536
26	0.007230069806413832
27	0.006292476840538987
28	0.004341489316728136
29	0.004135299559239487
30	0.010001119115612576
31	0.009276805621623885
32	0.006058841590442304
33	0.007646681086927133
34	0.005703207963664148
35	0.007392466021057968
36	0.006359628003741591
37	0.008725277614716408
38	0.0
39	0.0
>>END_MODULE
>>Sequence Length Distribution	warn
#Length	Count
20	3496.0
21	4046.0
22	4232.0
23	4944.0
24	5387.0
25	7111.0
26	7575.0
27	10288.0
28	14876.0
29	23291.0
30	16037.0
31	18267.0
32	34554.0
33	52260.0
34	135477.0
35	421490.0
36	716985.0
37	61940.0
38	183093.0
39	1.4998035E7
>>END_MODULE
>>Sequence Duplication Levels	fail
#Total Duplicate Percentage	78.00092048157532
#Duplication Level	Relative count
1	100.0
2	61.72059829895395
3	36.910743963241764
4	22.936748460260045
5	16.30657933326816
6	12.116531430247337
7	9.66076840355851
8	8.145468765275197
9	6.89412454785414
10++	116.35350474142145
>>END_MODULE
>>Overrepresented sequences	pass
>>END_MODULE
>>Kmer Content	warn
#Sequence	Count	Obs/Exp Overall	Obs/Exp Max	Max Obs/Exp Position
AAAAA	1871220	4.1546283	5.0793457	11
TTCTT	1645140	3.462493	3.9598348	1
CAGCA	1962390	3.1566074	3.487779	27
CTTCT	1734690	3.1491566	3.3841376	10
TTTTT	1274805	3.1105957	4.1010475	1
TCTTC	1657745	3.0094705	3.2748573	18
>>END_MODULE
