##FastQC	0.10.1
>>Basic Statistics	pass
#Measure	Value	
Filename	Sample_1_L001_shorten.fastq	
File type	Conventional base calls	
Encoding	Sanger / Illumina 1.9	
Total Sequences	90028	
Filtered Sequences	0	
Sequence length	8-39	
%GC	51	
>>END_MODULE
>>Per base sequence quality	pass
#Base	Mean	Median	Lower Quartile	Upper Quartile	10th Percentile	90th Percentile
1	37.60753321188963	39.0	37.0	39.0	35.0	39.0
2	38.963544674990004	40.0	38.0	41.0	35.0	41.0
3	38.93146576620607	40.0	38.0	41.0	35.0	41.0
4	38.83747278624428	40.0	38.0	41.0	35.0	41.0
5	38.88471364464389	40.0	38.0	41.0	35.0	41.0
6	38.8986315368552	40.0	38.0	41.0	35.0	41.0
7	38.93482027813569	40.0	39.0	41.0	35.0	41.0
8	38.93091038343626	40.0	38.0	41.0	35.0	41.0
9	38.899293443242165	40.0	38.0	41.0	35.0	41.0
10	38.796253890618054	40.0	38.0	41.0	34.0	41.0
11	38.80261499157714	40.0	38.0	41.0	34.0	41.0
12	38.807104936179826	40.0	38.0	41.0	34.0	41.0
13	38.79700391533791	40.0	38.0	41.0	34.0	41.0
14	38.77993748223927	40.0	38.0	41.0	34.0	41.0
15	38.72092071145885	40.0	38.0	41.0	34.0	41.0
16	38.702933915793544	40.0	38.0	41.0	34.0	41.0
17	38.648358276902066	40.0	38.0	41.0	34.0	41.0
18	38.62950606881789	40.0	38.0	41.0	34.0	41.0
19	38.56044919761734	40.0	38.0	41.0	34.0	41.0
20	38.54309775052989	40.0	38.0	41.0	34.0	41.0
21	38.486747262773726	40.0	38.0	41.0	34.0	41.0
22	38.445238394192245	40.0	38.0	41.0	34.0	41.0
23	38.374428806433926	40.0	38.0	41.0	34.0	41.0
24	38.31524497587965	40.0	38.0	41.0	33.0	41.0
25	38.27444719131987	40.0	38.0	41.0	33.0	41.0
26	38.219754898027034	40.0	38.0	41.0	33.0	41.0
27	38.14649769267856	40.0	37.0	41.0	33.0	41.0
28	38.072251742460836	40.0	37.0	41.0	33.0	41.0
29	37.98132662829725	40.0	37.0	41.0	33.0	41.0
30	37.91960983727811	40.0	37.0	41.0	33.0	41.0
31	37.86965888689407	40.0	37.0	41.0	33.0	41.0
32	37.77126362010083	40.0	36.0	41.0	33.0	41.0
33	37.70589331252838	40.0	36.0	41.0	33.0	41.0
34	37.65476399265729	40.0	36.0	41.0	33.0	41.0
35	37.572770174055286	39.0	35.0	41.0	33.0	41.0
36	37.473545988727665	39.0	35.0	41.0	32.0	41.0
37	37.389987601124496	39.0	35.0	41.0	32.0	41.0
38	37.373534193929835	39.0	35.0	41.0	32.0	41.0
39	37.4785119543978	39.0	35.0	41.0	32.0	41.0
>>END_MODULE
>>Per sequence quality scores	pass
#Quality	Count
13	2.0
14	1.0
15	2.0
16	3.0
17	5.0
18	11.0
19	22.0
20	45.0
21	78.0
22	117.0
23	164.0
24	221.0
25	291.0
26	395.0
27	475.0
28	644.0
29	827.0
30	981.0
31	1294.0
32	1578.0
33	1879.0
34	2590.0
35	3501.0
36	4784.0
37	6751.0
38	9793.0
39	15068.0
40	38488.0
41	18.0
>>END_MODULE
>>Per base sequence content	pass
#Base	G	A	T	C
1	23.686227465093808	24.881424461550424	25.467915181001256	25.964432892354516
2	24.591238281423557	25.30101746123428	25.258808370729106	24.848935886613056
3	25.96081219176256	25.188830141733682	24.046963167014706	24.80339449948905
4	24.96248958043901	25.265907196443454	24.706863017504862	25.06474020561267
5	24.846714355533834	25.94081841204958	23.60043542009153	25.612031812325053
6	25.65313013729062	24.356866752565868	23.99253565557382	25.99746745456969
7	25.14217798907007	23.662638290309683	23.958101923845916	27.237081796774337
8	24.94112942640068	24.76562847114231	25.141067223530456	25.15217487892656
9	25.666007509942894	23.9696047281534	23.86850934299109	26.495878418912618
10	25.960426856380614	24.732103156958647	23.766118274788795	25.541351711871947
11	24.77883017057688	25.751642736816272	23.904191349554313	25.565335743052536
12	24.98701005308935	24.919236417033773	24.02801310290297	26.065740426973903
13	25.222720308687514	25.251092322533054	23.625943369460366	25.900243999319073
14	25.168513782324524	24.53537936913896	24.073884626314292	26.222222222222225
15	24.564436155210846	24.09020606832552	24.448437428922347	26.896920347541283
16	25.32935902978452	24.572800291246672	23.674031263509978	26.423809415458827
17	25.553127560775746	24.38996631157243	24.14754620777565	25.909359919876174
18	24.8787375037005	24.10789515633184	24.030469337098353	26.98289800286931
19	25.392649286454592	24.138677236022367	24.113620573797565	26.35505290372547
20	24.813966474080658	24.84701377730676	24.516540745045752	25.82247900356683
21	25.17992175827184	24.866270515642643	23.902505788291116	26.051301937794403
22	25.22402200837871	25.17493693138363	23.298288871385683	26.30275218885198
23	25.35875874045976	24.636671084502538	23.95571500388465	26.048855171153058
24	24.94826975180913	25.021435185714445	23.802773427228974	26.22752163524745
25	25.13220245862235	25.04979053636426	23.63047409747499	26.1875329075384
26	25.40072003485519	24.622211011488453	23.909055470201103	26.06801348345525
27	24.852193279529775	24.593890272882778	23.893602121528694	26.660314326058753
28	25.488549706122544	25.071025177994272	23.096122657894433	26.34430245798875
29	25.174462195051618	24.948382259645886	23.83182421131553	26.045331333986965
30	24.835581446420935	24.818243813354602	23.838089624004528	26.50808511621993
31	25.508844687974236	24.831157397217428	23.77234340789824	25.887654506910096
32	25.392657992565056	24.838522304832715	24.00557620817844	25.763243494423794
33	25.20060092934422	24.640432296458474	23.49796778739213	26.660998986805172
34	25.504846762783412	24.709720419546077	22.99902947813987	26.78640333953064
35	25.393705421247148	24.84640192085874	23.522280548951297	26.23761210894282
36	24.570051090163343	24.874673190856537	23.50507303734619	27.050202681633927
37	24.88091145705446	25.02087118793891	23.364681039139615	26.733536315867013
38	25.380616870319272	23.982558139534884	23.74113125739062	26.89569373275522
39	25.16833235839546	25.07249803975257	23.040063723598887	26.71910587825308
>>END_MODULE
>>Per base GC content	pass
#Base	%GC
1	49.650660357448324
2	49.44017416803661
3	50.764206691251616
4	50.027229786051684
5	50.45874616785889
6	51.65059759186031
7	52.379259785844404
8	50.09330430532724
9	52.16188592885551
10	51.501778568252554
11	50.34416591362941
12	51.05275048006326
13	51.12296430800658
14	51.390736004546746
15	51.46135650275213
16	51.75316844524335
17	51.462487480651916
18	51.861635506569804
19	51.747702190180064
20	50.636445477647484
21	51.231223696066245
22	51.52677419723069
23	51.40761391161281
24	51.17579138705658
25	51.31973536616074
26	51.46873351831044
27	51.51250760558853
28	51.8328521641113
29	51.21979352903858
30	51.34366656264086
31	51.39649919488433
32	51.15590148698885
33	51.861599916149395
34	52.291250102314045
35	51.63131753018997
36	51.62025377179727
37	51.61444777292148
38	52.27631060307449
39	51.88743823664854
>>END_MODULE
>>Per sequence GC content	pass
#GC Content	Count
0	58.0
1	54.5
2	44.5
3	35.0
4	28.0
5	21.5
6	17.5
7	16.5
8	16.5
9	20.5
10	26.5
11	27.0
12	36.5
13	50.5
14	111.0
15	173.5
16	180.5
17	205.0
18	230.5
19	280.0
20	329.0
21	346.0
22	439.5
23	652.5
24	968.0
25	1165.5
26	1189.0
27	1366.5
28	1550.5
29	1891.5
30	2218.0
31	2224.0
32	2544.0
33	2875.5
34	2907.5
35	3316.0
36	3731.5
37	4253.0
38	4834.5
39	4957.5
40	5472.0
41	6092.5
42	6643.0
43	7094.0
44	7159.0
45	7614.0
46	8025.0
47	8126.5
48	8281.0
49	8289.5
50	8102.5
51	7952.0
52	8002.0
53	7948.5
54	7828.5
55	7290.0
56	6762.0
57	6720.5
58	6337.5
59	5902.0
60	5309.5
61	4740.5
62	4667.0
63	4252.0
64	3845.0
65	3480.0
66	3160.5
67	3169.0
68	2832.5
69	2482.0
70	2441.0
71	2165.5
72	1872.5
73	1612.0
74	1377.5
75	1379.0
76	1235.0
77	1073.5
78	880.0
79	694.0
80	679.0
81	599.0
82	528.0
83	445.0
84	362.5
85	357.5
86	320.5
87	285.0
88	224.5
89	164.5
90	158.5
91	134.0
92	112.0
93	111.0
94	81.0
95	53.5
96	45.0
97	34.5
98	31.5
99	23.0
100	17.0
>>END_MODULE
>>Per base N content	pass
#Base	N-Count
1	0.0011107655396098992
2	0.0
3	0.0
4	0.058870573599324655
5	0.0
6	0.0
7	0.0
8	0.0
9	0.0
10	0.0
11	0.0
12	0.0
13	0.0
14	0.0
15	0.0
16	0.00568808800609763
17	0.0011381095999544756
18	0.0
19	0.0
20	0.0011395491943387195
21	0.0034215328467153286
22	0.0045658451950186625
23	0.013708645585816122
24	0.005715722810306591
25	0.006867188572998215
26	0.012610485045111145
27	0.008035447804026907
28	0.005750695834195938
29	0.006920335405589324
30	0.012712647928994084
31	0.013899345572479295
32	0.006969774411634877
33	0.011644561407594583
34	0.0070153284927566735
35	0.012945288503406965
36	0.009593476436023504
37	0.008593280054996991
38	0.0
39	0.0
>>END_MODULE
>>Sequence Length Distribution	warn
#Length	Count
8	14.0
9	54.0
10	323.0
11	1107.0
12	415.0
13	140.0
14	43.0
15	29.0
16	38.0
17	39.0
18	25.0
19	47.0
20	74.0
21	73.0
22	71.0
23	58.0
24	106.0
25	143.0
26	115.0
27	168.0
28	245.0
29	173.0
30	193.0
31	249.0
32	209.0
33	350.0
34	554.0
35	1583.0
36	1931.0
37	275.0
38	837.0
39	80347.0
>>END_MODULE
>>Sequence Duplication Levels	warn
#Total Duplicate Percentage	30.048763148833128
#Duplication Level	Relative count
1	100.0
2	12.501786423183804
3	2.3596665343390235
4	0.6510520047637952
5	0.2985311631599841
6	0.10639142516871775
7	0.08098451766574037
8	0.04128622469233823
9	0.031758634378721715
10++	0.19213973799126638
>>END_MODULE
>>Overrepresented sequences	warn
#Sequence	Count	Percentage	Possible Source
CTGTAGCTCTA	265	0.29435286799662325	No Hit
AGAACTTTGTA	257	0.28546674367974406	No Hit
CTGTAGCTCA	188	0.20882392144666104	No Hit
CTGTAGCTCGA	95	0.10552272626294043	No Hit
>>END_MODULE
>>Kmer Content	warn
#Sequence	Count	Obs/Exp Overall	Obs/Exp Max	Max Obs/Exp Position
AAAAA	12100	4.226824	5.877727	14
TTTTT	8385	3.4664493	10.115393	15
TTCTT	7910	3.0027554	4.072248	9
AGCAG	7925	2.5662794	6.6934094	5
AGAAA	6380	2.2018678	7.607372	2
CAAAA	6620	2.1962361	7.2565713	1
AAAAG	6025	2.07935	7.2562623	2
AACAA	5670	1.8810662	6.5764236	5
AGCTC	5770	1.8576397	9.763861	5
GCAGG	5640	1.80437	6.020964	6
TTTGT	4090	1.615163	5.6243052	6
AAGCA	4825	1.5814672	6.3911853	4
AAACA	4630	1.5360382	6.4690356	4
AAAGC	4555	1.4929702	6.7802124	3
TGTAG	4085	1.4899296	10.018653	2
CAAGG	4440	1.437764	6.0035176	7
GTTTT	3410	1.3466274	5.206137	14
CTGTA	3575	1.2534301	9.392946	1
ACAAG	3795	1.243869	5.612816	6
TAGAA	3420	1.2207515	5.9917965	1
AACTT	3415	1.2119172	5.716451	3
GAACT	3565	1.2085176	5.00073	2
GAAAC	3670	1.2028981	5.6131268	3
GTAGC	3320	1.1119194	8.915704	3
ACTTT	2995	1.0992833	5.352196	4
TAGCT	2620	0.9185976	9.333496	4
>>END_MODULE
