##FastQC	0.10.1
>>Basic Statistics	pass
#Measure	Value	
Filename	Sample_7_L001_poly.fastq	
File type	Conventional base calls	
Encoding	Sanger / Illumina 1.9	
Total Sequences	13513904	
Filtered Sequences	0	
Sequence length	35-39	
%GC	54	
>>END_MODULE
>>Per base sequence quality	pass
#Base	Mean	Median	Lower Quartile	Upper Quartile	10th Percentile	90th Percentile
1	37.52112409559813	39.0	37.0	39.0	35.0	39.0
2	38.86858719730434	40.0	38.0	41.0	35.0	41.0
3	38.83092554157555	40.0	38.0	41.0	35.0	41.0
4	38.771268613422144	40.0	38.0	41.0	34.0	41.0
5	38.78144317141812	40.0	38.0	41.0	34.0	41.0
6	38.77680653939824	40.0	38.0	41.0	34.0	41.0
7	38.81190172728769	40.0	38.0	41.0	34.0	41.0
8	38.8003204699397	40.0	38.0	41.0	34.0	41.0
9	38.75643100616965	40.0	38.0	41.0	34.0	41.0
10	38.657118771895966	40.0	38.0	41.0	34.0	41.0
11	38.65658006746237	40.0	38.0	41.0	34.0	41.0
12	38.680988632152484	40.0	38.0	41.0	34.0	41.0
13	38.65484045173031	40.0	38.0	41.0	34.0	41.0
14	38.58788726040972	40.0	38.0	41.0	34.0	41.0
15	38.53471069499976	40.0	38.0	41.0	34.0	41.0
16	38.49835576751174	40.0	38.0	41.0	34.0	41.0
17	38.44920268783913	40.0	38.0	41.0	34.0	41.0
18	38.41103777265252	40.0	38.0	41.0	34.0	41.0
19	38.3257267477999	40.0	38.0	41.0	33.0	41.0
20	38.285085790161006	40.0	38.0	41.0	33.0	41.0
21	38.238204592840084	40.0	38.0	41.0	33.0	41.0
22	38.17315262858165	40.0	38.0	41.0	33.0	41.0
23	38.100900820369894	40.0	37.0	41.0	33.0	41.0
24	38.03813879394141	40.0	37.0	41.0	33.0	41.0
25	37.96797964526017	40.0	37.0	41.0	33.0	41.0
26	37.90088045615834	40.0	37.0	41.0	33.0	41.0
27	37.81793765887341	40.0	37.0	41.0	33.0	41.0
28	37.710230219187586	40.0	36.0	41.0	33.0	41.0
29	37.61703664610907	40.0	36.0	41.0	32.0	41.0
30	37.52207008426284	40.0	36.0	41.0	32.0	41.0
31	37.45452468805461	40.0	35.0	41.0	32.0	41.0
32	37.349793664362274	39.0	35.0	41.0	32.0	41.0
33	37.275024596889246	39.0	35.0	41.0	32.0	41.0
34	37.18777179414624	39.0	35.0	41.0	31.0	41.0
35	37.087975243867355	39.0	35.0	41.0	31.0	41.0
36	36.98987638872769	39.0	35.0	41.0	31.0	41.0
37	36.89539113283105	39.0	35.0	41.0	31.0	41.0
38	36.86656816797665	39.0	35.0	41.0	31.0	41.0
39	37.0127848200693	38.0	35.0	41.0	31.0	41.0
>>END_MODULE
>>Per sequence quality scores	pass
#Quality	Count
10	2.0
11	23.0
12	77.0
13	161.0
14	319.0
15	592.0
16	1142.0
17	2151.0
18	3423.0
19	5780.0
20	9245.0
21	14048.0
22	20775.0
23	29737.0
24	41077.0
25	55095.0
26	71954.0
27	91411.0
28	114060.0
29	141873.0
30	173431.0
31	210848.0
32	258017.0
33	321293.0
34	422291.0
35	561018.0
36	772810.0
37	1090820.0
38	1524595.0
39	2288783.0
40	5283900.0
41	3153.0
>>END_MODULE
>>Per base sequence content	pass
#Base	G	A	T	C
1	25.649664227302488	23.14452581578203	24.313988023002086	26.891821933913395
2	25.348744522678274	22.922902219817455	24.459608415155234	27.268744842349037
3	25.99962231491359	22.54014088008913	23.754482790465286	27.705754014531998
4	26.612250612406303	22.643138503869793	22.86478429919289	27.879826584531013
5	26.26617001275131	22.9879315407302	22.917396778902678	27.82850166761581
6	26.099031042399	22.80181951862319	22.846995213226318	28.25215422575149
7	26.55318551915124	22.600345540415265	22.451432243413894	28.395036697019606
8	26.79393016259402	22.35909031172635	22.885844090649158	27.96113543503047
9	26.24254249549205	22.337475536306904	22.99018847551381	28.42979349268723
10	26.85797531194539	23.0205275988345	22.151888899018374	27.969608190201733
11	26.51915390252883	23.154049340590255	22.63097325539681	27.695823501484103
12	26.38961324573565	22.77747422210488	22.594351713612884	28.23856081854659
13	26.847216022845803	22.90331498581017	22.14253556929219	28.10693342205184
14	26.66961375484094	22.854476397050032	22.507833413645677	27.968076434463352
15	26.26171534147349	22.59982755538296	22.80995188363037	28.32850521951318
16	26.787840138571354	22.800509756470078	22.28785257021213	28.123797534746437
17	26.611917622028393	22.767292116327006	22.545513124852747	28.075277136791854
18	26.343542177005254	22.625482614054384	22.665944644863544	28.36503056407682
19	26.693418866968422	22.788122514411825	22.222268265336204	28.296190353283553
20	26.41694805586898	23.082093819816983	22.750132012185375	27.750826112128664
21	26.23717765051461	22.71015836726382	22.916323809907187	28.136340172314384
22	26.7134648877186	23.01422298101274	22.12009201782105	28.1522201134476
23	26.776170675772153	22.9377979893893	22.557574776319264	27.728456558519287
24	26.602949081183354	22.63963840500865	22.390709598055455	28.366702915752544
25	26.825157260255807	22.802722292536632	21.946352438199945	28.425768009007612
26	26.688202017714495	22.828399550566587	22.363648580010633	28.119749851708285
27	26.39180358244368	22.62035456223457	22.46865154584493	28.519190309476816
28	26.64330751498605	22.959893750910172	21.939011850313573	28.457786883790202
29	26.627827162306318	22.8380488717398	22.43573729693507	28.09838666901881
30	26.47734511063568	22.741977447819668	22.28176994597564	28.49890749556901
31	26.78648597770119	22.948668275281516	21.93975182893115	28.325093918086143
32	26.53236992063877	22.75897475666543	22.46651300764013	28.242142315055663
33	26.476664330307507	22.5921169781878	22.388970648304145	28.54224804320054
34	27.10522436743668	22.635524123894914	21.832891516766733	28.426359991901673
35	27.286992715058506	22.538231735255778	21.74942192870395	28.42535362098177
36	26.513625519860756	22.285939766241317	21.943192795323757	29.257241918574167
37	26.727582949570582	21.994563776113498	21.524664525812128	29.753188748503796
38	28.514067596636522	20.593567896645396	21.0882547350844	29.80410977163368
39	27.065504664121644	22.496707362503663	20.81472448584826	29.623063487526437
>>END_MODULE
>>Per base GC content	pass
#Base	%GC
1	52.541486161215886
2	52.6174893650273
3	53.705376329445585
4	54.492077196937316
5	54.09467168036712
6	54.351185268150495
7	54.94822221617084
8	54.75506559762449
9	54.672335988179285
10	54.82758350214713
11	54.214977404012934
12	54.62817406428224
13	54.95414944489764
14	54.63769018930429
15	54.590220560986666
16	54.91163767331779
17	54.68719475882025
18	54.70857274108207
19	54.989609220251964
20	54.16777416799764
21	54.37351782282899
22	54.865685001166206
23	54.50462723429143
24	54.969651996935895
25	55.25092526926342
26	54.80795186942278
27	54.9109938919205
28	55.101094398776254
29	54.72621383132513
30	54.97625260620469
31	55.11157989578733
32	54.77451223569444
33	55.01891237350806
34	55.531584359338346
35	55.71234633604028
36	55.77086743843493
37	56.48077169807437
38	58.318177368270206
39	56.68856815164808
>>END_MODULE
>>Per sequence GC content	pass
#GC Content	Count
0	3335.0
1	1885.0
2	435.0
3	435.0
4	456.0
5	477.0
6	593.0
7	705.5
8	702.0
9	946.5
10	1203.0
11	1215.0
12	1816.0
13	2492.0
14	3565.0
15	4624.5
16	4738.5
17	6574.0
18	8548.0
19	12064.5
20	15413.5
21	15618.0
22	20999.5
23	26288.0
24	36310.5
25	46360.5
26	47176.0
27	61623.5
28	75704.5
29	101507.5
30	128119.5
31	129499.0
32	172207.0
33	217141.0
34	219996.0
35	265945.5
36	314907.5
37	389341.0
38	464173.5
39	472401.0
40	551484.5
41	631040.5
42	714577.5
43	797723.0
44	806356.0
45	890817.0
46	974723.0
47	1049271.5
48	1120247.0
49	1123410.5
50	1171169.5
51	1216462.5
52	1217160.0
53	1216039.0
54	1214869.0
55	1176243.5
56	1134278.0
57	1127893.0
58	1075891.0
59	1024679.0
60	952107.0
61	877655.0
62	873064.0
63	808939.5
64	740594.0
65	682141.0
66	626797.0
67	622185.0
68	563073.0
69	505489.0
70	501521.0
71	448452.0
72	396050.0
73	350481.5
74	304210.0
75	301064.0
76	265389.5
77	228919.0
78	198670.5
79	168286.5
80	165336.0
81	141579.0
82	117872.0
83	100379.5
84	83800.0
85	82319.5
86	69002.5
87	56493.0
88	47247.0
89	38227.0
90	37907.0
91	30421.0
92	23255.0
93	22723.5
94	17804.0
95	13416.0
96	9710.5
97	6005.0
98	6005.0
99	4235.5
100	2466.0
>>END_MODULE
>>Per base N content	pass
#Base	N-Count
1	0.0
2	0.0
3	0.0
4	0.0
5	0.0
6	0.0
7	0.0
8	0.0
9	0.0
10	0.0
11	0.0
12	0.0
13	0.0
14	0.0
15	0.0
16	0.0
17	0.0
18	0.0
19	0.0
20	0.0
21	0.0
22	0.0
23	0.0
24	0.0
25	0.0
26	0.0
27	0.0
28	0.0
29	0.0
30	0.0
31	0.0
32	0.0
33	0.0
34	0.0
35	0.0
36	0.0
37	0.0
38	0.0
39	0.0
>>END_MODULE
>>Sequence Length Distribution	warn
#Length	Count
35	409193.0
36	423482.0
37	249930.0
38	158463.0
39	1.2272836E7
>>END_MODULE
>>Sequence Duplication Levels	fail
#Total Duplicate Percentage	78.4917610840546
#Duplication Level	Relative count
1	100.0
2	62.29835161612014
3	37.146320955788894
4	23.218161553352495
5	16.554232416260927
6	12.475313349367434
7	9.802311257112688
8	8.3553313388475
9	7.039361764533349
10++	114.18626933380263
>>END_MODULE
>>Overrepresented sequences	pass
>>END_MODULE
>>Kmer Content	warn
#Sequence	Count	Obs/Exp Overall	Obs/Exp Max	Max Obs/Exp Position
CAGCA	1671095	3.2594151	3.5772552	6
>>END_MODULE
