##FastQC	0.10.1
>>Basic Statistics	pass
#Measure	Value	
Filename	Control_4_filtered.fastq	
File type	Conventional base calls	
Encoding	Sanger / Illumina 1.9	
Total Sequences	23984742	
Filtered Sequences	0	
Sequence length	39	
%GC	51	
>>END_MODULE
>>Per base sequence quality	pass
#Base	Mean	Median	Lower Quartile	Upper Quartile	10th Percentile	90th Percentile
1	38.214738228161885	39.0	39.0	39.0	37.0	39.0
2	39.72721578576913	41.0	39.0	41.0	37.0	41.0
3	39.70846849217723	41.0	39.0	41.0	37.0	41.0
4	39.678722664600684	41.0	39.0	41.0	37.0	41.0
5	39.67905304130434	41.0	39.0	41.0	37.0	41.0
6	39.68095687666767	41.0	39.0	41.0	37.0	41.0
7	39.71691115126442	41.0	39.0	41.0	37.0	41.0
8	39.701753222944824	41.0	39.0	41.0	37.0	41.0
9	39.68089829775947	41.0	39.0	41.0	37.0	41.0
10	39.66761301830972	41.0	39.0	41.0	37.0	41.0
11	39.65188401859816	41.0	39.0	41.0	37.0	41.0
12	39.65505645213945	41.0	39.0	41.0	37.0	41.0
13	39.63625616652453	41.0	39.0	41.0	37.0	41.0
14	39.61067948948544	41.0	39.0	41.0	37.0	41.0
15	39.581163933303934	41.0	39.0	41.0	37.0	41.0
16	39.5596657241508	41.0	39.0	41.0	37.0	41.0
17	39.52448052182508	41.0	39.0	41.0	37.0	41.0
18	39.502513139395035	41.0	39.0	41.0	36.0	41.0
19	39.45899672383384	41.0	39.0	41.0	36.0	41.0
20	39.4234670108188	41.0	39.0	41.0	36.0	41.0
21	39.381939526387235	40.0	39.0	41.0	36.0	41.0
22	39.34497619361509	40.0	39.0	41.0	36.0	41.0
23	39.28966344520195	40.0	39.0	41.0	35.0	41.0
24	39.23412572042676	40.0	38.0	41.0	35.0	41.0
25	39.18861378621459	40.0	38.0	41.0	35.0	41.0
26	39.138050682388	40.0	38.0	41.0	35.0	41.0
27	39.06714898163174	40.0	38.0	41.0	35.0	41.0
28	38.99353105403427	40.0	38.0	41.0	35.0	41.0
29	38.927884402508894	40.0	38.0	41.0	35.0	41.0
30	38.846429534243065	40.0	38.0	41.0	35.0	41.0
31	38.79223883250443	40.0	38.0	41.0	35.0	41.0
32	38.71047189083794	40.0	38.0	41.0	35.0	41.0
33	38.63455145775593	40.0	37.0	41.0	35.0	41.0
34	38.55530390946044	40.0	37.0	41.0	35.0	41.0
35	38.46442221475637	40.0	37.0	41.0	35.0	41.0
36	38.37078914586615	40.0	37.0	41.0	34.0	41.0
37	38.25405063769291	40.0	36.0	41.0	34.0	41.0
38	38.14639427849589	39.0	36.0	41.0	34.0	41.0
39	38.01641059970543	39.0	36.0	41.0	34.0	41.0
>>END_MODULE
>>Per sequence quality scores	pass
#Quality	Count
26	4.0
27	56.0
28	405.0
29	2086.0
30	9699.0
31	35374.0
32	103380.0
33	246491.0
34	510502.0
35	874234.0
36	1362963.0
37	2048126.0
38	2964244.0
39	4573785.0
40	1.1253393E7
>>END_MODULE
>>Per base sequence content	pass
#Base	G	A	T	C
1	24.26378403403297	24.27000882477702	25.03855576182558	26.42765137936443
2	23.70151824022122	24.31213977619605	25.554625519840908	26.43171646374182
3	24.12417861322002	23.897313550423014	24.988553139324992	26.98995469703197
4	25.069029302045443	24.00753362283405	23.839881204475745	27.08355587064476
5	24.47058634193355	24.58064381096949	24.29062609887569	26.658143748221264
6	24.13516059501495	24.440025246050176	24.344372768320792	27.080441390614084
7	24.85337136417811	24.232143084966268	23.755440020993348	27.159045529862276
8	24.727816542700353	24.389538982741612	24.392057250396938	26.490587224161093
9	24.292973424521307	24.219822752314784	24.44356082712918	27.043642996034727
10	25.044342774252065	24.822255749092488	23.220208080620587	26.913193396034863
11	24.641578383457283	25.163635281129977	23.92191252255288	26.27287381285986
12	24.27203928230706	24.62269971467694	23.988880097188453	27.116380905827548
13	25.003571020276137	24.690063374456976	23.27117798473713	27.03518762052975
14	24.63838885571502	24.779882977269466	23.767585242317804	26.81414292469771
15	24.21771307775585	24.332048266352	24.220723324853775	27.229515331038375
16	25.00751936376885	24.52999911360314	23.391671255000364	27.070810267627643
17	24.711885581258286	24.706819860726455	23.905927359985775	26.67536719802948
18	24.323371917029586	24.327632959320557	24.082806477551436	27.26618864609842
19	24.97820906307852	24.483903141422157	23.290748760190958	27.247139035308365
20	24.550316196855483	24.833608800128015	24.077428058221347	26.538646944795154
21	24.194794340501975	24.299590131092508	24.365594593429442	27.14002093497608
22	25.025418242981306	24.619668620992464	23.216401493916425	27.1385116421098
23	24.796702003298595	24.853609015264787	23.817020837664213	26.532668143772405
24	24.445232723370548	24.360628936513056	23.81755867959722	27.376579660519173
25	25.042024633827626	24.472416672232704	23.00784390342827	27.4777147905114
26	24.63584974147314	24.703384343262897	23.691653635465414	26.969112279798544
27	24.219297418333703	24.406950051828783	23.94063692659275	27.43311560324476
28	24.907263959729065	24.723251140245743	23.014535657711058	27.354949242314134
29	24.652193465328917	24.79788608941468	23.75466869729097	26.795251747965438
30	24.409614245589967	24.46001712255233	23.740367938917167	27.390000692940536
31	24.989282769854267	24.651480512068883	23.083062557020625	27.276174161056225
32	24.54713917706515	24.68390529278989	23.881932938865884	26.887022591279074
33	24.37980779613973	24.27177661531652	23.766034256278427	27.58238133226532
34	25.11170226471479	24.372519829481593	23.0103621710836	27.505415734720014
35	24.89521880202005	24.52889424451595	23.596468121274768	26.979418832189232
36	24.26559351774557	24.295508369445876	23.62925146328445	27.8096466495241
37	25.33898842856012	24.274495010202738	22.91271259036266	27.47380397087448
38	25.15659330419314	24.632005630913188	23.490233916212233	26.72116714868144
39	24.906467620122825	24.328350081897902	23.406418130326358	27.35876416765292
>>END_MODULE
>>Per base GC content	pass
#Base	%GC
1	50.6914354133974
2	50.13323470396305
3	51.114133310251994
4	52.1525851726902
5	51.12873009015482
6	51.215601985629036
7	52.01241689404038
8	51.21840376686146
9	51.336616420556034
10	51.95753617028692
11	50.91445219631714
12	51.38842018813461
13	52.038758640805895
14	51.452531780412734
15	51.447228408794224
16	52.07832963139649
17	51.38725277928776
18	51.58956056312801
19	52.22534809838688
20	51.08896314165064
21	51.33481527547805
22	52.16392988509111
23	51.329370147070996
24	51.82181238388972
25	52.519739424339015
26	51.604962021271696
27	51.65241302157847
28	52.26221320204319
29	51.44744521329435
30	51.7996149385305
31	52.26545693091049
32	51.434161768344225
33	51.96218912840504
34	52.617117999434804
35	51.874637634209286
36	52.075240167269676
37	52.812792399434606
38	51.877760452874575
39	52.26523178777575
>>END_MODULE
>>Per sequence GC content	pass
#GC Content	Count
0	1923.0
1	1516.0
2	1109.0
3	1109.0
4	1532.5
5	1956.0
6	2548.0
7	3140.0
8	3140.0
9	4548.5
10	5957.0
11	5957.0
12	9245.0
13	12533.0
14	22013.5
15	31494.0
16	31494.0
17	36668.0
18	41842.0
19	55993.5
20	70145.0
21	70145.0
22	94778.5
23	119412.0
24	159717.5
25	200023.0
26	200023.0
27	244122.0
28	288221.0
29	366506.5
30	444792.0
31	444792.0
32	562691.5
33	680591.0
34	680591.0
35	788042.0
36	895493.0
37	1043016.5
38	1190540.0
39	1190540.0
40	1319963.0
41	1449386.0
42	1554188.5
43	1658991.0
44	1658991.0
45	1776006.0
46	1893021.0
47	1953121.0
48	2013221.0
49	2013221.0
50	2036326.5
51	2059432.0
52	2059432.0
53	2014691.0
54	1969950.0
55	1868994.0
56	1768038.0
57	1768038.0
58	1657486.5
59	1546935.0
60	1415161.0
61	1283387.0
62	1283387.0
63	1163290.0
64	1043193.0
65	953544.0
66	863895.0
67	863895.0
68	773454.5
69	683014.0
70	683014.0
71	598727.5
72	514441.0
73	452388.5
74	390336.0
75	390336.0
76	337555.5
77	284775.0
78	242733.0
79	200691.0
80	200691.0
81	168504.5
82	136318.0
83	114384.0
84	92450.0
85	92450.0
86	77288.5
87	62127.0
88	50839.0
89	39551.0
90	39551.0
91	31455.0
92	23359.0
93	23359.0
94	17910.0
95	12461.0
96	8682.5
97	4904.0
98	4904.0
99	3299.5
100	1695.0
>>END_MODULE
>>Per base N content	pass
#Base	N-Count
1	0.0
2	0.0
3	0.0
4	0.0
5	0.0
6	0.0
7	0.0
8	0.0
9	0.0
10	0.0
11	0.0
12	0.0
13	0.0
14	0.0
15	0.0
16	0.0
17	0.0
18	0.0
19	0.0
20	0.0
21	0.0
22	0.0
23	0.0
24	0.0
25	0.0
26	0.0
27	0.0
28	0.0
29	0.0
30	0.0
31	0.0
32	0.0
33	0.0
34	0.0
35	0.0
36	0.0
37	0.0
38	0.0
39	0.0
>>END_MODULE
>>Sequence Length Distribution	pass
#Length	Count
39	2.3984742E7
>>END_MODULE
>>Sequence Duplication Levels	fail
#Total Duplicate Percentage	88.34101966038553
#Duplication Level	Relative count
1	100.0
2	97.61404246373765
3	70.52764347277696
4	47.22514189615304
5	33.16866372363535
6	24.98073015205662
7	19.65524490224932
8	16.42491766519515
9	14.13355756429122
10++	276.99180155560225
>>END_MODULE
>>Overrepresented sequences	pass
>>END_MODULE
>>Kmer Content	warn
#Sequence	Count	Obs/Exp Overall	Obs/Exp Max	Max Obs/Exp Position
AAAAA	3472295	4.6882677	5.2906294	29
TTCTT	2544350	3.4819663	3.8064399	1
CAGCA	2967225	3.268447	3.6243744	27
CTTCT	2665990	3.2134364	3.5502517	2
TTTTT	1992290	3.0955427	3.7090993	1
TCTTC	2506680	3.0214126	3.428331	6
>>END_MODULE
