##FastQC	0.10.1
>>Basic Statistics	pass
#Measure	Value	
Filename	Sample_8_L002_poly_any.fastq	
File type	Conventional base calls	
Encoding	Sanger / Illumina 1.9	
Total Sequences	12470057	
Filtered Sequences	0	
Sequence length	20-39	
%GC	55	
>>END_MODULE
>>Per base sequence quality	pass
#Base	Mean	Median	Lower Quartile	Upper Quartile	10th Percentile	90th Percentile
1	37.70094771820209	39.0	38.0	39.0	35.0	39.0
2	39.075180249777524	41.0	39.0	41.0	36.0	41.0
3	39.04140325902279	41.0	39.0	41.0	36.0	41.0
4	39.01110147291227	41.0	38.0	41.0	35.0	41.0
5	38.996462245521414	41.0	38.0	41.0	35.0	41.0
6	38.99294429849038	41.0	38.0	41.0	35.0	41.0
7	39.020305761232684	41.0	39.0	41.0	35.0	41.0
8	38.93773821563125	40.0	39.0	41.0	35.0	41.0
9	38.9429246393982	40.0	39.0	41.0	35.0	41.0
10	38.9457029747338	40.0	39.0	41.0	35.0	41.0
11	38.92708886575258	40.0	38.0	41.0	35.0	41.0
12	38.90291134996416	40.0	38.0	41.0	35.0	41.0
13	38.866273746783996	40.0	38.0	41.0	35.0	41.0
14	38.81483508856455	40.0	38.0	41.0	35.0	41.0
15	38.76151632666956	40.0	38.0	41.0	35.0	41.0
16	38.71829495246092	40.0	38.0	41.0	34.0	41.0
17	38.66334636641998	40.0	38.0	41.0	34.0	41.0
18	38.63213520194815	40.0	38.0	41.0	34.0	41.0
19	38.585842791255885	40.0	38.0	41.0	34.0	41.0
20	38.52408228767519	40.0	38.0	41.0	34.0	41.0
21	38.45904212873179	40.0	38.0	41.0	34.0	41.0
22	38.405683821684924	40.0	38.0	41.0	34.0	41.0
23	38.33079960411278	40.0	38.0	41.0	34.0	41.0
24	38.113710813949226	40.0	37.0	41.0	33.0	41.0
25	38.12139208111729	40.0	37.0	41.0	33.0	41.0
26	38.07866548339228	40.0	37.0	41.0	33.0	41.0
27	38.00364932632168	40.0	37.0	41.0	33.0	41.0
28	37.91934920286813	40.0	37.0	41.0	33.0	41.0
29	37.84213735090146	40.0	37.0	41.0	33.0	41.0
30	37.7023837111286	40.0	36.0	41.0	33.0	41.0
31	37.65384800211646	40.0	36.0	41.0	33.0	41.0
32	37.56947876499951	40.0	36.0	41.0	33.0	41.0
33	37.49082273347274	39.0	35.0	41.0	33.0	41.0
34	37.397715188303955	39.0	35.0	41.0	32.0	41.0
35	37.303215650834815	39.0	35.0	41.0	32.0	41.0
36	37.20307808608682	39.0	35.0	41.0	32.0	41.0
37	37.080948751324186	39.0	35.0	41.0	32.0	41.0
38	37.03921899311933	39.0	35.0	41.0	32.0	41.0
39	37.14813486559679	38.0	35.0	41.0	32.0	41.0
>>END_MODULE
>>Per sequence quality scores	pass
#Quality	Count
8	1.0
9	1.0
10	5.0
11	18.0
12	44.0
13	118.0
14	212.0
15	392.0
16	680.0
17	1206.0
18	2099.0
19	3508.0
20	5873.0
21	9588.0
22	14676.0
23	21114.0
24	30191.0
25	41083.0
26	54010.0
27	70363.0
28	88313.0
29	109517.0
30	135221.0
31	166753.0
32	207270.0
33	263260.0
34	355001.0
35	485429.0
36	683322.0
37	992697.0
38	1424919.0
39	2193612.0
40	5105900.0
41	3661.0
>>END_MODULE
>>Per base sequence content	pass
#Base	G	A	T	C
1	25.69827868469246	23.611736498076954	24.00021106559497	26.68977375163562
2	25.46776650660057	23.194681467775165	24.334756448988166	27.002795576636096
3	26.102126076889625	22.811082579654606	23.39827315945709	27.688518183998678
4	26.716509796226273	23.002613380195456	22.579640173256628	27.701236650321647
5	26.274226332726464	23.198570784399784	22.757586432844693	27.769616450029055
6	26.254515115688726	22.894843223250703	22.603288822176193	28.247352838884375
7	26.64348687419793	22.918932928694712	22.199593794960197	28.237986402147158
8	26.80974914549308	22.646849168371887	22.743368374338626	27.80003331179641
9	26.384530559884368	22.513385464076066	22.689166537089605	28.412917438949957
10	26.891938024020256	23.253141505287424	21.90321984895498	27.951700621737334
11	26.459758764534918	23.563933990037096	22.39070759660521	27.58559964882278
12	26.56207585899567	22.956791616910813	22.30721158692378	28.173920937169733
13	26.892250773192135	23.2743603337178	21.806355816978222	28.02703307611184
14	26.640327305641026	23.099830257391766	22.24400417736663	28.015838259600578
15	26.375837736748114	22.6603054019721	22.588100439316356	28.375756421963427
16	26.84704648904171	22.837794566616658	22.04369234238464	28.27146660195699
17	26.56962193516838	22.916831895796467	22.40962491189896	28.103921257136193
18	26.387738243698482	22.67242242757992	22.401252857144115	28.538586471577474
19	26.93325299154607	22.817201236530032	21.884727551766602	28.364818220157296
20	26.417281011626493	23.103190306187052	22.508822533850488	27.97070614833597
21	26.380544982936033	22.61679990585398	22.566768711924464	28.435886399285522
22	26.92043545478617	23.07562399415713	21.80830551525682	28.19563503579989
23	26.810337901740755	23.069937877874867	22.251700953259895	27.868023267124485
24	26.809716098322195	22.65733822867137	21.98068909585053	28.552256577155905
25	27.161314100418732	22.76820625480328	21.477962509203632	28.59251713557435
26	26.71873470758927	22.863021991974545	22.0409433218621	28.377299978574094
27	26.718388237335255	22.57312612132924	21.98087815825142	28.72760748308409
28	26.947715452093334	22.94035086195536	21.426227073971774	28.685706611979533
29	26.79901754770087	22.801928368226186	22.11178383631571	28.287270247757235
30	26.848329867441784	22.560510009043988	21.67740202408742	28.913758099426808
31	27.161780053325796	22.93034805764294	21.451382405610925	28.456489483420338
32	26.747306550154526	22.625926228173178	22.119452148903996	28.507315072768304
33	26.67593665017768	22.38555254463534	21.858712006757937	29.079798798429046
34	27.51572807106389	22.413637565493445	21.332987592691115	28.737646770751553
35	27.491309057730724	22.480122852882197	21.351325507541283	28.677242581845796
36	26.52555479897634	22.238128265610655	21.583559674271555	29.652757261141456
37	26.976034448364615	22.07502117723511	21.055175149233875	29.893769225166402
38	28.75548668047739	20.637742619629858	20.6708640071384	29.935906692754354
39	27.456427743100285	22.29679273565631	20.3750587587444	29.871720762499006
>>END_MODULE
>>Per base GC content	pass
#Base	%GC
1	52.38805243632808
2	52.47056208323667
3	53.7906442608883
4	54.41774644654792
5	54.043842782755526
6	54.5018679545731
7	54.88147327634508
8	54.60978245728949
9	54.79744799883433
10	54.8436386457576
11	54.04535841335769
12	54.73599679616541
13	54.91928384930398
14	54.6561655652416
15	54.75159415871155
16	55.1185130909987
17	54.67354319230458
18	54.92632471527597
19	55.29807121170336
20	54.38798715996246
21	54.81643138222155
22	55.116070490586054
23	54.678361168865244
24	55.3619726754781
25	55.75383123599309
26	55.096034686163364
27	55.44599572041934
28	55.63342206407287
29	55.08628779545811
30	55.76208796686859
31	55.61826953674613
32	55.254621622922826
33	55.75573544860673
34	56.25337484181544
35	56.16855163957653
36	56.1783120601178
37	56.86980367353102
38	58.69139337323174
39	57.32814850559929
>>END_MODULE
>>Per sequence GC content	pass
#GC Content	Count
0	2050.0
1	1355.5
2	510.5
3	356.5
4	384.0
5	400.5
6	472.0
7	570.5
8	625.5
9	874.5
10	1134.5
11	1232.0
12	1847.0
13	2562.5
14	3605.5
15	4718.5
16	5186.5
17	6852.0
18	8873.5
19	12472.5
20	15855.0
21	16686.0
22	21682.5
23	27037.5
24	36283.5
25	45918.5
26	48341.5
27	61157.0
28	75643.0
29	100386.5
30	124814.5
31	130644.0
32	171585.5
33	213919.0
34	222367.0
35	260042.0
36	298464.0
37	361581.0
38	427190.5
39	440423.0
40	512169.5
41	583688.0
42	655200.5
43	730376.0
44	746206.0
45	824941.5
46	902269.0
47	974342.0
48	1043067.5
49	1048173.5
50	1096573.5
51	1144299.0
52	1146081.0
53	1162076.0
54	1179405.0
55	1154650.5
56	1125116.5
57	1114446.5
58	1073401.5
59	1034772.5
60	966262.5
61	895384.5
62	884849.5
63	810749.5
64	733672.0
65	672427.5
66	614066.0
67	605683.0
68	545043.5
69	485017.5
70	477881.0
71	424359.5
72	368757.5
73	322238.5
74	278235.0
75	272583.5
76	236342.5
77	200520.0
78	173008.0
79	145611.5
80	142135.0
81	121456.0
82	101496.5
83	86463.5
84	71963.5
85	70351.5
86	60071.0
87	50407.5
88	42182.5
89	34051.0
90	33499.0
91	27329.0
92	21394.0
93	20713.5
94	16359.5
95	12507.0
96	9203.5
97	5988.0
98	5877.0
99	4204.5
100	2643.0
>>END_MODULE
>>Per base N content	pass
#Base	N-Count
1	0.0
2	0.0
3	0.0
4	0.0
5	0.0
6	0.0
7	0.0
8	0.0
9	0.0
10	0.0
11	0.0
12	0.0
13	0.0
14	0.0
15	0.0
16	0.0
17	0.0
18	0.0
19	0.0
20	0.0
21	0.0
22	0.0
23	0.0
24	0.0
25	0.0
26	0.0
27	0.0
28	0.0
29	0.0
30	0.0
31	0.0
32	0.0
33	0.0
34	0.0
35	0.0
36	0.0
37	0.0
38	0.0
39	0.0
>>END_MODULE
>>Sequence Length Distribution	warn
#Length	Count
20	63797.0
21	60271.0
22	60672.0
23	63621.0
24	60738.0
25	63454.0
26	62680.0
27	60770.0
28	62636.0
29	65981.0
30	67273.0
31	63448.0
32	51984.0
33	101079.0
34	173072.0
35	327097.0
36	338885.0
37	203716.0
38	109794.0
39	1.0409089E7
>>END_MODULE
>>Sequence Duplication Levels	fail
#Total Duplicate Percentage	76.15670224557977
#Duplication Level	Relative count
1	100.0
2	43.16970091027308
3	23.224967490247074
4	15.516905071521457
5	11.472691807542263
6	8.769505851755527
7	7.410598179453836
8	6.225617685305592
9	5.432379713914174
10++	103.87516254876464
>>END_MODULE
>>Overrepresented sequences	pass
>>END_MODULE
>>Kmer Content	warn
#Sequence	Count	Obs/Exp Overall	Obs/Exp Max	Max Obs/Exp Position
CAGCA	1571765	3.3418689	3.81242	27
CTTCT	1141995	3.107505	3.502875	1
CATCA	1199845	3.0785534	3.7006624	1
>>END_MODULE
