##FastQC	0.10.1
>>Basic Statistics	pass
#Measure	Value	
Filename	Treat_2.fastq	
File type	Conventional base calls	
Encoding	Sanger / Illumina 1.9	
Total Sequences	39068198	
Filtered Sequences	0	
Sequence length	39	
%GC	52	
>>END_MODULE
>>Per base sequence quality	pass
#Base	Mean	Median	Lower Quartile	Upper Quartile	10th Percentile	90th Percentile
1	37.54667952691342	39.0	37.0	39.0	35.0	39.0
2	38.93983797256275	41.0	38.0	41.0	35.0	41.0
3	38.909617331211436	41.0	38.0	41.0	35.0	41.0
4	38.87074914486714	40.0	38.0	41.0	35.0	41.0
5	38.8697440562782	40.0	38.0	41.0	35.0	41.0
6	38.868099752130874	40.0	38.0	41.0	35.0	41.0
7	38.90619139894807	40.0	39.0	41.0	35.0	41.0
8	38.8587610311589	40.0	38.0	41.0	35.0	41.0
9	38.8411716097067	40.0	38.0	41.0	35.0	41.0
10	38.79783295866372	40.0	38.0	41.0	34.0	41.0
11	38.7861721444127	40.0	38.0	41.0	34.0	41.0
12	38.788637883938236	40.0	38.0	41.0	34.0	41.0
13	38.760490079424706	40.0	38.0	41.0	34.0	41.0
14	38.697554926899876	40.0	38.0	41.0	34.0	41.0
15	38.647883452418256	40.0	38.0	41.0	34.0	41.0
16	38.61173077396608	40.0	38.0	41.0	34.0	41.0
17	38.56219035236793	40.0	38.0	41.0	34.0	41.0
18	38.52968852057113	40.0	38.0	41.0	34.0	41.0
19	38.4680056653752	40.0	38.0	41.0	34.0	41.0
20	38.422315741309596	40.0	38.0	41.0	34.0	41.0
21	38.36639583427933	40.0	38.0	41.0	34.0	41.0
22	38.31208014764336	40.0	38.0	41.0	33.0	41.0
23	38.24336825056533	40.0	38.0	41.0	33.0	41.0
24	38.11575240813513	40.0	38.0	41.0	33.0	41.0
25	38.089088982297056	40.0	37.0	41.0	33.0	41.0
26	38.0399882277652	40.0	37.0	41.0	33.0	41.0
27	37.96573225619467	40.0	37.0	41.0	33.0	41.0
28	37.88137172336436	40.0	37.0	41.0	33.0	41.0
29	37.80635185682227	40.0	37.0	41.0	33.0	41.0
30	37.69598359770778	40.0	36.0	41.0	33.0	41.0
31	37.646891443521405	40.0	36.0	41.0	33.0	41.0
32	37.55733061965131	40.0	36.0	41.0	32.0	41.0
33	37.48019906113919	40.0	36.0	41.0	32.0	41.0
34	37.39808956635267	39.0	35.0	41.0	32.0	41.0
35	37.29350125132467	39.0	35.0	41.0	32.0	41.0
36	37.190003286048665	39.0	35.0	41.0	32.0	41.0
37	37.065531151449576	39.0	35.0	41.0	31.0	41.0
38	36.951533956083665	39.0	35.0	41.0	31.0	41.0
39	36.813624140023045	39.0	35.0	41.0	31.0	41.0
>>END_MODULE
>>Per sequence quality scores	pass
#Quality	Count
7	1.0
8	45.0
9	215.0
10	730.0
11	1404.0
12	2285.0
13	3404.0
14	4702.0
15	6637.0
16	9396.0
17	13620.0
18	19412.0
19	27959.0
20	38646.0
21	52930.0
22	71169.0
23	93980.0
24	122186.0
25	156473.0
26	197192.0
27	244155.0
28	303839.0
29	369294.0
30	449482.0
31	549056.0
32	675898.0
33	843209.0
34	1123344.0
35	1495588.0
36	2054451.0
37	2941228.0
38	4231340.0
39	6570287.0
40	1.6394641E7
>>END_MODULE
>>Per base sequence content	pass
#Base	G	A	T	C
1	24.527453249827392	23.98547022824037	25.59410341884722	25.89297310308502
2	24.04713419339177	24.047991668312932	25.91146128623593	25.993412852059368
3	24.527312470362723	23.445657770035876	25.346628477719907	26.680401281881494
4	25.39363858041264	23.60424711679817	24.039926284800746	26.962188017988442
5	24.945660406451303	24.115837131776594	24.30399272574589	26.634509736026217
6	24.515236151920803	23.923908648154185	24.399569184122594	27.161286015802418
7	25.32745943388533	23.62464734104194	23.671706076640646	27.376187148432084
8	25.32143151317089	23.63389783168397	24.34591173107088	26.698758924074255
9	24.696032819327883	23.464982951094903	24.510019632848177	27.328964596729033
10	25.51436337043239	24.06560957840953	23.32710866265191	27.09291838850617
11	25.140360965714365	24.415093319635577	24.025244266449146	26.419301448200912
12	24.749134833400813	23.89688666981774	24.112947313310944	27.241031183470504
13	25.554301224745508	23.978162494210764	23.30203200055452	27.165504280489213
14	25.239090884099646	24.10343318112599	23.801358844347007	26.85611709042736
15	24.693086689076367	23.677419163279556	24.306524196483288	27.322969951160786
16	25.51066982920482	23.775598761939314	23.5398264337659	27.173904975089968
17	25.233700310416157	23.984932706648003	23.992225082917827	26.789141900018016
18	24.84639296647365	23.640755071426636	24.180902840719707	27.331949121380006
19	25.414082318309127	23.810803866612943	23.4165829711419	27.35853084393603
20	25.088095949549555	24.174119830149323	24.04764611871784	26.690138101583287
21	24.64914045946015	23.660021381073168	24.423964985536315	27.266873173930367
22	25.470611672440075	24.026598308936595	23.222476245257077	27.280313773366256
23	25.385629508686325	24.168150780847377	23.799308583416106	26.64691112705019
24	24.988882261731142	23.781872406810265	23.774513480248054	27.45473185121054
25	25.513790014067194	23.85396173122702	23.0187965157748	27.613451738930983
26	25.280211285915975	24.049002720831915	23.605050839560093	27.06573515369201
27	24.763361238212216	23.72505893412335	23.909472353959092	27.60210747370534
28	25.381534106077787	24.00940017760737	22.952980836228996	27.656084880085846
29	25.18203424688285	24.086798167655445	23.669343541260847	27.06182404420086
30	24.866365733070158	23.806647032965277	23.785670892729684	27.541316341234882
31	25.36286162980949	24.018141302549967	23.092429295049648	27.526567772590894
32	25.099350627843137	23.994651608963384	23.84005272011778	27.0659450430757
33	24.83230990075355	23.617659560341124	23.79206484005226	27.757965698853067
34	25.608665134747195	23.71457982269876	23.028625482035288	27.648129560518765
35	25.390940733944266	23.861318098162602	23.59257265973721	27.15516850815592
36	24.68874044305806	23.655398695378786	23.70312293390138	27.952737927661776
37	25.74115908801322	23.548134981807966	23.036419545124655	27.674286385054153
38	25.658048011326244	23.958386818864795	23.53823434600183	26.845330823807128
39	25.15666834697623	23.715245325622647	23.54748739627049	27.580598931130634
>>END_MODULE
>>Per base GC content	pass
#Base	%GC
1	50.420426352912415
2	50.040547045451135
3	51.207713752244224
4	52.35582659840108
5	51.58017014247752
6	51.67652216772321
7	52.70364658231741
8	52.02019043724515
9	52.02499741605692
10	52.60728175893856
11	51.55966241391528
12	51.99016601687132
13	52.71980550523472
14	52.095207974527
15	52.01605664023715
16	52.68457480429479
17	52.02284221043417
18	52.17834208785366
19	52.772613162245165
20	51.77823405113284
21	51.91601363339051
22	52.75092544580633
23	52.03254063573651
24	52.44361411294168
25	53.12724175299818
26	52.34594643960799
27	52.36546871191755
28	53.03761898616363
29	52.24385829108371
30	52.40768207430504
31	52.88942940240039
32	52.165295670918844
33	52.59027559960662
34	53.25679469526595
35	52.54610924210018
36	52.64147837071984
37	53.41544547306738
38	52.503378835133375
39	52.737267278106856
>>END_MODULE
>>Per sequence GC content	pass
#GC Content	Count
0	6294.0
1	3932.5
2	1571.0
3	1571.0
4	1757.0
5	1943.0
6	2726.0
7	3509.0
8	3509.0
9	5360.5
10	7212.0
11	7212.0
12	10866.5
13	14521.0
14	26560.5
15	38600.0
16	38600.0
17	46530.5
18	54461.0
19	74371.5
20	94282.0
21	94282.0
22	130737.5
23	167193.0
24	228294.5
25	289396.0
26	289396.0
27	359041.0
28	428686.0
29	547062.0
30	665438.0
31	665438.0
32	846828.5
33	1028219.0
34	1028219.0
35	1200877.0
36	1373535.0
37	1618063.0
38	1862591.0
39	1862591.0
40	2083079.0
41	2303567.0
42	2490255.5
43	2676944.0
44	2676944.0
45	2868234.5
46	3059525.0
47	3173469.0
48	3287413.0
49	3287413.0
50	3332884.0
51	3378355.0
52	3378355.0
53	3300279.5
54	3222204.0
55	3049060.5
56	2875917.0
57	2875917.0
58	2699789.5
59	2523662.0
60	2320961.5
61	2118261.0
62	2118261.0
63	1934591.5
64	1750922.0
65	1611417.5
66	1471913.0
67	1471913.0
68	1329602.0
69	1187291.0
70	1187291.0
71	1047217.5
72	907144.0
73	795665.5
74	684187.0
75	684187.0
76	593853.0
77	503519.0
78	431538.0
79	359557.0
80	359557.0
81	304551.5
82	249546.0
83	211934.0
84	174322.0
85	174322.0
86	146829.5
87	119337.0
88	99638.0
89	79939.0
90	79939.0
91	64931.0
92	49923.0
93	49923.0
94	39460.5
95	28998.0
96	21187.5
97	13377.0
98	13377.0
99	9150.5
100	4924.0
>>END_MODULE
>>Per base N content	pass
#Base	N-Count
1	0.0
2	0.0
3	0.0
4	0.0
5	0.0
6	0.0
7	0.0
8	0.0
9	0.0
10	0.0
11	0.0
12	0.0
13	0.0
14	0.0
15	0.0
16	0.0
17	0.0
18	0.0
19	0.0
20	0.0
21	0.0
22	0.0
23	0.0
24	0.0
25	0.0
26	0.0
27	0.0
28	0.0
29	0.0
30	0.0
31	0.0
32	0.0
33	0.0
34	0.0
35	0.0
36	0.0
37	0.0
38	0.0
39	0.0
>>END_MODULE
>>Sequence Length Distribution	pass
#Length	Count
39	3.9068198E7
>>END_MODULE
>>Sequence Duplication Levels	fail
#Total Duplicate Percentage	82.36077296048511
#Duplication Level	Relative count
1	100.0
2	49.07120015048909
3	30.767964635063958
4	22.215951843491347
5	16.922968397291196
6	13.659236267870579
7	11.634687735139202
8	10.205041384499625
9	8.542607223476297
10++	207.25874717832957
>>END_MODULE
>>Overrepresented sequences	pass
>>END_MODULE
>>Kmer Content	warn
#Sequence	Count	Obs/Exp Overall	Obs/Exp Max	Max Obs/Exp Position
AAAAA	5270815	4.977624	5.6330767	11
TTCTT	4147130	3.4337204	3.8081474	1
TTTTT	3635990	3.4205747	4.3156657	1
CAGCA	4731745	3.2849684	3.6266596	27
CTTCT	4300060	3.1335216	3.6038637	1
>>END_MODULE
