##FastQC	0.10.1
>>Basic Statistics	pass
#Measure	Value	
Filename	Control_3.fastq	
File type	Conventional base calls	
Encoding	Sanger / Illumina 1.9	
Total Sequences	26430491	
Filtered Sequences	0	
Sequence length	39	
%GC	52	
>>END_MODULE
>>Per base sequence quality	pass
#Base	Mean	Median	Lower Quartile	Upper Quartile	10th Percentile	90th Percentile
1	37.555651274128806	39.0	37.0	39.0	35.0	39.0
2	38.95159480767875	41.0	38.0	41.0	35.0	41.0
3	38.91788272113447	41.0	38.0	41.0	35.0	41.0
4	38.87469067449409	40.0	38.0	41.0	35.0	41.0
5	38.870976857751145	40.0	38.0	41.0	35.0	41.0
6	38.86804403293151	40.0	38.0	41.0	35.0	41.0
7	38.901980746403844	40.0	38.0	41.0	35.0	41.0
8	38.85382204969253	40.0	38.0	41.0	35.0	41.0
9	38.83527691558965	40.0	38.0	41.0	35.0	41.0
10	38.787152686645136	40.0	38.0	41.0	34.0	41.0
11	38.77480062704851	40.0	38.0	41.0	34.0	41.0
12	38.7742699899143	40.0	38.0	41.0	34.0	41.0
13	38.744575838564636	40.0	38.0	41.0	34.0	41.0
14	38.68038391719624	40.0	38.0	41.0	34.0	41.0
15	38.62862649808511	40.0	38.0	41.0	34.0	41.0
16	38.58778684815201	40.0	38.0	41.0	34.0	41.0
17	38.53534820824933	40.0	38.0	41.0	34.0	41.0
18	38.50001893646244	40.0	38.0	41.0	34.0	41.0
19	38.43465060864742	40.0	38.0	41.0	34.0	41.0
20	38.384553014925075	40.0	38.0	41.0	34.0	41.0
21	38.32615716446584	40.0	38.0	41.0	34.0	41.0
22	38.267838308414326	40.0	38.0	41.0	33.0	41.0
23	38.1953323530766	40.0	38.0	41.0	33.0	41.0
24	38.06056372543363	40.0	37.0	41.0	33.0	41.0
25	38.02925991802422	40.0	37.0	41.0	33.0	41.0
26	37.97366624781961	40.0	37.0	41.0	33.0	41.0
27	37.896925751398264	40.0	37.0	41.0	33.0	41.0
28	37.80421339883546	40.0	37.0	41.0	33.0	41.0
29	37.72700647142726	40.0	36.0	41.0	33.0	41.0
30	37.60910389443768	40.0	36.0	41.0	32.0	41.0
31	37.552531960151626	40.0	36.0	41.0	32.0	41.0
32	37.45873824288773	40.0	36.0	41.0	32.0	41.0
33	37.3797916580513	39.0	35.0	41.0	32.0	41.0
34	37.29059675811546	39.0	35.0	41.0	32.0	41.0
35	37.18470508171793	39.0	35.0	41.0	32.0	41.0
36	37.07676058685402	39.0	35.0	41.0	31.0	41.0
37	36.94808685165932	39.0	35.0	41.0	31.0	41.0
38	36.83012112790489	39.0	35.0	41.0	31.0	41.0
39	36.68703226133786	39.0	35.0	41.0	31.0	41.0
>>END_MODULE
>>Per sequence quality scores	pass
#Quality	Count
7	3.0
8	30.0
9	177.0
10	552.0
11	1050.0
12	1730.0
13	2524.0
14	3419.0
15	4819.0
16	6757.0
17	9298.0
18	13531.0
19	19175.0
20	27205.0
21	36982.0
22	50104.0
23	65873.0
24	84174.0
25	107645.0
26	135211.0
27	168014.0
28	206828.0
29	252537.0
30	307639.0
31	377346.0
32	460979.0
33	579085.0
34	773157.0
35	1036661.0
36	1436064.0
37	2054063.0
38	2920215.0
39	4438944.0
40	1.08487E7
>>END_MODULE
>>Per base sequence content	pass
#Base	G	A	T	C
1	24.64505105107582	24.04190296729637	24.700816189907332	26.61222979172048
2	24.117785023365627	23.90172774315846	25.07898169579975	26.90150553767616
3	24.70476995678968	23.43613669530392	24.435985695460598	27.423107652445804
4	25.475886921661804	23.56311504012544	23.409360802264324	27.551637235948434
5	24.93797031617763	23.9828840107435	23.754378985997647	27.32476668708122
6	24.660608839994687	23.890626927816058	23.781900230305975	27.66686400188328
7	25.281879931780303	23.736884040481883	23.237339783055866	27.74389624468195
8	25.35495084067867	23.715367224922154	23.80016701165332	27.129514922745855
9	24.93157996951324	23.614865875930946	23.847411688265645	27.606142466290162
10	25.59390213371367	24.27222029284284	22.740413713842848	27.393463859600644
11	25.22082166388812	24.571688811986125	23.329263917193213	26.87822560693254
12	24.966505540892143	24.018259819690826	23.38546415955723	27.629770479859793
13	25.574103031230106	24.162184501226257	22.77225194189544	27.491460525648197
14	25.248399660831122	24.08293133865731	23.218668166247838	27.450000834263726
15	24.867067357923847	23.719025878104194	23.646393856247315	27.767512907724644
16	25.513593372139777	23.915030560726247	22.9840868260828	27.587289241051177
17	25.30421020177037	24.078837581942764	23.349532174790095	27.26742004149677
18	24.969172914721867	23.745362884102306	23.465443755850014	27.820020445325817
19	25.48237185605065	23.951863020630228	22.801479548752994	27.764285574566134
20	25.113615936987323	24.198037032304846	23.468917017092114	27.219430013615714
21	24.8432501689053	23.698413321190287	23.742404180081255	27.715932329823158
22	25.540407100269153	24.05863364399852	22.73562757498527	27.66533168074706
23	25.38734902806005	24.22071538512092	23.20250123238346	27.189434354435566
24	25.16912001369933	23.79233514806819	23.163966193439236	27.874578644793242
25	25.64022363413529	23.87202719767862	22.488556871682785	27.999192296503306
26	25.271516900688678	24.059609789314923	23.050896027622038	27.617977282374362
27	24.941594917778865	23.802062549651463	23.27373713942734	27.982605393142336
28	25.440333287792498	24.112976183454176	22.461050761410373	27.985639767342953
29	25.225702390470158	24.118817921316708	23.13556339153896	27.519916296674168
30	25.071819513303783	23.84625393451828	23.098129353707428	27.983797198470512
31	25.45534246790951	24.12572282520215	22.563311442076504	27.85562326481184
32	25.137784992340855	24.01895598534284	23.26731652469112	27.575942497625185
33	24.99015247200667	23.655542380956902	23.091337955091337	28.262967191945094
34	25.616330774937175	23.80653087375486	22.54715585873906	28.029982492568905
35	25.446159891619114	23.857865523572755	22.992970505163903	27.703004079644227
36	24.83440432491398	23.739286568683116	23.01493755829205	28.411371548110854
37	25.818430690523304	23.694153090080693	22.433260887964586	28.054155331431414
38	25.6932835640473	23.97037951357014	22.900024823602408	27.436312098780153
39	25.384950283367797	23.771189116388342	22.824740561951725	28.01912003829214
>>END_MODULE
>>Per base GC content	pass
#Base	%GC
1	51.257280842796305
2	51.019290561041785
3	52.12787760923548
4	53.02752415761024
5	52.26273700325885
6	52.32747284187796
7	53.02577617646226
8	52.484465763424524
9	52.5377224358034
10	52.98736599331432
11	52.09904727082066
12	52.596276020751944
13	53.0655635568783
14	52.69840049509485
15	52.63458026564849
16	53.10088261319096
17	52.571630243267144
18	52.78919336004768
19	53.246657430616786
20	52.333045950603044
21	52.559182498728454
22	53.20573878101621
23	52.57678338249562
24	53.04369865849258
25	53.63941593063859
26	52.889494183063036
27	52.9242003109212
28	53.425973055135444
29	52.74561868714432
30	53.05561671177429
31	53.31096573272135
32	52.71372748996605
33	53.253119663951765
34	53.64631326750607
35	53.14916397126335
36	53.24577587302484
37	53.87258602195472
38	53.129595662827455
39	53.40407032165994
>>END_MODULE
>>Per sequence GC content	pass
#GC Content	Count
0	10399.0
1	7155.0
2	3911.0
3	3911.0
4	4341.5
5	4772.0
6	5337.0
7	5902.0
8	5902.0
9	7126.0
10	8350.0
11	8350.0
12	11485.5
13	14621.0
14	24455.0
15	34289.0
16	34289.0
17	39138.5
18	43988.0
19	57909.5
20	71831.0
21	71831.0
22	96793.5
23	121756.0
24	162459.5
25	203163.0
26	203163.0
27	245534.0
28	287905.0
29	364912.5
30	441920.0
31	441920.0
32	561907.0
33	681894.0
34	681894.0
35	786708.5
36	891523.0
37	1039138.0
38	1186753.0
39	1186753.0
40	1323475.0
41	1460197.0
42	1578099.0
43	1696001.0
44	1696001.0
45	1822549.0
46	1949097.0
47	2033773.0
48	2118449.0
49	2118449.0
50	2161836.0
51	2205223.0
52	2205223.0
53	2175434.0
54	2145645.0
55	2053364.0
56	1961083.0
57	1961083.0
58	1855265.0
59	1749447.0
60	1618083.5
61	1486720.0
62	1486720.0
63	1365570.0
64	1244420.0
65	1154854.0
66	1065288.0
67	1065288.0
68	967956.5
69	870625.0
70	870625.0
71	773327.0
72	676029.0
73	601024.5
74	526020.0
75	526020.0
76	459239.0
77	392458.0
78	338976.5
79	285495.0
80	285495.0
81	244057.0
82	202619.0
83	172908.0
84	143197.0
85	143197.0
86	121511.0
87	99825.0
88	82813.5
89	65802.0
90	65802.0
91	52574.5
92	39347.0
93	39347.0
94	30679.5
95	22012.0
96	15715.5
97	9419.0
98	9419.0
99	6257.5
100	3096.0
>>END_MODULE
>>Per base N content	pass
#Base	N-Count
1	0.0
2	0.0
3	0.0
4	0.0
5	0.0
6	0.0
7	0.0
8	0.0
9	0.0
10	0.0
11	0.0
12	0.0
13	0.0
14	0.0
15	0.0
16	0.0
17	0.0
18	0.0
19	0.0
20	0.0
21	0.0
22	0.0
23	0.0
24	0.0
25	0.0
26	0.0
27	0.0
28	0.0
29	0.0
30	0.0
31	0.0
32	0.0
33	0.0
34	0.0
35	0.0
36	0.0
37	0.0
38	0.0
39	0.0
>>END_MODULE
>>Sequence Length Distribution	pass
#Length	Count
39	2.6430491E7
>>END_MODULE
>>Sequence Duplication Levels	fail
#Total Duplicate Percentage	85.40710404671155
#Duplication Level	Relative count
1	100.0
2	74.21712189835783
3	48.25085442774181
4	32.09591819722693
5	23.42660257300842
6	18.25002083970102
7	14.607241101447665
8	12.017560921392647
9	10.308705437772653
10++	222.55133513017867
>>END_MODULE
>>Overrepresented sequences	pass
>>END_MODULE
>>Kmer Content	warn
#Sequence	Count	Obs/Exp Overall	Obs/Exp Max	Max Obs/Exp Position
AAAAA	3982870	5.498663	6.232585	11
TTTTT	2379410	3.7818701	4.7560463	1
TTCTT	2739070	3.665598	4.1272388	1
CTTCT	2929455	3.3009048	3.7730277	2
CAGCA	3332065	3.2741823	3.5903528	27
TCTTC	2739155	3.0864751	3.5222025	1
>>END_MODULE
