##FastQC	0.10.1
>>Basic Statistics	pass
#Measure	Value	
Filename	Sample_5_L002_shorten.fastq	
File type	Conventional base calls	
Encoding	Sanger / Illumina 1.9	
Total Sequences	18349377	
Filtered Sequences	0	
Sequence length	8-39	
%GC	52	
>>END_MODULE
>>Per base sequence quality	pass
#Base	Mean	Median	Lower Quartile	Upper Quartile	10th Percentile	90th Percentile
1	37.50081280688712	39.0	37.0	39.0	34.0	39.0
2	38.836977734993404	40.0	38.0	41.0	34.0	41.0
3	38.809368405259754	40.0	38.0	41.0	34.0	41.0
4	38.781899516261504	40.0	38.0	41.0	34.0	41.0
5	38.77031770615427	40.0	38.0	41.0	34.0	41.0
6	38.76513753028237	40.0	38.0	41.0	34.0	41.0
7	38.79708509994644	40.0	38.0	41.0	34.0	41.0
8	38.71382810435472	40.0	38.0	41.0	34.0	41.0
9	38.718215631455806	40.0	38.0	41.0	34.0	41.0
10	38.72517772796064	40.0	38.0	41.0	34.0	41.0
11	38.70337277830339	40.0	38.0	41.0	34.0	41.0
12	38.67847706819687	40.0	38.0	41.0	34.0	41.0
13	38.646992500560174	40.0	38.0	41.0	34.0	41.0
14	38.58879523725895	40.0	38.0	41.0	34.0	41.0
15	38.53497046683711	40.0	38.0	41.0	34.0	41.0
16	38.48974463471024	40.0	38.0	41.0	34.0	41.0
17	38.44341932850964	40.0	38.0	41.0	34.0	41.0
18	38.410188960119825	40.0	38.0	41.0	34.0	41.0
19	38.36908348843751	40.0	38.0	41.0	34.0	41.0
20	38.31638096407595	40.0	38.0	41.0	33.0	41.0
21	38.25332836431928	40.0	38.0	41.0	33.0	41.0
22	38.20555383619995	40.0	38.0	41.0	33.0	41.0
23	38.13784152577575	40.0	38.0	41.0	33.0	41.0
24	37.94154866956395	40.0	37.0	41.0	33.0	41.0
25	37.94924220133512	40.0	37.0	41.0	33.0	41.0
26	37.91333556030151	40.0	37.0	41.0	33.0	41.0
27	37.84657956888618	40.0	37.0	41.0	33.0	41.0
28	37.775005467810544	40.0	37.0	41.0	33.0	41.0
29	37.7169356832562	40.0	36.0	41.0	32.0	41.0
30	37.587961729885144	40.0	36.0	41.0	32.0	41.0
31	37.55585369705609	40.0	36.0	41.0	32.0	41.0
32	37.48480165103851	40.0	36.0	41.0	32.0	41.0
33	37.41830674833681	39.0	35.0	41.0	32.0	41.0
34	37.345299612169605	39.0	35.0	41.0	32.0	41.0
35	37.26798481598171	39.0	35.0	41.0	32.0	41.0
36	37.19965076676299	39.0	35.0	41.0	31.0	41.0
37	37.101366976487775	39.0	35.0	41.0	31.0	41.0
38	37.08996238971805	39.0	35.0	41.0	31.0	41.0
39	37.25094488622261	39.0	35.0	41.0	32.0	41.0
>>END_MODULE
>>Per sequence quality scores	pass
#Quality	Count
10	9.0
11	41.0
12	92.0
13	236.0
14	442.0
15	907.0
16	1521.0
17	2704.0
18	4601.0
19	7657.0
20	12869.0
21	20699.0
22	30873.0
23	44703.0
24	61046.0
25	81436.0
26	105284.0
27	132251.0
28	162242.0
29	195792.0
30	236428.0
31	283887.0
32	344129.0
33	424237.0
34	554019.0
35	729502.0
36	996366.0
37	1405855.0
38	1998271.0
39	3077808.0
40	7427675.0
41	5795.0
>>END_MODULE
>>Per base sequence content	pass
#Base	G	A	T	C
1	24.76345514566328	24.303608395577964	25.136399748569076	25.796536710189677
2	24.42749684934773	24.101142409482613	25.37808508464185	26.09327565652781
3	25.082211300741065	23.690026732808107	24.59090269237139	26.636859274079434
4	25.6810953309205	23.91120962853398	23.722374879539508	26.68532016100601
5	25.22497365168539	24.32773308687257	23.879614184050233	26.56767907739181
6	25.084968834088357	24.123813481385607	23.848414455533227	26.942803228992812
7	25.4828025477707	23.979612384618004	23.53913416669505	26.998450900916243
8	25.632185123283787	23.804792883374972	24.09341856495143	26.46960342838981
9	25.252146650231506	23.73121122392964	23.89905282723853	27.117589298600326
10	25.65719715999302	24.501452381613085	23.138131056553448	26.703219401840446
11	25.398638206837298	24.656832299575957	23.593544451130967	26.350985042455775
12	25.288642409765792	24.212388980909225	23.53755521333723	26.961413395987755
13	25.754665117004897	24.32447159600998	23.118856486633213	26.8020068003519
14	25.51715438812922	24.284304984503997	23.49017520960764	26.70836541775914
15	25.287061686657648	23.939124361917628	23.744088919309476	27.02972503211525
16	25.78305291899169	24.18412679144308	23.260382739267715	26.772437550297518
17	25.499525810427997	24.12987591916707	23.641918936810917	26.728679333594012
18	25.288727502112984	23.950477208959654	23.584992515129464	27.175802773797898
19	25.706231103965326	24.127292646056517	23.216389087922266	26.95008716205589
20	25.304631116213905	24.34745900063699	23.790886219027843	26.55702366412126
21	25.218769401014164	23.96737837459485	23.835835332196726	26.978016892194262
22	25.71137189458271	24.36754919547597	23.077688607250707	26.843390302690608
23	25.67999106939413	24.34760546490101	23.523383142672333	26.449020323032524
24	25.669436876002262	23.988554601468543	23.177298410194226	27.164710112334973
25	25.80250708429892	24.191613262091984	22.836684006631156	27.16919564697794
26	25.540788158323206	24.22195878400381	23.351117236767006	26.886135820905977
27	25.365475358792438	23.94787496226147	23.35683868138566	27.329810997560433
28	25.60996128058183	24.305604337249367	22.87097266776676	27.213461714402037
29	25.459243674694342	24.25114329581413	23.425762868205886	26.86385016128564
30	25.3872859345354	24.102527186729994	23.23625145143648	27.27393542729813
31	25.633963937507243	24.350249882474564	22.94878820564156	27.066997974376626
32	25.292610579360797	24.21001881672812	23.56990203982467	26.927468564086414
33	25.31032753962946	23.914875654684728	23.328371111207332	27.44642569447848
34	25.9106446504051	24.036562959842513	22.921889437675897	27.130902952076486
35	25.779451879252097	24.153651720488252	23.23351165920937	26.83338474105029
36	24.984912033350746	24.10649653188083	23.363531807011523	27.545059627756903
37	24.96785623204019	24.180178271089563	23.074590605073	27.77737489179725
38	26.08885061013656	23.381938953541013	23.325907391659346	27.203303044663084
39	25.502953903648653	24.39034027846074	22.429108654012765	27.67759716387784
>>END_MODULE
>>Per base GC content	pass
#Base	%GC
1	50.55999185585296
2	50.52077250587554
3	51.719070574820506
4	52.36641549192651
5	51.79265272907719
6	52.027772063081166
7	52.48125344868695
8	52.101788551673586
9	52.36973594883183
10	52.36041656183347
11	51.74962324929307
12	52.25005580575355
13	52.5566719173568
14	52.22551980588837
15	52.3167867187729
16	52.555490469289204
17	52.22820514402201
18	52.46453027591088
19	52.656318266021216
20	51.861654780335165
21	52.19678629320843
22	52.55476219727332
23	52.12901139242665
24	52.834146988337224
25	52.97170273127686
26	52.42692397922918
27	52.69528635635287
28	52.82342299498387
29	52.32309383597998
30	52.66122136183353
31	52.70096191188387
32	52.22007914344721
33	52.75675323410795
34	53.041547602481586
35	52.61283662030238
36	52.529971661107645
37	52.74523112383744
38	53.29215365479965
39	53.180551067526494
>>END_MODULE
>>Per sequence GC content	pass
#GC Content	Count
0	17609.0
1	15947.0
2	13534.0
3	11792.0
4	10212.5
5	8568.0
6	5957.0
7	4342.0
8	4237.0
9	5189.0
10	6212.5
11	6247.5
12	8225.0
13	10374.5
14	16175.0
15	21953.5
16	22226.5
17	25615.0
18	29212.5
19	39271.0
20	49174.0
21	50032.5
22	66228.5
23	81885.5
24	110342.5
25	139091.0
26	140794.5
27	172390.5
28	203367.5
29	257700.5
30	313316.5
31	315750.5
32	393377.0
33	473062.5
34	476452.5
35	552359.0
36	630650.5
37	743023.0
38	856577.5
39	864209.0
40	967636.0
41	1071731.5
42	1159831.0
43	1248038.5
44	1253628.0
45	1331882.0
46	1411766.5
47	1468948.5
48	1522956.0
49	1524482.0
50	1557592.0
51	1589661.5
52	1590362.5
53	1557440.5
54	1521987.5
55	1445812.0
56	1369750.5
57	1364914.5
58	1290701.5
59	1217090.5
60	1120811.5
61	1024362.5
62	1021240.0
63	937595.5
64	852448.5
65	783579.5
66	716524.5
67	713630.0
68	643348.5
69	575040.0
70	571736.5
71	505211.5
72	438844.5
73	386068.5
74	334176.5
75	331109.5
76	289051.5
77	247561.0
78	215009.0
79	181511.0
80	178936.0
81	153289.0
82	127767.0
83	109110.0
84	90637.0
85	89111.0
86	75607.5
87	62455.0
88	52321.0
89	42392.5
90	41722.5
91	34216.5
92	26999.0
93	26329.0
94	21191.5
95	16282.5
96	12266.0
97	8413.5
98	8079.0
99	6172.5
100	4478.0
>>END_MODULE
>>Per base N content	pass
#Base	N-Count
1	1.63493289172706E-5
2	1.0899552611513732E-5
3	7.629686828059612E-5
4	0.0
5	3.26986578345412E-5
6	1.0899552611513732E-5
7	1.0899552611513732E-5
8	2.724888152878433E-5
9	9.156399145751562E-4
10	4.9066001404378E-5
11	6.052183562400302E-4
12	0.001717909638825587
13	9.436207853150352E-4
14	1.6912832950257667E-4
15	0.012708596413283773
16	0.006980578763660362
17	0.002123476964805744
18	0.009948258137533195
19	4.96974164606909E-4
20	0.0013383176287677329
21	0.00833207714749454
22	9.563782752608604E-4
23	0.010741157936182435
24	0.012324294733485487
25	0.006289466401670482
26	0.005525477869038734
27	0.014923511667017546
28	0.008299575248980414
29	0.007142178761066406
30	0.019623675997980403
31	0.008941502223938112
32	0.0031068401147071717
33	0.003928668350114792
34	0.00655838256200904
35	0.006785689991853854
36	0.005347419115214569
37	0.018852661922666047
38	0.0
39	0.0
>>END_MODULE
>>Sequence Length Distribution	warn
#Length	Count
8	1553.0
9	5184.0
10	2152.0
11	4250.0
12	2602.0
13	4359.0
14	3099.0
15	3915.0
16	3251.0
17	4248.0
18	3953.0
19	4245.0
20	3807.0
21	4560.0
22	4082.0
23	5038.0
24	4539.0
25	5578.0
26	5783.0
27	7184.0
28	8261.0
29	14465.0
30	13670.0
31	11732.0
32	18316.0
33	24338.0
34	93043.0
35	335291.0
36	396544.0
37	65434.0
38	202421.0
39	1.708248E7
>>END_MODULE
>>Sequence Duplication Levels	fail
#Total Duplicate Percentage	74.32388261812687
#Duplication Level	Relative count
1	100.0
2	44.972390305194594
3	24.645372482888604
4	16.55259068214132
5	11.867208940911947
6	9.334391429421684
7	7.740634196342955
8	6.42462718645637
9	5.606255993122375
10++	103.51155639321496
>>END_MODULE
>>Overrepresented sequences	pass
>>END_MODULE
>>Kmer Content	warn
#Sequence	Count	Obs/Exp Overall	Obs/Exp Max	Max Obs/Exp Position
AAAAA	2495715	4.7974415	5.246946	11
TTCTT	1835500	3.5031304	3.937606	1
TTTTT	1594635	3.4840465	4.2542214	1
CTTCT	1916205	3.1946487	3.4793751	10
CAGCA	2146270	3.143068	3.4419062	27
TCTTC	1830890	3.052414	3.4251444	13
>>END_MODULE
