##FastQC	0.10.1
>>Basic Statistics	pass
#Measure	Value	
Filename	Sample_2_L002_trimmed.fastq	
File type	Conventional base calls	
Encoding	Sanger / Illumina 1.9	
Total Sequences	15348791	
Filtered Sequences	0	
Sequence length	5-51	
%GC	51	
>>END_MODULE
>>Per base sequence quality	pass
#Base	Mean	Median	Lower Quartile	Upper Quartile	10th Percentile	90th Percentile
1	32.48526453972824	34.0	31.0	34.0	31.0	34.0
2	32.694832576715655	34.0	31.0	34.0	31.0	34.0
3	32.75544562434918	34.0	31.0	34.0	31.0	34.0
4	36.19603830686078	37.0	37.0	37.0	35.0	37.0
5	36.26386202014217	37.0	37.0	37.0	35.0	37.0
6	36.18154340861664	37.0	36.0	37.0	35.0	37.0
7	36.16744148060538	37.0	36.0	37.0	35.0	37.0
8	36.15553978855932	37.0	36.0	37.0	35.0	37.0
9	37.94691804010775	39.0	38.0	39.0	35.0	39.0
10	37.95974613767081	39.0	38.0	39.0	35.0	39.0
11	37.95642503399208	39.0	38.0	39.0	35.0	39.0
12	37.927685137070455	39.0	38.0	39.0	35.0	39.0
13	37.8385765059138	39.0	38.0	39.0	35.0	39.0
14	39.266993473509395	41.0	39.0	41.0	36.0	41.0
15	39.24559715000339	41.0	39.0	41.0	36.0	41.0
16	39.225991559736066	41.0	39.0	41.0	36.0	41.0
17	39.21493106830768	41.0	39.0	41.0	36.0	41.0
18	39.21880984340895	41.0	39.0	41.0	36.0	41.0
19	39.257075647159844	41.0	39.0	41.0	36.0	41.0
20	39.17905361267875	41.0	39.0	41.0	36.0	41.0
21	39.190756440182874	41.0	39.0	41.0	36.0	41.0
22	39.20749819107037	41.0	39.0	41.0	36.0	41.0
23	39.190389387191644	41.0	39.0	41.0	36.0	41.0
24	39.181870220857	41.0	39.0	41.0	36.0	41.0
25	39.15898858337632	41.0	39.0	41.0	36.0	41.0
26	39.12680963169878	41.0	39.0	41.0	35.0	41.0
27	39.095035793693356	40.0	39.0	41.0	35.0	41.0
28	39.064529559138045	40.0	38.0	41.0	35.0	41.0
29	39.021911031208816	40.0	38.0	41.0	35.0	41.0
30	39.00171264125682	40.0	38.0	41.0	35.0	41.0
31	38.97231375511994	40.0	38.0	41.0	35.0	41.0
32	38.92390340899468	40.0	38.0	41.0	35.0	41.0
33	38.87362347088559	40.0	38.0	41.0	35.0	41.0
34	38.836698149673666	40.0	38.0	41.0	35.0	41.0
35	38.77286569338868	40.0	38.0	41.0	35.0	41.0
36	38.585057976048205	40.0	38.0	41.0	34.0	41.0
37	38.60712653752566	40.0	38.0	41.0	34.0	41.0
38	38.577008166389795	40.0	38.0	41.0	34.0	41.0
39	38.51985134616614	40.0	38.0	41.0	34.0	41.0
40	38.45960702171028	40.0	38.0	41.0	34.0	41.0
41	38.40247040988677	40.0	37.0	41.0	34.0	41.0
42	38.28133613251172	40.0	37.0	41.0	33.0	41.0
43	38.252030531782616	40.0	37.0	41.0	33.0	41.0
44	38.176840312774566	40.0	37.0	41.0	33.0	41.0
45	38.10901311216439	40.0	37.0	41.0	33.0	41.0
46	38.03471877516882	40.0	37.0	41.0	33.0	41.0
47	37.93887554576662	40.0	36.0	41.0	33.0	41.0
48	37.8524609472978	40.0	36.0	41.0	33.0	41.0
49	37.72319753696879	39.0	36.0	41.0	33.0	41.0
50	37.6128426760942	39.0	35.0	41.0	33.0	41.0
51	37.48915588997512	39.0	35.0	41.0	33.0	41.0
>>END_MODULE
>>Per sequence quality scores	pass
#Quality	Count
22	1.0
23	3.0
24	17.0
25	79.0
26	762.0
27	5840.0
28	29559.0
29	89567.0
30	171560.0
31	245931.0
32	322478.0
33	417121.0
34	561895.0
35	850809.0
36	1163395.0
37	1700107.0
38	2752340.0
39	6920529.0
40	116798.0
>>END_MODULE
>>Per base sequence content	fail
#Base	G	A	T	C
1	32.42598716732804	12.436627744817166	7.1742523564233815	47.963132731431415
2	22.126622220603565	10.617780905349484	40.14886253907555	27.1067343349714
3	20.390635327564237	15.45250046078548	24.85576225515091	39.30110195649937
4	24.903941945655525	21.780236632318466	19.8008624913845	33.514958930641505
5	26.020225306344972	26.2015555492286	23.897282854395502	23.88093629003092
6	23.54667770618121	29.286331610599735	23.31768973440887	23.84930094881018
7	19.39238948577846	25.830137877718922	35.15836897779204	19.619103658710582
8	20.180298305285362	22.030560427944625	31.964866193327996	25.824275073442017
9	20.696362743458653	19.450966578638468	32.644661925874914	27.20800875202796
10	22.021100192270428	31.742549893153328	24.645699678503945	21.590650236072303
11	25.42849133566973	26.23173838230086	22.033630258552172	26.30614002347723
12	24.089293224263283	22.05767354573636	25.409924920009942	28.443108309990418
13	24.1507961429145	24.380881081168095	25.280587600301462	26.187735175615938
14	23.22318122004137	24.76802783264081	26.477543936649873	25.531247010667947
15	23.590873951602774	23.999382515967856	25.598557286328383	26.811186246100988
16	24.762000578831856	24.31834187600321	23.97988977379974	26.93976777136519
17	23.990720117326628	25.077957857788256	24.960376972918393	25.97094505196672
18	23.76020859898834	24.62813161918186	24.753861512424088	26.85779826940571
19	24.772567086370906	24.634189588063187	23.625265838965483	26.967977486600425
20	24.306720598295417	24.789643849477624	25.10875312300471	25.794882429222245
21	23.799892121440905	24.10482437408931	25.038283465296	27.05700003917378
22	24.878025625008974	24.828970022637296	23.449120629725275	26.843883722628455
23	24.08865163642056	25.32878404986546	24.81329321188866	25.769271101825318
24	23.73507471299399	24.60306929429949	24.603518502469885	27.058337490236635
25	24.92766647905508	24.749311846295573	23.35222135329489	26.970800321354453
26	24.18470588816013	25.08592828444395	24.535767572359372	26.193598255036555
27	23.740612354939135	24.256833010167973	24.843663918906735	27.158890715986157
28	24.857909650080625	24.428603565702115	23.64012431221917	27.073362471998085
29	24.255050623784793	24.935496552681453	24.700521964576474	26.10893085895728
30	23.896446492933148	24.247740369640436	24.56587976462782	27.289933372798597
31	24.80629277918931	24.586992922502418	23.419437518648788	27.187276779659484
32	24.108956145996583	25.11323764610815	24.81772110083084	25.96008510706443
33	23.725145836708812	24.247060426906113	24.89466193531976	27.133131801065314
34	24.876566832741613	24.800777445523302	23.266799963007305	27.055855758727777
35	24.410506721831897	25.12028891367993	24.503506498540883	25.96569786594729
36	24.08770582621743	24.22500043227425	24.361907605809794	27.325386135698526
37	24.922707629973427	24.535463085961524	23.05536197126869	27.486467312796357
38	24.28616639961283	24.932423203854814	24.39219144020511	26.38921895632724
39	23.80777767181646	24.354125333606177	24.43443628928483	27.403660705292538
40	24.87334510063498	24.81159109960836	23.086168912373456	27.228894887383206
41	24.27149014478709	25.09153901804208	24.37549222162363	26.261478615547198
42	23.987920268570317	24.453871972294827	24.21410105230763	27.344106706827226
43	24.881934409381145	24.81906477089549	23.085562720268136	27.213438099455225
44	24.17128256966463	25.000653817559925	24.48873670693399	26.339326905841453
45	23.974482838179128	24.236573097756196	24.253442987864275	27.535501076200404
46	24.995176072433807	24.539967023889417	23.0553853294309	27.40947157424587
47	24.43990798862709	24.907275690798233	24.247189271808722	26.405627048765957
48	23.73737911116174	24.26703288453192	24.16004407233691	27.835543931969433
49	25.196921210990343	24.423798106078277	22.99315762466763	27.38612305826375
50	24.77149203076941	24.979167837904164	24.100995426816862	26.14834470450956
51	24.344680020901972	24.334899487850972	23.986398936893387	27.334021554353672
>>END_MODULE
>>Per base GC content	fail
#Base	%GC
1	80.38911989875945
2	49.233356555574964
3	59.691737284063606
4	58.41890087629703
5	49.9011615963759
6	47.39597865499139
7	39.01149314448904
8	46.00457337872738
9	47.90437149548662
10	43.611750428342724
11	51.73463135914697
12	52.532401534253694
13	50.33853131853044
14	48.754428230709316
15	50.40206019770377
16	51.70176835019705
17	49.96166516929335
18	50.61800686839405
19	51.740544572971324
20	50.10160302751766
21	50.856892160614684
22	51.72190934763743
23	49.85792273824588
24	50.79341220323062
25	51.89846680040954
26	50.37830414319669
27	50.89950307092529
28	51.93127212207871
29	50.36398148274207
30	51.186379865731745
31	51.9935695588488
32	50.06904125306101
33	50.85827763777413
34	51.9324225914694
35	50.376204587779185
36	51.41309196191596
37	52.40917494276979
38	50.67538535594007
39	51.211438377109
40	52.102239988018184
41	50.532968760334285
42	51.33202697539754
43	52.09537250883637
44	50.51060947550609
45	51.50998391437953
46	52.40464764667968
47	50.84553503739304
48	51.57292304313117
49	52.583044269254096
50	50.91983673527897
51	51.67870157525564
>>END_MODULE
>>Per sequence GC content	pass
#GC Content	Count
0	6250.0
1	6191.0
2	6108.0
3	5788.5
4	5519.0
5	5820.0
6	6737.0
7	7967.5
8	9471.5
9	10800.5
10	11287.0
11	12138.5
12	13239.0
13	14735.0
14	16638.5
15	19248.5
16	21261.5
17	24734.0
18	28804.5
19	34822.0
20	40815.0
21	49817.0
22	59101.0
23	69362.5
24	80083.0
25	97779.0
26	129778.0
27	147806.0
28	174689.0
29	202436.0
30	237290.5
31	274425.0
32	317896.5
33	358937.5
34	413093.0
35	471262.0
36	542288.5
37	611253.5
38	676159.0
39	744836.5
40	811233.0
41	871838.0
42	927507.0
43	983582.0
44	1051986.0
45	1121875.5
46	1151846.5
47	1179924.0
48	1202728.5
49	1223971.0
50	1232359.5
51	1240429.0
52	1226314.5
53	1210552.0
54	1179047.5
55	1145483.0
56	1095562.0
57	1046482.5
58	990494.5
59	930980.5
60	870826.0
61	807720.5
62	753263.0
63	702401.5
64	651400.5
65	597823.0
66	556073.5
67	520313.5
68	473302.0
69	421998.5
70	382044.0
71	343081.5
72	307950.5
73	272929.0
74	248610.5
75	203607.0
76	176771.5
77	159284.0
78	141898.5
79	125063.5
80	108865.5
81	96671.0
82	84214.0
83	75443.5
84	67116.5
85	60509.0
86	53569.5
87	49127.5
88	44534.5
89	40297.5
90	33883.5
91	28393.5
92	23324.5
93	17843.0
94	14140.5
95	11567.0
96	9884.5
97	8942.0
98	8201.0
99	7891.0
100	7695.0
>>END_MODULE
>>Per base N content	pass
#Base	N-Count
1	0.0
2	0.0
3	0.0
4	0.0
5	0.0
6	0.0
7	0.0
8	0.0
9	0.0
10	0.0
11	0.0
12	0.0
13	0.0
14	0.0
15	0.0
16	0.0
17	0.0
18	0.0
19	0.0
20	0.0
21	0.0
22	0.0
23	0.0
24	0.0
25	0.0
26	0.0
27	0.0
28	0.0
29	0.0
30	0.0
31	0.0
32	0.0
33	0.0
34	0.0
35	0.0
36	0.0
37	0.0
38	0.0
39	0.0
40	0.0
41	0.0
42	0.0
43	0.0
44	0.0
45	0.0
46	0.0
47	0.0
48	0.0
49	0.0
50	0.0
51	0.0
>>END_MODULE
>>Sequence Length Distribution	warn
#Length	Count
5	55848.0
6	48638.0
7	36730.0
8	47660.0
9	45266.0
10	46433.0
11	50100.0
12	47123.0
13	42909.0
14	48347.0
15	49869.0
16	41750.0
17	50175.0
18	46248.0
19	41541.0
20	48550.0
21	44653.0
22	43017.0
23	44028.0
24	44713.0
25	41396.0
26	45936.0
27	46426.0
28	41809.0
29	46418.0
30	46792.0
31	43839.0
32	46674.0
33	41512.0
34	42637.0
35	43843.0
36	43590.0
37	41933.0
38	42317.0
39	42542.0
40	38957.0
41	42175.0
42	39110.0
43	34927.0
44	20096.0
45	40029.0
46	51730.0
47	60782.0
48	41598.0
49	4172.0
50	0.0
51	1.3393953E7
>>END_MODULE
>>Sequence Duplication Levels	fail
#Total Duplicate Percentage	76.28958179227108
#Duplication Level	Relative count
1	100.0
2	56.61937075879087
3	30.371023177932493
4	18.806733057195736
5	12.997268000352516
6	10.214153520754385
7	8.125495725742487
8	6.8687758878998855
9	5.9557592315149375
10++	102.5575041861285
>>END_MODULE
>>Overrepresented sequences	pass
>>END_MODULE
>>Kmer Content	warn
#Sequence	Count	Obs/Exp Overall	Obs/Exp Max	Max Obs/Exp Position
AAAAA	2716620	5.109643	8.070471	10
TTCTT	2241760	3.286149	6.5069404	6
CAGCA	2227920	3.2233634	4.5252075	9
CTTCT	2389570	3.1730475	7.006521	1
TCTTC	2152010	2.8575978	5.3719697	7
TCTTG	1583880	2.382014	5.1799216	7
CTTCA	1733630	2.372344	5.675365	1
CTTGG	1515925	2.338965	5.761247	1
CTCCT	1878385	2.2594364	9.18659	1
CTGCT	1592245	2.1691551	5.3405647	1
TTGAA	1172535	2.0673692	5.8548636	7
CTCCA	1667210	2.066666	9.674889	1
TCCTC	1704310	2.050048	6.4668145	2
TCCAG	1406650	1.974837	6.4802995	2
TCCTT	1430895	1.900048	5.471994	2
CCTCC	1681180	1.831844	5.090999	1
CCCAG	1333355	1.6957027	5.5611353	1
GTCCA	1091115	1.5318483	6.3239503	1
GTCAG	814230	1.2946655	5.0677214	1
>>END_MODULE
