##FastQC	0.10.1
>>Basic Statistics	pass
#Measure	Value	
Filename	Treat_4_filtered.fastq	
File type	Conventional base calls	
Encoding	Sanger / Illumina 1.9	
Total Sequences	21274157	
Filtered Sequences	0	
Sequence length	39	
%GC	52	
>>END_MODULE
>>Per base sequence quality	pass
#Base	Mean	Median	Lower Quartile	Upper Quartile	10th Percentile	90th Percentile
1	38.26368922632281	39.0	39.0	39.0	37.0	39.0
2	39.794742184143885	41.0	40.0	41.0	38.0	41.0
3	39.77304994975829	41.0	39.0	41.0	38.0	41.0
4	39.74275930181393	41.0	39.0	41.0	37.0	41.0
5	39.740461255409556	41.0	39.0	41.0	37.0	41.0
6	39.74450155651291	41.0	39.0	41.0	37.0	41.0
7	39.77998456061032	41.0	40.0	41.0	38.0	41.0
8	39.761294607349186	41.0	39.0	41.0	37.0	41.0
9	39.7409232243609	41.0	39.0	41.0	37.0	41.0
10	39.72571068268416	41.0	39.0	41.0	37.0	41.0
11	39.712937344591374	41.0	39.0	41.0	37.0	41.0
12	39.71532249197935	41.0	39.0	41.0	37.0	41.0
13	39.69318427047427	41.0	39.0	41.0	37.0	41.0
14	39.669583382316866	41.0	39.0	41.0	37.0	41.0
15	39.63779744598106	41.0	39.0	41.0	37.0	41.0
16	39.61875857172625	41.0	39.0	41.0	37.0	41.0
17	39.58135676069327	41.0	39.0	41.0	37.0	41.0
18	39.5601142268528	41.0	39.0	41.0	37.0	41.0
19	39.51833127864949	41.0	39.0	41.0	36.0	41.0
20	39.477606562741826	41.0	39.0	41.0	36.0	41.0
21	39.43264059769795	41.0	39.0	41.0	36.0	41.0
22	39.396413310290036	40.0	39.0	41.0	36.0	41.0
23	39.340852518856565	40.0	39.0	41.0	36.0	41.0
24	39.28078800020137	40.0	38.0	41.0	35.0	41.0
25	39.234734565510635	40.0	38.0	41.0	35.0	41.0
26	39.182919633431304	40.0	38.0	41.0	35.0	41.0
27	39.1044418352276	40.0	38.0	41.0	35.0	41.0
28	39.02634026814788	40.0	38.0	41.0	35.0	41.0
29	38.95739116713297	40.0	38.0	41.0	35.0	41.0
30	38.87213387585698	40.0	38.0	41.0	35.0	41.0
31	38.813976976855066	40.0	38.0	41.0	35.0	41.0
32	38.73127142006144	40.0	38.0	41.0	35.0	41.0
33	38.65139977109316	40.0	37.0	41.0	35.0	41.0
34	38.567798291607986	40.0	37.0	41.0	35.0	41.0
35	38.47464696250949	40.0	37.0	41.0	35.0	41.0
36	38.3758663621783	40.0	37.0	41.0	35.0	41.0
37	38.254441997396185	40.0	36.0	41.0	34.0	41.0
38	38.1448684429658	39.0	36.0	41.0	34.0	41.0
39	38.01183290129898	39.0	35.0	41.0	34.0	41.0
>>END_MODULE
>>Per sequence quality scores	pass
#Quality	Count
26	5.0
27	32.0
28	301.0
29	1671.0
30	7544.0
31	27657.0
32	82132.0
33	195660.0
34	414723.0
35	724166.0
36	1160765.0
37	1789623.0
38	2642776.0
39	4133284.0
40	1.0093818E7
>>END_MODULE
>>Per base sequence content	pass
#Base	G	A	T	C
1	24.439417270446956	24.325659531421152	24.972040020199156	26.26288317793274
2	24.030376385771714	24.285672048015815	25.38402814268974	26.299923423522724
3	24.40313381160062	23.76307084694355	24.74733076379948	27.086464577656354
4	25.384023442150962	23.867874059592584	23.498162582893414	27.249939915363036
5	24.812104188194155	24.3536183360873	23.966449058357515	26.86782841736103
6	24.45360819702515	24.098811529876365	24.084357373126466	27.363222899972016
7	25.225605884172047	23.97854824517841	23.336186717057696	27.459659153591844
8	25.184541977385987	24.04323235933626	24.039979586500184	26.732246076777567
9	24.629483556034675	23.790366875641652	24.244462424527562	27.33568714379611
10	25.50610583535696	24.41499797148249	22.854282780746612	27.224613412413945
11	25.034190543954338	24.8957408747148	23.604451165797073	26.46561741553379
12	24.689847875053285	24.236828749548103	23.702086056805918	27.371237318592694
13	25.48799935997464	24.3499378142222	22.845553880231307	27.316508945571847
14	25.10025191597486	24.408092880014003	23.42818566206877	27.063469541942364
15	24.57752380035552	23.878309255685195	24.01083624606136	27.533330697897924
16	25.30992884935464	24.093231990343966	23.110015593097298	27.486823567204095
17	25.089736810722986	24.38385220152319	23.5819825904265	26.94442839732733
18	24.68720147171989	23.895710650250443	23.816309149170987	27.600778728858682
19	25.36842235393863	24.091060341427394	22.937787852181405	27.602729452452568
20	24.949124893644434	24.50509789882626	23.66981685807809	26.875960349451216
21	24.506912306795517	23.906954339013293	24.096315543783945	27.489817810407246
22	25.394500943092595	24.27189006831152	22.8731413423338	27.46046764626208
23	25.162096904709312	24.56954228550631	23.418624766189325	26.84973604359505
24	24.728570913526678	24.057230563824454	23.550968435553052	27.663230087095812
25	25.421181201210462	24.09133297267666	22.632149419598623	27.855336406514255
26	25.00201065546334	24.412360969226654	23.30385171078694	27.281776664523065
27	24.581359440000373	24.0844936887511	23.64989597472652	27.684250896522013
28	25.25880578957841	24.382554852819784	22.611382439266574	27.74725691833524
29	24.980223658215927	24.461011545604368	23.390628357212933	27.168136438966773
30	24.72753679499498	24.044736531746004	23.484432309115704	27.74329436414331
31	25.2839160677436	24.3913777641107	22.72859977483479	27.596106393310908
32	24.974404391205724	24.341058496465923	23.506285113906042	27.178251998422308
33	24.62632949451299	23.948337882436423	23.451223002631785	27.9741096204188
34	25.488652734865124	24.01363776717451	22.641555197698317	27.856154300262048
35	25.185458582448177	24.16633946999639	23.23976456505421	27.408437382501223
36	24.36743792010184	24.015452175143768	23.336186717057696	28.2809231876967
37	25.631915755815847	23.945663275870345	22.568696846601256	27.853724121712553
38	25.557995082954406	24.299491632030353	23.105615888798788	27.036897396216453
39	25.22798435679496	23.909788763897907	23.108581928769254	27.753644950537876
>>END_MODULE
>>Per base GC content	pass
#Base	%GC
1	50.70230044837969
2	50.330299809294445
3	51.489598389256976
4	52.633963357514006
5	51.67993260555518
6	51.81683109699718
7	52.6852650377639
8	51.916788054163554
9	51.965170699830786
10	52.7307192477709
11	51.49980795948812
12	52.06108519364599
13	52.80450830554649
14	52.16372145791722
15	52.110854498253445
16	52.79675241655873
17	52.03416520805031
18	52.287980200578566
19	52.971151806391205
20	51.82508524309565
21	51.99673011720276
22	52.85496858935468
23	52.011832948304374
24	52.39180100062249
25	53.27651760772471
26	52.28378731998641
27	52.265610336522386
28	53.00606270791365
29	52.1483600971827
30	52.470831159138285
31	52.88002246105451
32	52.152656389628035
33	52.600439114931795
34	53.344807035127175
35	52.5938959649494
36	52.648361107798536
37	53.4856398775284
38	52.59489247917085
39	52.98162930733283
>>END_MODULE
>>Per sequence GC content	pass
#GC Content	Count
0	2674.0
1	1480.5
2	287.0
3	287.0
4	457.5
5	628.0
6	1119.0
7	1610.0
8	1610.0
9	2586.0
10	3562.0
11	3562.0
12	5809.5
13	8057.0
14	14855.5
15	21654.0
16	21654.0
17	26379.5
18	31105.0
19	42110.0
20	53115.0
21	53115.0
22	73151.0
23	93187.0
24	125720.0
25	158253.0
26	158253.0
27	194216.0
28	230179.0
29	296527.5
30	362876.0
31	362876.0
32	468560.5
33	574245.0
34	574245.0
35	656694.0
36	739143.0
37	862824.0
38	986505.0
39	986505.0
40	1103569.5
41	1220634.0
42	1307288.5
43	1393943.0
44	1393943.0
45	1509644.5
46	1625346.0
47	1689686.5
48	1754027.0
49	1754027.0
50	1784730.5
51	1815434.0
52	1815434.0
53	1800719.0
54	1786004.0
55	1703105.5
56	1620207.0
57	1620207.0
58	1534446.5
59	1448686.0
60	1332721.0
61	1216756.0
62	1216756.0
63	1106108.5
64	995461.0
65	912091.5
66	828722.0
67	828722.0
68	741437.5
69	654153.0
70	654153.0
71	572338.0
72	490523.0
73	430463.0
74	370403.0
75	370403.0
76	315459.5
77	260516.0
78	221197.0
79	181878.0
80	181878.0
81	152357.5
82	122837.0
83	103561.5
84	84286.0
85	84286.0
86	70904.0
87	57522.0
88	47509.0
89	37496.0
90	37496.0
91	30062.0
92	22628.0
93	22628.0
94	17619.0
95	12610.0
96	8897.0
97	5184.0
98	5184.0
99	3502.5
100	1821.0
>>END_MODULE
>>Per base N content	pass
#Base	N-Count
1	0.0
2	0.0
3	0.0
4	0.0
5	0.0
6	0.0
7	0.0
8	0.0
9	0.0
10	0.0
11	0.0
12	0.0
13	0.0
14	0.0
15	0.0
16	0.0
17	0.0
18	0.0
19	0.0
20	0.0
21	0.0
22	0.0
23	0.0
24	0.0
25	0.0
26	0.0
27	0.0
28	0.0
29	0.0
30	0.0
31	0.0
32	0.0
33	0.0
34	0.0
35	0.0
36	0.0
37	0.0
38	0.0
39	0.0
>>END_MODULE
>>Sequence Length Distribution	pass
#Length	Count
39	2.1274157E7
>>END_MODULE
>>Sequence Duplication Levels	fail
#Total Duplicate Percentage	83.80173890583396
#Duplication Level	Relative count
1	100.0
2	58.88146324305311
3	35.22335561027084
4	23.869152303904325
5	18.032594676984406
6	14.484699261343652
7	11.253370852385977
8	9.630671825536405
9	8.544964239652948
10++	189.0678860358776
>>END_MODULE
>>Overrepresented sequences	pass
>>END_MODULE
>>Kmer Content	warn
#Sequence	Count	Obs/Exp Overall	Obs/Exp Max	Max Obs/Exp Position
AAAAA	2898140	4.717942	5.4877615	11
TTCTT	2253035	3.6251945	4.0327854	1
CTTCT	2422700	3.3517516	3.9010963	2
CAGCA	2719825	3.3482776	3.8170972	27
TTTTT	1636040	3.0616	3.8145556	1
>>END_MODULE
