##FastQC	0.10.1
>>Basic Statistics	pass
#Measure	Value	
Filename	Sample_6_L001_poly.fastq	
File type	Conventional base calls	
Encoding	Sanger / Illumina 1.9	
Total Sequences	18442038	
Filtered Sequences	0	
Sequence length	35-39	
%GC	54	
>>END_MODULE
>>Per base sequence quality	pass
#Base	Mean	Median	Lower Quartile	Upper Quartile	10th Percentile	90th Percentile
1	37.60793123840217	39.0	37.0	39.0	35.0	39.0
2	38.97458675662636	41.0	38.0	41.0	35.0	41.0
3	38.940250475571084	40.0	38.0	41.0	35.0	41.0
4	38.884985650718214	40.0	38.0	41.0	35.0	41.0
5	38.89596003435195	40.0	38.0	41.0	35.0	41.0
6	38.89243493587856	40.0	38.0	41.0	35.0	41.0
7	38.92662248066076	40.0	38.0	41.0	35.0	41.0
8	38.913830293593364	40.0	38.0	41.0	35.0	41.0
9	38.875034472871164	40.0	38.0	41.0	35.0	41.0
10	38.777867120759645	40.0	38.0	41.0	34.0	41.0
11	38.77898635714773	40.0	38.0	41.0	34.0	41.0
12	38.80474348876192	40.0	38.0	41.0	34.0	41.0
13	38.780644742191726	40.0	38.0	41.0	34.0	41.0
14	38.719089180924584	40.0	38.0	41.0	34.0	41.0
15	38.6702013627778	40.0	38.0	41.0	34.0	41.0
16	38.637947226873735	40.0	38.0	41.0	34.0	41.0
17	38.588623882024315	40.0	38.0	41.0	34.0	41.0
18	38.55386709429836	40.0	38.0	41.0	34.0	41.0
19	38.47198021173148	40.0	38.0	41.0	34.0	41.0
20	38.43411080705939	40.0	38.0	41.0	34.0	41.0
21	38.38688256688334	40.0	38.0	41.0	34.0	41.0
22	38.32783535095199	40.0	38.0	41.0	34.0	41.0
23	38.25631413404527	40.0	38.0	41.0	33.0	41.0
24	38.194373311669786	40.0	37.0	41.0	33.0	41.0
25	38.126933530882	40.0	37.0	41.0	33.0	41.0
26	38.061542655968935	40.0	37.0	41.0	33.0	41.0
27	37.97693535822884	40.0	37.0	41.0	33.0	41.0
28	37.87356896238908	40.0	37.0	41.0	33.0	41.0
29	37.783400782494866	40.0	36.0	41.0	33.0	41.0
30	37.6912760943232	40.0	36.0	41.0	33.0	41.0
31	37.62381793161905	40.0	36.0	41.0	33.0	41.0
32	37.523990732477614	40.0	35.0	41.0	32.0	41.0
33	37.44581086970974	39.0	35.0	41.0	32.0	41.0
34	37.358663126060144	39.0	35.0	41.0	32.0	41.0
35	37.257330778734975	39.0	35.0	41.0	32.0	41.0
36	37.15448210380099	39.0	35.0	41.0	32.0	41.0
37	37.05740525774507	39.0	35.0	41.0	31.0	41.0
38	37.018069669059216	39.0	35.0	41.0	31.0	41.0
39	37.137462581094155	39.0	35.0	41.0	32.0	41.0
>>END_MODULE
>>Per sequence quality scores	pass
#Quality	Count
8	1.0
9	2.0
10	5.0
11	30.0
12	72.0
13	141.0
14	307.0
15	665.0
16	1219.0
17	2210.0
18	3757.0
19	6447.0
20	10217.0
21	15662.0
22	23449.0
23	33760.0
24	47358.0
25	65276.0
26	85715.0
27	110377.0
28	140991.0
29	174926.0
30	216974.0
31	267052.0
32	331237.0
33	413331.0
34	554238.0
35	742443.0
36	1025109.0
37	1469394.0
38	2079415.0
39	3157472.0
40	7457930.0
41	4856.0
>>END_MODULE
>>Per base sequence content	pass
#Base	G	A	T	C
1	25.738885257692235	23.187437310344986	24.640449173784372	26.43322825817841
2	25.40922537953777	23.052902287697272	24.785199987116393	26.752672345648566
3	26.07086049817271	22.551379625180253	24.050758381476058	27.327001495170975
4	26.695937835070072	22.711849959315778	23.038809485155596	27.553402720458553
5	26.356962283669517	23.057983071068392	23.067260787555043	27.51779385770705
6	26.15844843178395	22.82344825447166	22.969636002268295	28.048467311476095
7	26.693850213300717	22.57037969447845	22.47429486914624	28.26147522307459
8	26.90474339115883	22.308727484456977	23.006920384829485	27.779608739554707
9	26.295694651534717	22.286815589470102	23.089693232385706	28.32779652660948
10	26.93559139179737	22.983398038763394	22.221296800277713	27.85971376916152
11	26.61474290422783	23.11176237680456	22.751520195327654	27.521974523639958
12	26.429942287289503	22.73745450475701	22.717294043098708	28.115309164854775
13	26.91446574397038	22.8684161696229	22.225108743404608	27.99200934300211
14	26.757091596926543	22.825942555806467	22.63146838760445	27.78549745966254
15	26.326531807384846	22.554459545089323	22.971024135185058	28.147984512340773
16	26.91739925923588	22.686614136680554	22.410738986656465	27.9852476174271
17	26.715707884345534	22.718356832363103	22.69777884635093	27.868156436940428
18	26.430918318246604	22.52284698686772	22.82220652619846	28.224028168687216
19	26.796772677726832	22.753217404714164	22.356005339540022	28.094004578018982
20	26.50516173971662	23.03627180466714	22.896487904427918	27.562078551188325
21	26.268176000938727	22.655977609416052	23.05007722031589	28.025769169329333
22	26.855296578393347	23.013909850961156	22.182640551982377	27.948153018663124
23	26.89337805290283	22.928062505890075	22.6669416905008	27.511617750706296
24	26.68611245676861	22.662408568944496	22.49979638909756	28.151682585189334
25	26.96825589449496	22.79337565620459	21.96912835772272	28.26924009157773
26	26.751815607363998	22.85435047905226	22.46461589548834	27.929218018095398
27	26.462980935187314	22.543500886398782	22.612132129865472	28.38138604854843
28	26.742922880865986	22.89553356304764	21.985948624550065	28.37559493153631
29	26.722361162036428	22.83248738561324	22.523492251778247	27.921659200572087
30	26.526688644714863	22.710532317523693	22.35897681156497	28.40380222619648
31	26.853149310287723	22.95169329984029	22.00768158052814	28.187475809343848
32	26.59782503430478	22.735269279891952	22.570363427295835	28.09654225850744
33	26.48315766402824	22.572239575691146	22.50120621159115	28.443396548689464
34	27.226226298850488	22.617749730263	21.91071832733454	28.245305643551976
35	27.413418191633703	22.49288825887898	21.854206134918496	28.239487414568824
36	26.551836809181644	22.253832703266983	22.069844831135622	29.124485656415743
37	26.83825682591166	21.951305726380873	21.631639021632516	29.578798426074954
38	28.65678106125957	20.56042511962806	21.225220785319806	29.55757303379257
39	27.155656689880686	22.437895341465392	20.925253948052074	29.481194020601848
>>END_MODULE
>>Per base GC content	pass
#Base	%GC
1	52.17211351587064
2	52.161897725186336
3	53.39786199334369
4	54.249340555528626
5	53.874756141376565
6	54.20691574326004
7	54.955325436375304
8	54.684352130713535
9	54.62349117814419
10	54.7953051609589
11	54.13671742786779
12	54.545251452144285
13	54.90647508697249
14	54.54258905658909
15	54.474516319725616
16	54.902646876662985
17	54.58386432128597
18	54.65494648693382
19	54.89077725574582
20	54.06724029090494
21	54.29394517026805
22	54.80344959705646
23	54.404995803609125
24	54.837795041957946
25	55.237495986072695
26	54.6810336254594
27	54.844366983735746
28	55.11851781240229
29	54.644020362608515
30	54.93049087091134
31	55.04062511963157
32	54.69436729281222
33	54.926554212717704
34	55.471531942402464
35	55.65290560620253
36	55.676322465597394
37	56.41705525198661
38	58.21435409505214
39	56.636850710482534
>>END_MODULE
>>Per sequence GC content	pass
#GC Content	Count
0	2721.0
1	1480.5
2	240.0
3	240.0
4	233.0
5	226.0
6	337.0
7	447.5
8	447.0
9	663.5
10	910.0
11	940.0
12	1562.5
13	2270.0
14	3462.5
15	4655.0
16	4780.0
17	6880.5
18	9168.5
19	13612.5
20	17904.5
21	18232.0
22	25227.0
23	32043.0
24	44828.0
25	57667.0
26	58655.5
27	78312.0
28	97482.0
29	132909.5
30	169488.0
31	171407.0
32	230842.5
33	292943.0
34	296553.5
35	358169.5
36	423900.0
37	528444.5
38	633464.0
39	644505.0
40	755103.5
41	866498.5
42	981843.5
43	1096289.5
44	1107850.0
45	1224917.0
46	1340844.0
47	1442875.5
48	1540283.0
49	1545083.5
50	1616636.5
51	1685218.0
52	1687047.0
53	1687660.5
54	1687364.0
55	1628780.0
56	1566125.5
57	1557441.5
58	1486507.5
59	1416218.5
60	1317587.0
61	1217164.0
62	1211696.5
63	1121208.5
64	1024316.0
65	939418.0
66	858931.0
67	852250.0
68	768205.5
69	686273.0
70	680632.5
71	603493.5
72	527320.0
73	463679.5
74	399580.0
75	395548.0
76	344657.5
77	292684.5
78	252425.5
79	212139.5
80	208312.0
81	177141.0
82	146008.0
83	123244.5
84	101816.5
85	100077.0
86	83741.0
87	68353.5
88	56336.0
89	44621.0
90	44270.0
91	35524.0
92	27129.0
93	26558.0
94	20750.5
95	15514.0
96	11265.5
97	7017.0
98	7017.0
99	4789.5
100	2562.0
>>END_MODULE
>>Per base N content	pass
#Base	N-Count
1	0.0
2	0.0
3	0.0
4	0.0
5	0.0
6	0.0
7	0.0
8	0.0
9	0.0
10	0.0
11	0.0
12	0.0
13	0.0
14	0.0
15	0.0
16	0.0
17	0.0
18	0.0
19	0.0
20	0.0
21	0.0
22	0.0
23	0.0
24	0.0
25	0.0
26	0.0
27	0.0
28	0.0
29	0.0
30	0.0
31	0.0
32	0.0
33	0.0
34	0.0
35	0.0
36	0.0
37	0.0
38	0.0
39	0.0
>>END_MODULE
>>Sequence Length Distribution	warn
#Length	Count
35	556620.0
36	571760.0
37	334155.0
38	196543.0
39	1.678296E7
>>END_MODULE
>>Sequence Duplication Levels	fail
#Total Duplicate Percentage	75.87667686514474
#Duplication Level	Relative count
1	100.0
2	41.15703893881044
3	24.116388532306377
4	16.676080445014975
5	12.593923833975182
6	9.976893453145058
7	8.301240907145914
8	6.901155327342747
9	6.024818142918272
10++	116.5716730851519
>>END_MODULE
>>Overrepresented sequences	pass
>>END_MODULE
>>Kmer Content	warn
#Sequence	Count	Obs/Exp Overall	Obs/Exp Max	Max Obs/Exp Position
CAGCA	2273925	3.2862558	3.6765609	27
>>END_MODULE
