##FastQC	0.10.1
>>Basic Statistics	pass
#Measure	Value	
Filename	Sample_8_L002_poly.fastq	
File type	Conventional base calls	
Encoding	Sanger / Illumina 1.9	
Total Sequences	13975358	
Filtered Sequences	0	
Sequence length	20-39	
%GC	53	
>>END_MODULE
>>Per base sequence quality	pass
#Base	Mean	Median	Lower Quartile	Upper Quartile	10th Percentile	90th Percentile
1	37.701466109132944	39.0	38.0	39.0	35.0	39.0
2	39.07994135105519	41.0	39.0	41.0	36.0	41.0
3	39.0489489428464	41.0	39.0	41.0	36.0	41.0
4	39.02030838852214	41.0	38.0	41.0	36.0	41.0
5	39.00797203191503	41.0	38.0	41.0	35.0	41.0
6	39.007504709360575	41.0	38.0	41.0	35.0	41.0
7	39.036282004367976	41.0	39.0	41.0	35.0	41.0
8	38.95628498389809	41.0	39.0	41.0	35.0	41.0
9	38.96136714351074	40.0	39.0	41.0	35.0	41.0
10	38.96511295095267	40.0	39.0	41.0	35.0	41.0
11	38.947701733293705	40.0	39.0	41.0	35.0	41.0
12	38.924734736670075	40.0	38.0	41.0	35.0	41.0
13	38.88941428190963	40.0	38.0	41.0	35.0	41.0
14	38.83933878473811	40.0	38.0	41.0	35.0	41.0
15	38.78426227077689	40.0	38.0	41.0	35.0	41.0
16	38.7425848411182	40.0	38.0	41.0	35.0	41.0
17	38.69196896422975	40.0	38.0	41.0	34.0	41.0
18	38.66115393967009	40.0	38.0	41.0	34.0	41.0
19	38.618360831972964	40.0	38.0	41.0	34.0	41.0
20	38.560432584267254	40.0	38.0	41.0	34.0	41.0
21	38.49718964123063	40.0	38.0	41.0	34.0	41.0
22	38.44913354167244	40.0	38.0	41.0	34.0	41.0
23	38.37855619299873	40.0	38.0	41.0	34.0	41.0
24	38.167066663639986	40.0	38.0	41.0	33.0	41.0
25	38.18201719828367	40.0	37.0	41.0	33.0	41.0
26	38.14794716114469	40.0	37.0	41.0	33.0	41.0
27	38.07809805418463	40.0	37.0	41.0	33.0	41.0
28	38.00175833583225	40.0	37.0	41.0	33.0	41.0
29	37.93638691383758	40.0	37.0	41.0	33.0	41.0
30	37.80501774096934	40.0	37.0	41.0	33.0	41.0
31	37.76784304568274	40.0	36.0	41.0	33.0	41.0
32	37.69646380198622	40.0	36.0	41.0	33.0	41.0
33	37.62506299902333	40.0	36.0	41.0	33.0	41.0
34	37.542526834098105	39.0	35.0	41.0	33.0	41.0
35	37.45872199789034	39.0	35.0	41.0	33.0	41.0
36	37.37111658544094	39.0	35.0	41.0	32.0	41.0
37	37.230794309550085	39.0	35.0	41.0	32.0	41.0
38	37.18781249407209	39.0	35.0	41.0	32.0	41.0
39	37.29950523637567	39.0	35.0	41.0	32.0	41.0
>>END_MODULE
>>Per sequence quality scores	pass
#Quality	Count
8	1.0
9	0.0
10	8.0
11	23.0
12	65.0
13	140.0
14	232.0
15	454.0
16	775.0
17	1356.0
18	2274.0
19	3825.0
20	6383.0
21	10438.0
22	16074.0
23	23255.0
24	33075.0
25	45292.0
26	59819.0
27	77630.0
28	97918.0
29	121770.0
30	150225.0
31	185009.0
32	230348.0
33	292094.0
34	393586.0
35	536279.0
36	749822.0
37	1088887.0
38	1573378.0
39	2451681.0
40	5819437.0
41	3805.0
>>END_MODULE
>>Per base sequence content	pass
#Base	G	A	T	C
1	24.991756918392632	24.294980392628283	24.618528501170204	26.094734187808882
2	24.691746715898084	24.009789230444042	24.951418060274378	26.347045993383496
3	25.303602240457813	23.668374005159652	24.055161950055233	26.9728618043273
4	25.900340148734664	23.86603791230521	23.241839188794962	26.991782750165168
5	25.381441060861633	24.153114657464563	23.486505568337183	26.978938713336625
6	25.322367458832534	23.998945000041502	23.43369285190302	27.244994689222946
7	25.721641724189354	23.940778324358963	23.066575191358275	27.27100476009341
8	25.837606689605142	23.772886182346436	23.602521982627415	26.786985145421006
9	25.503991200439863	23.622270924214277	23.473078538020516	27.400659337325344
10	25.926286348913365	24.37240744399299	22.697744435577246	27.003561771516406
11	25.522801870124933	24.652403382733983	23.190626792668763	26.63416795447232
12	25.581829673619254	24.092890102818703	23.11233750747128	27.212942716090758
13	25.994949938734663	24.28983155681505	22.604641224974735	27.110577279475557
14	25.707249441838186	24.19121455237791	23.002313074646207	27.099222931137696
15	25.463188918732545	23.76771595278055	23.349891266107917	27.41920386237899
16	25.93149988647074	23.953571863806967	22.8187944917163	27.296133758005997
17	25.655313917122918	23.990383438837963	23.203087958561603	27.151214685477516
18	25.467513367032275	23.706455706239304	23.21591374568017	27.610117181048256
19	25.95738992999643	23.9154928327774	22.752046326344043	27.375070910882123
20	25.424961145346458	24.253511229925095	23.352219223250394	26.969308401478052
21	25.409539980691324	23.79650896434909	23.405067736752983	27.388883318206602
22	25.892129773883436	24.24250883710163	22.713464598373655	27.151896790641274
23	25.79333663031797	24.273470627181997	23.07716927400298	26.856023468497053
24	25.75134218892027	23.89653464453085	22.844304652892944	27.507818513655934
25	26.024852929325487	23.992464250857353	22.40717042290094	27.575512396916217
26	25.633855641770953	24.104113526486273	22.90795248920333	27.354078342539438
27	25.56432796438016	23.885576881371023	22.95301864263333	27.597076511615487
28	25.79759321189697	24.164355114144982	22.404624788259113	27.633426885698942
29	25.6498855509984	24.115121783414505	22.994507912364927	27.240484753222166
30	25.670709123679973	23.832373185092656	22.751149647399288	27.74576804382808
31	25.896457909946434	24.179974756500375	22.55705399265717	27.366513340896027
32	25.513838097730968	23.934405807360086	23.16066479900023	27.391091295908716
33	25.487094654734026	23.640766370962382	22.871005995538354	28.00113297876523
34	26.20162205210532	23.652673726017888	22.46449979153066	27.681204430346128
35	26.096558188467395	23.66432252015357	22.68593739783098	27.553181893548057
36	25.35808529870381	23.447523764531354	22.684788327726967	28.509602609037866
37	26.130059010438888	22.797691481054233	21.828563103355535	29.243686405151344
38	27.292963589409226	21.951642029805036	22.077795846534126	28.677598534251615
39	26.816756813795408	22.869271213759244	21.131649585984466	29.182322386460886
>>END_MODULE
>>Per base GC content	pass
#Base	%GC
1	51.086491106201514
2	51.03879270928158
3	52.27646404478511
4	52.89212289889983
5	52.36037977419825
6	52.56736214805547
7	52.99264648428276
8	52.624591835026145
9	52.90465053776521
10	52.92984812042977
11	52.156969824597255
12	52.79477238971002
13	53.10552721821021
14	52.806472372975875
15	52.882392781111534
16	53.22763364447673
17	52.80652860260043
18	53.07763054808052
19	53.33246084087856
20	52.39426954682451
21	52.79842329889792
22	53.044026564524714
23	52.64936009881502
24	53.2591607025762
25	53.60036532624171
26	52.987933984310395
27	53.161404475995646
28	53.431020097595905
29	52.89037030422057
30	53.416477167508056
31	53.26297125084246
32	52.90492939363969
33	53.488227633499264
34	53.88282648245145
35	53.64974008201545
36	53.86768790774168
37	55.373745415590236
38	55.97056212366084
39	55.9990792002563
>>END_MODULE
>>Per sequence GC content	pass
#GC Content	Count
0	2069.0
1	1384.5
2	560.5
3	414.0
4	482.0
5	547.0
6	730.0
7	956.0
8	1006.0
9	1400.5
10	1879.5
11	2008.5
12	2967.0
13	4121.0
14	6465.0
15	8884.0
16	10265.5
17	14822.5
18	18778.5
19	24928.0
20	30297.5
21	30982.0
22	41637.0
23	51564.0
24	69619.5
25	87891.0
26	90533.5
27	113294.0
28	134362.0
29	172346.0
30	212179.5
31	215539.0
32	277726.5
33	342420.5
34	347505.0
35	398171.5
36	450576.5
37	529330.0
38	610740.0
39	618963.5
40	696637.0
41	774788.0
42	835087.5
43	896812.0
44	903616.0
45	977638.5
46	1051352.0
47	1101553.0
48	1148837.5
49	1149252.5
50	1179942.0
51	1208312.0
52	1207001.5
53	1199098.0
54	1189142.0
55	1141901.0
56	1093804.5
57	1085890.0
58	1036791.0
59	990205.0
60	917327.0
61	843961.0
62	840215.0
63	768345.5
64	694982.5
65	637072.5
66	581226.0
67	579058.0
68	518402.5
69	459708.5
70	457660.5
71	405694.0
72	352658.5
73	308658.0
74	265743.0
75	262774.0
76	226974.5
77	191790.5
78	165660.0
79	138720.0
80	136857.0
81	117217.0
82	97739.0
83	83472.0
84	69317.0
85	68350.5
86	58435.0
87	48783.5
88	40804.5
89	32939.0
90	32547.5
91	26537.5
92	20704.5
93	20175.0
94	15902.0
95	12009.0
96	8768.5
97	5596.0
98	5450.5
99	3744.5
100	2184.0
>>END_MODULE
>>Per base N content	pass
#Base	N-Count
1	1.4310903520324845E-5
2	0.0
3	0.0
4	7.155451760162423E-6
5	7.155451760162423E-6
6	1.4310903520324845E-5
7	1.4310903520324845E-5
8	2.862180704064969E-5
9	8.157215006585162E-4
10	6.43990658414618E-5
11	2.5044081160568483E-4
12	0.0012665149615487489
13	5.867470443333187E-4
14	1.4310903520324845E-4
15	0.012836880457731386
16	0.0070624308872803115
17	0.0021466355280487267
18	0.010203674209991615
19	5.008816232113697E-4
20	0.0014167794485121597
21	0.008373215243803338
22	9.448485461465103E-4
23	0.01062445065540475
24	0.012008860347695535
25	0.0057517666447388024
26	0.005116100367857648
27	0.014659025336100268
28	0.008326920791474898
29	0.0066110871161110035
30	0.018989442531205
31	0.00824403375823918
32	0.0028370634837598637
33	0.003744230530325887
34	0.006396220383654561
35	0.006355968535401687
36	0.005238036194381128
37	0.018919090839612216
38	0.0
39	0.0
>>END_MODULE
>>Sequence Length Distribution	warn
#Length	Count
20	2231.0
21	2634.0
22	2712.0
23	3092.0
24	3761.0
25	4986.0
26	5492.0
27	7721.0
28	11586.0
29	18149.0
30	12032.0
31	13363.0
32	26273.0
33	40664.0
34	117007.0
35	339868.0
36	567189.0
37	39156.0
38	124945.0
39	1.2632497E7
>>END_MODULE
>>Sequence Duplication Levels	fail
#Total Duplicate Percentage	75.73996336286197
#Duplication Level	Relative count
1	100.0
2	42.82499143793728
3	23.05396545819267
4	15.447592021788411
5	11.468271441851362
6	8.650129654092666
7	7.371528287424368
8	6.141852993460215
9	5.40306929562764
10++	105.81241743725231
>>END_MODULE
>>Overrepresented sequences	pass
>>END_MODULE
>>Kmer Content	warn
#Sequence	Count	Obs/Exp Overall	Obs/Exp Max	Max Obs/Exp Position
AAAAA	1660780	4.4337406	5.486158	11
TTCTT	1397575	3.754211	4.301	35
CTTCT	1510850	3.411529	3.7179728	34
CAGCA	1709780	3.2156873	3.593865	27
TTTTT	980985	3.1348865	4.173266	1
TCTTC	1361845	3.0750725	3.3986619	35
>>END_MODULE
