##FastQC	0.10.1
>>Basic Statistics	pass
#Measure	Value	
Filename	Treat_4.fastq	
File type	Conventional base calls	
Encoding	Sanger / Illumina 1.9	
Total Sequences	24214120	
Filtered Sequences	0	
Sequence length	39	
%GC	52	
>>END_MODULE
>>Per base sequence quality	pass
#Base	Mean	Median	Lower Quartile	Upper Quartile	10th Percentile	90th Percentile
1	37.63992034399764	39.0	38.0	39.0	35.0	39.0
2	39.04751161718865	41.0	39.0	41.0	36.0	41.0
3	39.0115393828064	41.0	38.0	41.0	36.0	41.0
4	38.9698674575	41.0	38.0	41.0	35.0	41.0
5	38.96481742883904	40.0	38.0	41.0	35.0	41.0
6	38.96592265174204	40.0	38.0	41.0	35.0	41.0
7	39.003886616569176	41.0	39.0	41.0	35.0	41.0
8	38.95365332293719	40.0	39.0	41.0	35.0	41.0
9	38.93837058707894	40.0	39.0	41.0	35.0	41.0
10	38.89076790732019	40.0	38.0	41.0	35.0	41.0
11	38.88512132590406	40.0	38.0	41.0	35.0	41.0
12	38.8875454073904	40.0	38.0	41.0	35.0	41.0
13	38.85598526809977	40.0	38.0	41.0	35.0	41.0
14	38.79810511387571	40.0	38.0	41.0	35.0	41.0
15	38.7461044630158	40.0	38.0	41.0	35.0	41.0
16	38.712385996269944	40.0	38.0	41.0	34.0	41.0
17	38.660233904845605	40.0	38.0	41.0	34.0	41.0
18	38.63014299094908	40.0	38.0	41.0	34.0	41.0
19	38.57034313037187	40.0	38.0	41.0	34.0	41.0
20	38.51804141550467	40.0	38.0	41.0	34.0	41.0
21	38.45977772473251	40.0	38.0	41.0	34.0	41.0
22	38.408467827862424	40.0	38.0	41.0	34.0	41.0
23	38.336551607078846	40.0	38.0	41.0	34.0	41.0
24	38.19912584062522	40.0	38.0	41.0	33.0	41.0
25	38.1745880502781	40.0	38.0	41.0	33.0	41.0
26	38.12342641400968	40.0	37.0	41.0	33.0	41.0
27	38.04516550673739	40.0	37.0	41.0	33.0	41.0
28	37.95534374158549	40.0	37.0	41.0	33.0	41.0
29	37.876740430789965	40.0	37.0	41.0	33.0	41.0
30	37.76487433778308	40.0	37.0	41.0	33.0	41.0
31	37.7110412850023	40.0	36.0	41.0	33.0	41.0
32	37.62132598665572	40.0	36.0	41.0	33.0	41.0
33	37.54158160610421	40.0	36.0	41.0	33.0	41.0
34	37.45419048885526	39.0	35.0	41.0	32.0	41.0
35	37.34907413525662	39.0	35.0	41.0	32.0	41.0
36	37.24265713558866	39.0	35.0	41.0	32.0	41.0
37	37.11319742365198	39.0	35.0	41.0	32.0	41.0
38	36.99947683417774	39.0	35.0	41.0	31.0	41.0
39	36.86092969721798	39.0	35.0	41.0	31.0	41.0
>>END_MODULE
>>Per sequence quality scores	pass
#Quality	Count
6	1.0
7	4.0
8	26.0
9	122.0
10	443.0
11	854.0
12	1301.0
13	1889.0
14	2581.0
15	3460.0
16	4829.0
17	6863.0
18	9736.0
19	14210.0
20	19958.0
21	27815.0
22	37819.0
23	49986.0
24	65599.0
25	84534.0
26	107978.0
27	136019.0
28	168940.0
29	208747.0
30	258145.0
31	317853.0
32	396636.0
33	503257.0
34	679241.0
35	921748.0
36	1294536.0
37	1877666.0
38	2711083.0
39	4204070.0
40	1.0096171E7
>>END_MODULE
>>Per base sequence content	pass
#Base	G	A	T	C
1	24.638359766945896	24.15682254816611	24.80493199835468	26.399885686533313
2	24.23706911504527	24.08884568177576	25.216543074867058	26.45754212831191
3	24.60820793817822	23.581910059089488	24.578196523350837	27.23168547938145
4	25.587111982595278	23.687600457914638	23.3511438780348	27.374143681455283
5	25.032827953276847	24.15946976392287	23.782524411376503	27.025177871423782
6	24.685117609064463	23.913489319454932	23.884559917932183	27.516833153548426
7	25.462160095018938	23.793575814442153	23.159268228620324	27.584995861918582
8	25.432669037735007	23.850013958797593	23.843356686098854	26.873960317368546
9	24.868312373111227	23.595778000604607	24.05611684422147	27.479792782062695
10	25.764368062931876	24.236069698176106	22.672758704425352	27.326803534466666
11	25.272229591659745	24.68342851195914	23.4233538117429	26.62098808463822
12	24.926047281503518	24.051569910448944	23.519987511418957	27.502395296628578
13	25.748967957538827	24.16674650988762	22.65723883420087	27.42704669837269
14	25.36243728865637	24.205814623864093	23.236979084930613	27.194769002548924
15	24.844875634547115	23.681153806126343	23.8139936532899	27.659976906036643
16	25.582437024347776	23.88565845052391	22.92115922445251	27.610745300675806
17	25.353665547209648	24.1618568009079	23.399747750486082	27.084729901396376
18	24.95632713474617	23.68818276278469	23.630823668173775	27.724666434295365
19	25.62093522291952	23.88721952315426	22.748714386481936	27.743130867444282
20	25.211004983868918	24.291198689029375	23.493977893890012	27.003818433211695
21	24.77482972744828	23.698218229694078	23.906972460696487	27.619979582161154
22	25.65691010038771	24.061167616250355	22.70582618736506	27.57609609599688
23	25.43337523725826	24.34297426460264	23.22689406015994	26.996756437979165
24	25.030824989716745	23.854375050590317	23.344366840504634	27.770433119188308
25	25.70695115081614	23.873975184726927	22.443970708000123	27.97510295645681
26	25.280175368751785	24.187395618754675	23.11004075308126	27.42238825941228
27	24.86433535474343	23.870811741248495	23.446311490981294	27.818541413026782
28	25.529199491866727	24.16737837261895	22.40785541659164	27.895566718922677
29	25.247297857613653	24.25104856174827	23.194520387278168	27.307133193359906
30	24.994412351140575	23.857488936207467	23.273300867427764	27.87479784522419
31	25.55480438686188	24.179569606494063	22.552349620799763	27.713276385844292
32	25.23479275728377	24.147736940264604	23.31227812532522	27.305192177126404
33	24.88218857426989	23.750646317107538	23.263983989506947	28.10318111911562
34	25.7351950019245	23.81166030398792	22.478578614461313	27.974566079626268
35	25.428530956318053	23.980631961847052	23.064497078564077	27.526340003270818
36	24.60359492725732	23.82704389009388	23.182378711264338	28.386982471384464
37	25.84123230577861	23.760607447225006	22.430115155950332	27.96804509104605
38	25.730862818884187	24.11390957011859	22.966566614851168	27.18866099614605
39	25.340136251079947	23.755180861414747	22.999997522106934	27.904685365398368
>>END_MODULE
>>Per base GC content	pass
#Base	%GC
1	51.03824545347921
2	50.69461124335718
3	51.839893417559665
4	52.96125566405057
5	52.05800582470063
6	52.201950762612896
7	53.047155956937516
8	52.30662935510355
9	52.34810515517392
10	53.09117159739854
11	51.893217676297965
12	52.42844257813209
13	53.17601465591151
14	52.5572062912053
15	52.504852540583755
16	53.19318232502358
17	52.43839544860602
18	52.68099356904153
19	53.364066090363806
20	52.214823417080616
21	52.394809309609435
22	53.23300619638459
23	52.430131675237426
24	52.801258108905046
25	53.68205410727295
26	52.702563628164064
27	52.68287676777022
28	53.42476621078941
29	52.55443105097356
30	52.86921019636477
31	53.26808077270617
32	52.539984934410164
33	52.98536969338551
34	53.70976108155077
35	52.954870959588874
36	52.99057739864178
37	53.80927739682466
38	52.91952381503023
39	53.24482161647832
>>END_MODULE
>>Per sequence GC content	pass
#GC Content	Count
0	4185.0
1	2745.5
2	1306.0
3	1306.0
4	1527.5
5	1749.0
6	2333.0
7	2917.0
8	2917.0
9	4172.0
10	5427.0
11	5427.0
12	8073.0
13	10719.0
14	18535.0
15	26351.0
16	26351.0
17	31675.5
18	37000.0
19	49111.0
20	61222.0
21	61222.0
22	83327.5
23	105433.0
24	141659.5
25	177886.0
26	177886.0
27	217746.0
28	257606.0
29	331056.0
30	404506.0
31	404506.0
32	521700.0
33	638894.0
34	638894.0
35	728753.0
36	818612.0
37	956387.5
38	1094163.0
39	1094163.0
40	1224877.0
41	1355591.0
42	1453773.5
43	1551956.0
44	1551956.0
45	1680854.5
46	1809753.0
47	1886149.0
48	1962545.0
49	1962545.0
50	2001538.5
51	2040532.0
52	2040532.0
53	2025132.5
54	2009733.0
55	1919901.0
56	1830069.0
57	1830069.0
58	1736511.5
59	1642954.0
60	1515304.0
61	1387654.0
62	1387654.0
63	1265790.0
64	1143926.0
65	1054405.0
66	964884.0
67	964884.0
68	868033.5
69	771183.0
70	771183.0
71	679937.5
72	588692.0
73	520102.5
74	451513.0
75	451513.0
76	389006.5
77	326500.0
78	279942.5
79	233385.0
80	233385.0
81	199005.0
82	164625.0
83	140898.5
84	117172.0
85	117172.0
86	100352.5
87	83533.0
88	70593.0
89	57653.0
90	57653.0
91	47137.0
92	36621.0
93	36621.0
94	29218.5
95	21816.0
96	16024.5
97	10233.0
98	10233.0
99	6927.0
100	3621.0
>>END_MODULE
>>Per base N content	pass
#Base	N-Count
1	0.0
2	0.0
3	0.0
4	0.0
5	0.0
6	0.0
7	0.0
8	0.0
9	0.0
10	0.0
11	0.0
12	0.0
13	0.0
14	0.0
15	0.0
16	0.0
17	0.0
18	0.0
19	0.0
20	0.0
21	0.0
22	0.0
23	0.0
24	0.0
25	0.0
26	0.0
27	0.0
28	0.0
29	0.0
30	0.0
31	0.0
32	0.0
33	0.0
34	0.0
35	0.0
36	0.0
37	0.0
38	0.0
39	0.0
>>END_MODULE
>>Sequence Length Distribution	pass
#Length	Count
39	2.421412E7
>>END_MODULE
>>Sequence Duplication Levels	fail
#Total Duplicate Percentage	83.44391724455885
#Duplication Level	Relative count
1	100.0
2	56.292205230547886
3	34.358248439421715
4	23.38662891884993
5	17.462232845241687
6	13.605457963010233
7	11.356832896294062
8	9.48181839277841
9	8.11964820272434
10++	190.0494279813427
>>END_MODULE
>>Overrepresented sequences	pass
>>END_MODULE
>>Kmer Content	warn
#Sequence	Count	Obs/Exp Overall	Obs/Exp Max	Max Obs/Exp Position
AAAAA	3563650	5.301829	6.0913053	11
TTCTT	2530045	3.6695683	4.077101	1
TTTTT	2068245	3.5307198	4.5373254	1
CTTCT	2739890	3.376334	3.9451094	2
CAGCA	3071575	3.3128362	3.7311234	27
TCTTC	2449710	3.0187485	3.5306292	1
>>END_MODULE
