##FastQC	0.10.1
>>Basic Statistics	pass
#Measure	Value	
Filename	Sample_7_L001_poly_any.fastq	
File type	Conventional base calls	
Encoding	Sanger / Illumina 1.9	
Total Sequences	14848204	
Filtered Sequences	0	
Sequence length	20-39	
%GC	54	
>>END_MODULE
>>Per base sequence quality	pass
#Base	Mean	Median	Lower Quartile	Upper Quartile	10th Percentile	90th Percentile
1	37.48919694260666	39.0	37.0	39.0	34.0	39.0
2	38.823160093975005	40.0	38.0	41.0	34.0	41.0
3	38.78600118910004	40.0	38.0	41.0	34.0	41.0
4	38.72636737749562	40.0	38.0	41.0	34.0	41.0
5	38.73632218415103	40.0	38.0	41.0	34.0	41.0
6	38.731300162632465	40.0	38.0	41.0	34.0	41.0
7	38.767584955055845	40.0	38.0	41.0	34.0	41.0
8	38.75632298694172	40.0	38.0	41.0	34.0	41.0
9	38.713341424996585	40.0	38.0	41.0	34.0	41.0
10	38.613154291253004	40.0	38.0	41.0	34.0	41.0
11	38.612315806005896	40.0	38.0	41.0	34.0	41.0
12	38.636407473927484	40.0	38.0	41.0	34.0	41.0
13	38.60907703046106	40.0	38.0	41.0	34.0	41.0
14	38.54024971639668	40.0	38.0	41.0	34.0	41.0
15	38.48470198820005	40.0	38.0	41.0	34.0	41.0
16	38.44893941381732	40.0	38.0	41.0	34.0	41.0
17	38.40102607695853	40.0	38.0	41.0	34.0	41.0
18	38.364453842363694	40.0	38.0	41.0	34.0	41.0
19	38.279150259519604	40.0	38.0	41.0	33.0	41.0
20	38.23958601323096	40.0	38.0	41.0	33.0	41.0
21	38.19498523352081	40.0	38.0	41.0	33.0	41.0
22	38.13164118858674	40.0	38.0	41.0	33.0	41.0
23	38.060573480625195	40.0	37.0	41.0	33.0	41.0
24	37.999727067854685	40.0	37.0	41.0	33.0	41.0
25	37.93243586227337	40.0	37.0	41.0	33.0	41.0
26	37.86667306019086	40.0	37.0	41.0	33.0	41.0
27	37.7870325339934	40.0	37.0	41.0	33.0	41.0
28	37.6820351719345	40.0	36.0	41.0	32.0	41.0
29	37.5919519998124	40.0	36.0	41.0	32.0	41.0
30	37.50098446092097	40.0	36.0	41.0	32.0	41.0
31	37.43456094968153	40.0	35.0	41.0	32.0	41.0
32	37.333623185572186	39.0	35.0	41.0	32.0	41.0
33	37.26424829226193	39.0	35.0	41.0	32.0	41.0
34	37.18143982685964	39.0	35.0	41.0	31.0	41.0
35	37.087974366524044	39.0	35.0	41.0	31.0	41.0
36	36.98986844569224	39.0	35.0	41.0	31.0	41.0
37	36.89539113283105	39.0	35.0	41.0	31.0	41.0
38	36.86656816797665	39.0	35.0	41.0	31.0	41.0
39	37.0127848200693	38.0	35.0	41.0	31.0	41.0
>>END_MODULE
>>Per sequence quality scores	pass
#Quality	Count
9	1.0
10	4.0
11	31.0
12	94.0
13	181.0
14	350.0
15	657.0
16	1293.0
17	2382.0
18	3835.0
19	6557.0
20	10697.0
21	16639.0
22	24973.0
23	35946.0
24	49732.0
25	66221.0
26	85205.0
27	106525.0
28	130935.0
29	159992.0
30	193355.0
31	232906.0
32	282799.0
33	349945.0
34	457759.0
35	606444.0
36	830566.0
37	1170296.0
38	1637814.0
39	2480938.0
40	5897912.0
41	5220.0
>>END_MODULE
>>Per base sequence content	pass
#Base	G	A	T	C
1	25.44987932547263	23.46252785858815	24.494915344643704	26.592677471295517
2	25.184251240082638	23.142381395083202	24.66233626639289	27.01103109844127
3	25.850917727154073	22.756792673376523	23.891165557800793	27.501124041668607
4	26.400075052848145	22.902426448343515	23.06717364605174	27.630324852756605
5	26.077860999215797	23.1990481811807	23.09099470885502	27.632096110748478
6	25.95596746919695	23.003610402982073	22.96743094316323	28.072991184657752
7	26.341078018594033	22.86595065638915	22.659056947224055	28.133914377792763
8	26.512519628636568	22.59574962736234	23.113057983308956	27.778672760692135
9	26.078049574211132	22.533627636042716	23.094422732877323	28.293900056868832
10	26.61258560294565	23.256577024399718	22.3776963193663	27.75314105328833
11	26.26285306963724	23.416811891862476	22.81246270592726	27.50787233257302
12	26.221508001910532	22.99270672735908	22.738972336317577	28.046812934412806
13	26.61945512063277	23.184049734230484	22.34963905398929	27.846856091147455
14	26.40250632332368	23.076056875296164	22.679948362778422	27.84148843860173
15	26.137329470958235	22.795107071535387	22.892270337880593	28.17529311962578
16	26.5790394582402	23.032361354949057	22.466198605568728	27.922400581242012
17	26.397333980594556	22.954809888118454	22.740730124666932	27.907126006620057
18	26.186635097416495	22.820827353934522	22.74089849519848	28.251639053450507
19	26.556895365931126	22.94710525259486	22.369176770470016	28.126822611004
20	26.260974054505176	23.170755197059524	22.81134472559779	27.756926022837508
21	26.170793097177096	22.769925809427715	22.940408261428363	28.118872831966822
22	26.63221483753781	23.112380548213633	22.205995470286318	28.04940914396224
23	26.66197202366702	23.01820171688498	22.62550702828414	27.694319231163856
24	26.578646680157636	22.677429274884826	22.331942151863323	28.411981893094218
25	26.819912831526633	22.87763236182105	21.93306761805124	28.36938718860108
26	26.651044229288456	22.813386927744837	22.376987204612234	28.158581638354473
27	26.474107048775696	22.612531293435932	22.350926973271765	28.562434684516607
28	26.70441529400368	22.95960047328273	21.88957209331928	28.44641213939431
29	26.60756511367815	22.788794964859598	22.411617133705587	28.192022787756667
30	26.576998968646453	22.696747953847428	22.118355847950806	28.607897229555313
31	26.84926844601401	22.922789632326886	21.892201688970093	28.335740232689016
32	26.547479579398214	22.68687634266616	22.43014973167163	28.335494346263996
33	26.561185367431012	22.474444689452298	22.219370083596953	28.744999859519734
34	27.184023289057556	22.535496732701596	21.727042438657712	28.553437539583133
35	27.287004164825664	22.538260816222362	21.749405852096928	28.42532916685505
36	26.513643728792918	22.285955071698694	21.943139187751086	29.257262011757305
37	26.727582949570582	21.994563776113498	21.524664525812128	29.753188748503796
38	28.514067596636522	20.593567896645396	21.0882547350844	29.80410977163368
39	27.065504664121644	22.496707362503663	20.81472448584826	29.623063487526437
>>END_MODULE
>>Per base GC content	pass
#Base	%GC
1	52.042556796768146
2	52.19528233852391
3	53.35204176882268
4	54.03039990560474
5	53.70995710996428
6	54.028958653854694
7	54.47499239638679
8	54.2911923893287
9	54.371949631079964
10	54.36572665623398
11	53.77072540221026
12	54.26832093632334
13	54.46631121178023
14	54.24399476192542
15	54.31262259058401
16	54.50144003948222
17	54.304459987214614
18	54.438274150867
19	54.68371797693512
20	54.01790007734269
21	54.289665929143915
22	54.68162398150005
23	54.35629125483088
24	54.990628573251854
25	55.18930002012771
26	54.80962586764293
27	55.036541733292296
28	55.150827433397986
29	54.79958790143482
30	55.18489619820177
31	55.18500867870302
32	54.882973925662206
33	55.306185226950745
34	55.73746082864069
35	55.71233333168071
36	55.770905740550226
37	56.48077169807437
38	58.318177368270206
39	56.68856815164808
>>END_MODULE
>>Per sequence GC content	pass
#GC Content	Count
0	4990.0
1	3524.5
2	1527.5
3	996.5
4	1024.5
5	1021.5
6	1098.0
7	1178.0
8	1183.0
9	1473.0
10	1818.0
11	1966.5
12	2750.5
13	3721.5
14	5011.0
15	6351.5
16	6994.0
17	9443.5
18	12168.5
19	16401.5
20	20505.5
21	21623.0
22	28235.0
23	35352.5
24	47268.5
25	59509.5
26	62524.5
27	78872.0
28	97087.0
29	127499.5
30	157888.5
31	165178.0
32	212778.5
33	262541.0
34	273532.0
35	326522.0
36	380969.5
37	463481.0
38	549052.0
39	566627.5
40	657910.5
41	748870.5
42	839222.5
43	933478.0
44	952044.0
45	1041848.0
46	1131225.5
47	1211409.0
48	1286587.5
49	1292401.5
50	1340486.5
51	1385767.5
52	1387013.0
53	1384830.5
54	1382122.5
55	1341393.5
56	1294903.0
57	1279894.5
58	1217797.0
59	1158896.5
60	1074945.5
61	988647.0
62	976603.5
63	898974.0
64	818408.0
65	753565.0
66	690054.5
67	678661.0
68	614812.0
69	552094.5
70	543452.5
71	486788.5
72	428977.0
73	377710.0
74	327866.0
75	321164.0
76	283186.5
77	245569.5
78	213089.5
79	180720.5
80	176353.5
81	151143.0
82	126700.5
83	108227.5
84	90383.5
85	88064.0
86	74177.5
87	61199.0
88	51429.0
89	41799.5
90	40933.0
91	33091.0
92	25642.0
93	24734.0
94	19497.5
95	14896.5
96	11037.0
97	7299.0
98	7049.5
99	5010.0
100	3220.0
>>END_MODULE
>>Per base N content	pass
#Base	N-Count
1	0.0
2	0.0
3	0.0
4	0.0
5	0.0
6	0.0
7	0.0
8	0.0
9	0.0
10	0.0
11	0.0
12	0.0
13	0.0
14	0.0
15	0.0
16	0.0
17	0.0
18	0.0
19	0.0
20	0.0
21	0.0
22	0.0
23	0.0
24	0.0
25	0.0
26	0.0
27	0.0
28	0.0
29	0.0
30	0.0
31	0.0
32	0.0
33	0.0
34	0.0
35	0.0
36	0.0
37	0.0
38	0.0
39	0.0
>>END_MODULE
>>Sequence Length Distribution	warn
#Length	Count
20	78942.0
21	74735.0
22	75027.0
23	77424.0
24	74460.0
25	78056.0
26	78252.0
27	76265.0
28	77265.0
29	83070.0
30	82986.0
31	80036.0
32	66325.0
33	124239.0
34	207231.0
35	409189.0
36	423473.0
37	249930.0
38	158463.0
39	1.2272836E7
>>END_MODULE
>>Sequence Duplication Levels	fail
#Total Duplicate Percentage	78.2491442355879
#Duplication Level	Relative count
1	100.0
2	61.59328321780728
3	36.96768524846237
4	23.073318363760617
5	16.434638289563605
6	12.377233232451431
7	9.733476520550619
8	8.189007126818314
9	6.910084936053891
10++	115.23186566435615
>>END_MODULE
>>Overrepresented sequences	pass
>>END_MODULE
>>Kmer Content	warn
#Sequence	Count	Obs/Exp Overall	Obs/Exp Max	Max Obs/Exp Position
CAGCA	1786090	3.2613416	3.5911703	27
>>END_MODULE
