##FastQC	0.10.1
>>Basic Statistics	pass
#Measure	Value	
Filename	Control_4_trimmed.fastq	
File type	Conventional base calls	
Encoding	Sanger / Illumina 1.9	
Total Sequences	32508178	
Filtered Sequences	0	
Sequence length	51	
%GC	52	
>>END_MODULE
>>Per base sequence quality	pass
#Base	Mean	Median	Lower Quartile	Upper Quartile	10th Percentile	90th Percentile
1	32.218616220201575	33.0	31.0	34.0	30.0	34.0
2	32.439177243338584	34.0	31.0	34.0	30.0	34.0
3	32.5253436535262	34.0	31.0	34.0	31.0	34.0
4	35.957981803840255	37.0	35.0	37.0	35.0	37.0
5	36.04173715918499	37.0	35.0	37.0	35.0	37.0
6	35.903943524610945	37.0	35.0	37.0	35.0	37.0
7	35.87275020457929	37.0	35.0	37.0	35.0	37.0
8	35.86286693766719	37.0	35.0	37.0	35.0	37.0
9	37.58794085599015	39.0	37.0	39.0	35.0	39.0
10	37.597515185255844	39.0	37.0	39.0	35.0	39.0
11	37.600125912931816	39.0	37.0	39.0	35.0	39.0
12	37.57113699205166	39.0	37.0	39.0	35.0	39.0
13	37.45593641083176	39.0	37.0	39.0	34.0	39.0
14	38.823731123903656	40.0	38.0	41.0	34.0	41.0
15	38.7912334244017	40.0	38.0	41.0	34.0	41.0
16	38.738644872684034	40.0	38.0	41.0	34.0	41.0
17	38.73980790310672	40.0	38.0	41.0	34.0	41.0
18	38.738419360199146	40.0	38.0	41.0	34.0	41.0
19	38.77498431317806	40.0	38.0	41.0	34.0	41.0
20	38.72708848831823	40.0	38.0	41.0	34.0	41.0
21	38.70886110565778	40.0	38.0	41.0	34.0	41.0
22	38.66264707299191	40.0	38.0	41.0	34.0	41.0
23	38.64966329395637	40.0	38.0	41.0	34.0	41.0
24	38.65078288915485	40.0	38.0	41.0	34.0	41.0
25	38.62191575301452	40.0	38.0	41.0	34.0	41.0
26	38.55156237916502	40.0	38.0	41.0	34.0	41.0
27	38.49392143724573	40.0	38.0	41.0	34.0	41.0
28	38.453563469475284	40.0	38.0	41.0	34.0	41.0
29	38.40320761748013	40.0	38.0	41.0	34.0	41.0
30	38.36760020816916	40.0	38.0	41.0	34.0	41.0
31	38.30334849895309	40.0	38.0	41.0	33.0	41.0
32	38.25432778791848	40.0	38.0	41.0	33.0	41.0
33	38.19736901280656	40.0	38.0	41.0	33.0	41.0
34	38.141739718540975	40.0	38.0	41.0	33.0	41.0
35	38.06648210182681	40.0	37.0	41.0	33.0	41.0
36	37.93471596593325	40.0	37.0	41.0	33.0	41.0
37	37.90658249133495	40.0	37.0	41.0	33.0	41.0
38	37.851075504754526	40.0	37.0	41.0	33.0	41.0
39	37.77702213885995	40.0	37.0	41.0	33.0	41.0
40	37.688770714864425	40.0	37.0	41.0	32.0	41.0
41	37.61141965569402	40.0	36.0	41.0	32.0	41.0
42	37.4969368323257	40.0	36.0	41.0	32.0	41.0
43	37.445619929852725	40.0	36.0	41.0	32.0	41.0
44	37.35339959686452	40.0	35.0	41.0	32.0	41.0
45	37.277512784629145	39.0	35.0	41.0	31.0	41.0
46	37.19049987975333	39.0	35.0	41.0	31.0	41.0
47	37.086067050574165	39.0	35.0	41.0	31.0	41.0
48	36.97772877335666	39.0	35.0	41.0	31.0	41.0
49	36.84533107330715	39.0	35.0	41.0	31.0	41.0
50	36.726622974686556	39.0	35.0	41.0	31.0	41.0
51	36.593012533646146	39.0	35.0	41.0	31.0	41.0
>>END_MODULE
>>Per sequence quality scores	pass
#Quality	Count
8	7.0
9	47.0
10	196.0
11	534.0
12	989.0
13	1478.0
14	2040.0
15	2833.0
16	4078.0
17	6262.0
18	9489.0
19	14681.0
20	21913.0
21	32594.0
22	48586.0
23	70118.0
24	97599.0
25	133339.0
26	175700.0
27	225661.0
28	285109.0
29	355865.0
30	440357.0
31	543825.0
32	674132.0
33	854595.0
34	1138161.0
35	1569563.0
36	2289933.0
37	3499144.0
38	5549587.0
39	1.4208094E7
40	251669.0
>>END_MODULE
>>Per base sequence content	fail
#Base	G	A	T	C
1	36.76829109118684	10.424350778961813	12.275430189206169	40.53192794064518
2	24.38534229653908	11.884328700260108	31.811914552018745	31.918414451182066
3	23.849442493996488	16.806419489429437	22.221661670096427	37.122476346477654
4	26.99922545641363	23.199523000013198	18.226183522994845	31.57506802057833
5	27.547142822426267	26.9945549005741	21.169482833986454	24.28881944301318
6	25.54135856145375	30.21117111414748	20.78208030539727	23.465390019001504
7	20.71002871954251	24.30495797088351	33.24078636458801	21.744226944985968
8	22.93607473171828	22.70743380327252	27.57442450327422	26.782066961734984
9	22.70287802656919	20.667790117305252	29.054824296827707	27.57450755929785
10	23.340963618447024	32.172126041637895	22.832854551245536	21.654055788669545
11	26.893700409786113	25.80878571539752	20.163670815386826	27.133843059429534
12	25.37693745862964	22.02767562057769	24.011013474824704	28.584373445967966
13	24.87089785876937	24.188715607689453	24.58064779090183	26.35973874263935
14	24.320668528495894	24.199695873403897	25.11347530973211	26.366160288368096
15	24.776889101785855	23.813069585818774	24.548669486409892	26.86137182598548
16	25.674203004003726	23.91312909639459	23.43083706556379	26.98183083403789
17	25.081690218485342	24.527537318611785	23.80662636993229	26.584146092970578
18	24.81634621294371	24.318385361369685	23.93135044357146	26.933917982115148
19	25.49383419765943	24.13373951625342	23.309445395555542	27.062980890531605
20	25.409989167032933	24.24040339882496	23.94327199409773	26.406335440044376
21	24.9505744329245	24.062315420281667	23.966926513689426	27.020183633104406
22	25.676234414292647	24.71566982339062	22.808186484407916	26.799909277908817
23	25.237996053709495	24.979813428677257	23.499334640642424	26.282855876970828
24	24.94826644367276	24.484133309814958	23.579335173582656	26.988265072929625
25	25.666271286666436	24.497222480876765	22.84893115586096	26.98757507659584
26	25.326530202928666	24.614330821185515	23.351660622442875	26.707478353442944
27	24.90544016752172	24.19862330113013	23.782996882348094	27.112939649000054
28	25.690833359789668	24.386932883846352	22.90630408936187	27.01592966700211
29	25.392150342391144	24.475837280671776	23.475648339995274	26.65636403694181
30	24.992372255819433	24.18157642753563	23.623715919488184	27.20233539715675
31	25.670661207172486	24.27653678244738	22.87175320855002	27.181048801830116
32	25.197018644928377	24.688415724822224	23.674775303979686	26.439790326269712
33	24.918882248576192	24.18621372312513	23.891328177663627	27.00357585063505
34	25.697016009898437	24.510735510275904	22.769938233207636	27.022310246618026
35	25.479987047478993	24.662119952343335	23.424508108016642	26.433384892161033
36	25.225316858851315	24.192271288697366	23.33961765388894	27.242794198562375
37	25.73149126788928	24.343029286293216	22.568810952221778	27.356668493595727
38	25.356441551203208	24.557085072856136	23.257449333530154	26.829024042410506
39	24.944119349562456	24.22075221370447	23.493576117337646	27.34155231939543
40	25.574070726966898	24.4949334055283	22.594176358251108	27.336819509253697
41	25.324589321060024	24.64105636000385	23.300864120415756	26.73349019852037
42	25.098311218353903	24.345441848270905	23.269811323134896	27.2864356102403
43	25.661320492851313	24.52462142900348	22.64800975133637	27.166048326808834
44	25.238858188928525	24.534007294380725	23.413503264615475	26.813631252075275
45	25.060728022510503	24.141461004419774	23.321806525608896	27.476004447460834
46	25.876679715042133	24.21250575387641	22.5699782434096	27.340836287671856
47	25.709035633270123	24.466204258231837	23.06801396184355	26.756746146654493
48	25.124903149141954	24.22724521701976	23.15872305035654	27.489128583481747
49	25.83891076937202	24.3123647666246	22.50515364505273	27.343570818950646
50	25.555396114279354	24.48468094098194	23.17617400912204	26.783748935616668
51	25.232403653095187	24.060845298217888	23.216029429710762	27.490721618976167
>>END_MODULE
>>Per base GC content	fail
#Base	%GC
1	77.30021903183201
2	56.303756747721145
3	60.97191884047414
4	58.574293476991954
5	51.83596226543945
6	49.00674858045526
7	42.45425566452848
8	49.71814169345326
9	50.27738558586704
10	44.99501940711657
11	54.02754346921566
12	53.9613109045976
13	51.23063660140872
14	50.68682881686399
15	51.63826092777134
16	52.656033838041616
17	51.66583631145593
18	51.75026419505886
19	52.556815088191044
20	51.81632460707731
21	51.97075806602891
22	52.47614369220146
23	51.52085193068032
24	51.93653151660239
25	52.65384636326227
26	52.03400855637162
27	52.01837981652177
28	52.70676302679178
29	52.04851437933296
30	52.19470765297619
31	52.851710009002595
32	51.63680897119809
33	51.92245809921124
34	52.71932625651646
35	51.913371939640015
36	52.468111057413694
37	53.088159761485
38	52.18546559361371
39	52.28567166895789
40	52.910890236220595
41	52.05807951958039
42	52.384746828594196
43	52.82736881966015
44	52.0524894410038
45	52.536732469971334
46	53.21751600271399
47	52.46578177992461
48	52.6140317326237
49	53.18248158832267
50	52.33914504989603
51	52.72312527207135
>>END_MODULE
>>Per sequence GC content	pass
#GC Content	Count
0	3770.0
1	3123.5
2	2477.0
3	2924.5
4	3372.0
5	3622.0
6	3872.0
7	4050.0
8	4228.0
9	4370.5
10	4513.0
11	4763.5
12	5014.0
13	6271.0
14	7528.0
15	9940.5
16	12353.0
17	16284.5
18	20216.0
19	26117.5
20	32019.0
21	43590.5
22	55162.0
23	69526.5
24	83891.0
25	102743.0
26	147888.5
27	174182.0
28	218680.0
29	263178.0
30	317633.5
31	372089.0
32	443283.0
33	514477.0
34	616197.5
35	717918.0
36	840691.0
37	963464.0
38	1080930.5
39	1198397.0
40	1326479.0
41	1454561.0
42	1577552.5
43	1700544.0
44	1817683.0
45	1934822.0
46	1999041.0
47	2063260.0
48	2123021.0
49	2182782.0
50	2200752.5
51	2218723.0
52	2206362.5
53	2194002.0
54	2142553.5
55	2091105.0
56	2010490.0
57	1929875.0
58	1824152.5
59	1718430.0
60	1611050.0
61	1503670.0
62	1397398.5
63	1291127.0
64	1196736.5
65	1102346.0
66	1029387.0
67	956428.0
68	866569.0
69	776710.0
70	710252.0
71	643794.0
72	580123.5
73	516453.0
74	467039.5
75	372462.5
76	327299.0
77	290711.0
78	254123.0
79	222763.0
80	191403.0
81	167557.5
82	143712.0
83	125691.5
84	107671.0
85	93756.0
86	79841.0
87	68812.5
88	57784.0
89	48124.0
90	38464.0
91	31402.0
92	24340.0
93	18881.5
94	13423.0
95	9956.0
96	6489.0
97	4628.5
98	2768.0
99	1828.0
100	888.0
>>END_MODULE
>>Per base N content	pass
#Base	N-Count
1	0.07198803944041404
2	5.106407378475656E-4
3	0.001679577366655246
4	3.076149023178106E-6
5	1.476551531125491E-4
6	0.0023040356183604014
7	0.0
8	0.0
9	0.0
10	0.0
11	0.0
12	0.0
13	9.228447069534319E-6
14	1.538074511589053E-5
15	5.22945333940278E-5
16	0.024461537032312304
17	6.152298046356212E-6
18	0.0
19	0.0
20	6.152298046356212E-6
21	6.306105497515118E-4
22	3.3530024352641357E-4
23	5.567829731952372E-4
24	8.121033421190201E-4
25	6.490674438905804E-4
26	1.8456894139068637E-5
27	0.007087447349402357
28	0.0054940021553960975
29	0.0019072123943704258
30	0.005672418798740427
31	0.0027470010776980487
32	0.004561929001373132
33	0.0072166456083758365
34	0.00626919170923698
35	0.01492855120948335
36	0.015571466355327574
37	0.01145250281329209
38	0.013941107373043176
39	0.01806314706410184
40	0.011083364930510715
41	0.013101318689715554
42	0.02170223135852154
43	0.017091083972777556
44	0.010554267298524081
45	0.013036719560228813
46	0.012316900688805137
47	0.014562489475725153
48	0.014131828612480218
49	0.024240054302643477
50	0.017810902844201233
51	0.0019102885433936038
>>END_MODULE
>>Sequence Length Distribution	pass
#Length	Count
51	3.2508178E7
>>END_MODULE
>>Sequence Duplication Levels	fail
#Total Duplicate Percentage	85.14914082154988
#Duplication Level	Relative count
1	100.0
2	87.58954785672343
3	61.62066940692895
4	40.340575455079275
5	27.046388725778037
6	19.83264826776277
7	15.963006459189666
8	12.50440399295361
9	10.848502642395772
10++	211.45331767469173
>>END_MODULE
>>Overrepresented sequences	pass
>>END_MODULE
>>Kmer Content	warn
#Sequence	Count	Obs/Exp Overall	Obs/Exp Max	Max Obs/Exp Position
AAAAA	6403020	5.4117804	8.326906	10
TTTTT	4000305	3.7021918	5.1009393	11
TTCTT	4552995	3.6147685	6.1584463	6
CTTCT	4903485	3.3396864	5.745429	1
CAGCA	5175640	3.1401916	4.4195175	9
TCTTC	4443375	3.0263126	5.2856984	7
CTCCT	3948545	2.3070412	6.6550145	1
CTCCA	3538265	2.0301425	6.9978023	1
TTGAA	2457250	2.025846	5.55829	7
GCCAG	3543730	2.022508	5.7915993	1
TCCAG	3134435	1.9365712	5.2507753	2
GTCCA	2426440	1.4991453	5.149138	1
>>END_MODULE
