##FastQC	0.10.1
>>Basic Statistics	pass
#Measure	Value	
Filename	Sample_7_L002_shorten.fastq	
File type	Conventional base calls	
Encoding	Sanger / Illumina 1.9	
Total Sequences	16679872	
Filtered Sequences	0	
Sequence length	8-39	
%GC	52	
>>END_MODULE
>>Per base sequence quality	pass
#Base	Mean	Median	Lower Quartile	Upper Quartile	10th Percentile	90th Percentile
1	37.510136288815644	39.0	37.0	39.0	34.0	39.0
2	38.847696193352085	40.0	38.0	41.0	35.0	41.0
3	38.82157285139838	40.0	38.0	41.0	34.0	41.0
4	38.79263168206567	40.0	38.0	41.0	34.0	41.0
5	38.78175378084436	40.0	38.0	41.0	34.0	41.0
6	38.77918289780641	40.0	38.0	41.0	34.0	41.0
7	38.80930549107331	40.0	38.0	41.0	34.0	41.0
8	38.728227650667826	40.0	38.0	41.0	34.0	41.0
9	38.730122692978796	40.0	38.0	41.0	34.0	41.0
10	38.73528306002172	40.0	38.0	41.0	34.0	41.0
11	38.71090026045881	40.0	38.0	41.0	34.0	41.0
12	38.688160723460015	40.0	38.0	41.0	34.0	41.0
13	38.65530978065416	40.0	38.0	41.0	34.0	41.0
14	38.597360457513496	40.0	38.0	41.0	34.0	41.0
15	38.54236187381538	40.0	38.0	41.0	34.0	41.0
16	38.49622632470069	40.0	38.0	41.0	34.0	41.0
17	38.451974378457095	40.0	38.0	41.0	34.0	41.0
18	38.41843005778458	40.0	38.0	41.0	34.0	41.0
19	38.37522443646915	40.0	38.0	41.0	34.0	41.0
20	38.32297935114057	40.0	38.0	41.0	33.0	41.0
21	38.25630627514711	40.0	38.0	41.0	33.0	41.0
22	38.206038053065	40.0	38.0	41.0	33.0	41.0
23	38.137304482320076	40.0	38.0	41.0	33.0	41.0
24	37.94154527126578	40.0	37.0	41.0	33.0	41.0
25	37.94839236337638	40.0	37.0	41.0	33.0	41.0
26	37.91287034579949	40.0	37.0	41.0	33.0	41.0
27	37.84694245023272	40.0	37.0	41.0	33.0	41.0
28	37.771166160564654	40.0	37.0	41.0	33.0	41.0
29	37.71300392107537	40.0	36.0	41.0	33.0	41.0
30	37.58357329957348	40.0	36.0	41.0	32.0	41.0
31	37.55027351695292	40.0	36.0	41.0	32.0	41.0
32	37.479063848949636	40.0	36.0	41.0	32.0	41.0
33	37.41170358589847	39.0	35.0	41.0	32.0	41.0
34	37.33963377996065	39.0	35.0	41.0	32.0	41.0
35	37.263942650629666	39.0	35.0	41.0	32.0	41.0
36	37.195601044562586	39.0	35.0	41.0	31.0	41.0
37	37.09700530134692	39.0	35.0	41.0	31.0	41.0
38	37.08503294612512	39.0	35.0	41.0	31.0	41.0
39	37.247624099089265	39.0	35.0	41.0	32.0	41.0
>>END_MODULE
>>Per sequence quality scores	pass
#Quality	Count
9	4.0
10	7.0
11	43.0
12	104.0
13	194.0
14	394.0
15	741.0
16	1468.0
17	2467.0
18	4263.0
19	7165.0
20	11590.0
21	18796.0
22	28270.0
23	41068.0
24	55870.0
25	74221.0
26	95197.0
27	119447.0
28	146387.0
29	178285.0
30	213695.0
31	256107.0
32	311678.0
33	383518.0
34	502638.0
35	663549.0
36	904980.0
37	1279061.0
38	1815623.0
39	2795344.0
40	6762785.0
41	4913.0
>>END_MODULE
>>Per base sequence content	pass
#Base	G	A	T	C
1	24.745599051695304	24.165648523300927	25.11245440687161	25.976298018132155
2	24.39502533352774	23.96051960110965	25.33289823806801	26.311556827294595
3	25.076151718299794	23.599604553035817	24.538964955341353	26.78527877332304
4	25.590058484861274	23.76011038933632	23.783120158236226	26.866710967566178
5	25.19665769597379	24.138651911636487	23.845112471193573	26.819577921196153
6	25.056601153773844	24.054123436918463	23.82345619918426	27.065819210123436
7	25.44157870784237	23.885691188581877	23.550694552816932	27.12203555075882
8	25.602302464402143	23.697826847180494	24.004513944865387	26.695356743551972
9	25.201537726271077	23.70486457596539	23.877519120399562	27.216078577363966
10	25.59741212269868	24.361477618447623	23.249983357991493	26.791126900862206
11	25.32239541945367	24.54404849679756	23.61969105195531	26.513865031793454
12	25.2663499621122	24.121509011393815	23.552367086283105	27.059773940210878
13	25.696887719350247	24.243997686175874	23.155905150490668	26.90320944398322
14	25.469917259658814	24.18228116472734	23.460560413363833	26.887241162250007
15	25.20530209132924	23.910106561568835	23.687820400417642	27.19677094668428
16	25.679583303463456	24.099091391266374	23.30975203856679	26.911573266703385
17	25.459449043650277	24.01074274030069	23.60381875763016	26.92598945841887
18	25.251766851840085	23.86833606650626	23.58719426294369	27.29270281870997
19	25.61174917896196	24.02669372322653	23.241212475092528	27.120344622718978
20	25.266808095857797	24.30286556948283	23.707089193285185	26.72323714137419
21	25.180650948655263	23.948166924860374	23.822707322533773	27.04847480395059
22	25.589460802141588	24.294110808231117	23.16902711480616	26.947401274821136
23	25.63921334323353	24.210924708712678	23.506557918437867	26.643304029615926
24	25.57959912608035	23.92957443784414	23.2251431806424	27.26568325543311
25	25.674424503162808	24.108637304489417	22.929771343776288	27.287166848571488
26	25.498311945736262	24.101917400730414	23.31933396370715	27.080436689826175
27	25.315476498641292	23.935627262756014	23.371182887875662	27.377713350727035
28	25.531599709315	24.225323750780728	22.936336419954557	27.306740119949712
29	25.461239118038907	24.1651964604201	23.360106800681603	27.013457620859388
30	25.37570109777626	24.027968961671323	23.219763819613306	27.376566120939117
31	25.552799625445566	24.26683745254719	23.030258785256265	27.15010413675098
32	25.25845722256792	24.086438381600818	23.546240752827362	27.1088636430039
33	25.29218772932079	23.838540520849467	23.326638362130613	27.542633387699134
34	25.775462632444313	23.99060142096757	22.962616713866073	27.271319232722043
35	25.67967827515628	24.078905246175843	23.230666612825303	27.01074986584257
36	24.92412044396778	24.04487559022507	23.376439448166924	27.654564517640228
37	24.902085849779038	24.074345966920045	23.142234420100063	27.88133376320085
38	25.985022552624642	23.269343909488185	23.36365459632693	27.381978941560238
39	25.47010030277303	24.331081676934595	22.437031204642498	27.761786815649874
>>END_MODULE
>>Per base GC content	pass
#Base	%GC
1	50.72189706982746
2	50.706582160822336
3	51.861430491622826
4	52.45676945242745
5	52.01623561716994
6	52.122420363897284
7	52.56361425860119
8	52.29765920795412
9	52.41761630363504
10	52.38853902356089
11	51.83626045124713
12	52.326123902323076
13	52.60009716333346
14	52.35715842190882
15	52.40207303801352
16	52.591156570166845
17	52.38543850206915
18	52.54446967055005
19	52.732093801680946
20	51.99004523723198
21	52.22912575260585
22	52.53686207696272
23	52.282517372849455
24	52.84528238151346
25	52.96159135173429
26	52.578748635562434
27	52.69318984936832
28	52.83833982926471
29	52.474696738898295
30	52.752267218715374
31	52.70290376219655
32	52.36732086557182
33	52.83482111701993
34	53.046781865166345
35	52.69042814099885
36	52.578684961608005
37	52.783419612979884
38	53.36700149418488
39	53.231887118422904
>>END_MODULE
>>Per sequence GC content	pass
#GC Content	Count
0	15120.0
1	13662.5
2	11420.5
3	9499.0
4	7839.0
5	6394.5
6	4388.0
7	3277.0
8	3210.5
9	4051.0
10	4961.5
11	5010.5
12	6727.0
13	8583.0
14	13297.5
15	18037.0
16	18331.5
17	22183.5
18	26207.5
19	34792.5
20	43188.5
21	43850.0
22	58942.5
23	73612.0
24	98605.5
25	123820.0
26	125247.0
27	153941.5
28	182100.5
29	230813.0
30	280754.5
31	282987.5
32	353560.0
33	425992.0
34	429091.5
35	501546.0
36	576119.0
37	677841.5
38	780561.0
39	787367.5
40	883751.0
41	980591.5
42	1060594.5
43	1140900.0
44	1146132.0
45	1219665.0
46	1294535.5
47	1344268.5
48	1391112.5
49	1392343.5
50	1417010.5
51	1441049.0
52	1441708.0
53	1407417.0
54	1371016.0
55	1301196.0
56	1231308.0
57	1226243.0
58	1155690.5
59	1086380.5
60	1001048.0
61	915222.0
62	912212.0
63	837973.0
64	762842.5
65	703441.5
66	645498.0
67	643317.5
68	582300.0
69	523049.5
70	520496.0
71	464484.0
72	408218.0
73	360183.0
74	313043.5
75	310339.0
76	272452.5
77	235004.5
78	204931.0
79	174073.0
80	171790.5
81	147485.5
82	123354.0
83	105860.5
84	88555.0
85	87201.5
86	74035.5
87	61237.5
88	51549.5
89	41975.0
90	41318.0
91	33976.5
92	26854.0
93	26201.0
94	21225.5
95	16477.0
96	12610.0
97	8858.5
98	8536.0
99	6490.0
100	4649.0
>>END_MODULE
>>Per base N content	pass
#Base	N-Count
1	5.995249843643883E-6
2	0.0
3	7.194299812372661E-5
4	0.0
5	5.995249843643883E-6
6	0.0
7	1.7985749530931653E-5
8	2.997624921821942E-5
9	9.053549165148847E-4
10	5.3974052513994416E-5
11	6.897426156455457E-4
12	0.0016497464669629571
13	8.459870394785551E-4
14	1.3202813519561018E-4
15	0.012754809583597784
16	0.00679606159825358
17	0.0019154789796297519
18	0.009477411448664983
19	4.98597529251005E-4
20	0.001351943202042023
21	0.00789694831026641
22	0.0010700140231950186
23	0.010654324645689592
24	0.012142647419497976
25	0.006430726963905816
26	0.0056382641367288076
27	0.014427784843867834
28	0.008195017080378546
29	0.006915540587145058
30	0.019430001054995403
31	0.00841590624378799
32	0.0031751531588850267
33	0.0037822810284348384
34	0.006412770948647256
35	0.006701340937105301
36	0.005343933848662765
37	0.018327238608234313
38	0.0
39	0.0
>>END_MODULE
>>Sequence Length Distribution	warn
#Length	Count
8	1330.0
9	3863.0
10	1793.0
11	3658.0
12	2306.0
13	3807.0
14	2733.0
15	3676.0
16	2908.0
17	3682.0
18	3423.0
19	3982.0
20	3372.0
21	4043.0
22	3552.0
23	4398.0
24	4031.0
25	4725.0
26	4813.0
27	6124.0
28	7360.0
29	12543.0
30	11995.0
31	9625.0
32	15271.0
33	21343.0
34	85046.0
35	295318.0
36	358448.0
37	59719.0
38	184356.0
39	1.5546629E7
>>END_MODULE
>>Sequence Duplication Levels	fail
#Total Duplicate Percentage	77.97185352132063
#Duplication Level	Relative count
1	100.0
2	61.57180513521429
3	36.59670018549253
4	22.93468710338768
5	16.33115298252465
6	12.326466855413454
7	9.788148003514594
8	8.034755442741384
9	6.751928146050962
10++	116.17494874548473
>>END_MODULE
>>Overrepresented sequences	pass
>>END_MODULE
>>Kmer Content	warn
#Sequence	Count	Obs/Exp Overall	Obs/Exp Max	Max Obs/Exp Position
AAAAA	2173920	4.678328	5.1074686	11
TTCTT	1651630	3.4411423	3.862071	1
TTTTT	1431770	3.4304824	4.2360253	1
CTTCT	1736780	3.146608	3.4372437	1
CAGCA	1954670	3.1464922	3.4706745	27
>>END_MODULE
