##FastQC	0.10.1
>>Basic Statistics	pass
#Measure	Value	
Filename	Sample_1_L002_poly_any.fastq	
File type	Conventional base calls	
Encoding	Sanger / Illumina 1.9	
Total Sequences	77062	
Filtered Sequences	0	
Sequence length	20-39	
%GC	53	
>>END_MODULE
>>Per base sequence quality	pass
#Base	Mean	Median	Lower Quartile	Upper Quartile	10th Percentile	90th Percentile
1	37.64802366925333	39.0	37.0	39.0	35.0	39.0
2	39.021567049907866	41.0	38.0	41.0	35.0	41.0
3	38.991798811346705	41.0	38.0	41.0	35.0	41.0
4	38.97450105110171	41.0	38.0	41.0	35.0	41.0
5	38.96173211180608	41.0	38.0	41.0	35.0	41.0
6	38.95177908696893	41.0	38.0	41.0	35.0	41.0
7	38.98994316264826	41.0	39.0	41.0	35.0	41.0
8	38.89426695388129	40.0	39.0	41.0	35.0	41.0
9	38.906555760296904	40.0	38.0	41.0	35.0	41.0
10	38.911240300018164	40.0	38.0	41.0	35.0	41.0
11	38.887259609145886	40.0	38.0	41.0	35.0	41.0
12	38.8650048013288	40.0	38.0	41.0	35.0	41.0
13	38.84874516622979	40.0	38.0	41.0	35.0	41.0
14	38.81254055176351	40.0	38.0	41.0	35.0	41.0
15	38.7642417793465	40.0	38.0	41.0	35.0	41.0
16	38.727388336663985	40.0	38.0	41.0	34.0	41.0
17	38.655511146868754	40.0	38.0	41.0	34.0	41.0
18	38.6353585424723	40.0	38.0	41.0	34.0	41.0
19	38.58399730087462	40.0	38.0	41.0	34.0	41.0
20	38.521943370273284	40.0	38.0	41.0	34.0	41.0
21	38.46988234986877	40.0	38.0	41.0	34.0	41.0
22	38.41692378389024	40.0	38.0	41.0	34.0	41.0
23	38.35201340953186	40.0	38.0	41.0	34.0	41.0
24	38.15214995950987	40.0	38.0	41.0	33.0	41.0
25	38.14490681985171	40.0	37.0	41.0	33.0	41.0
26	38.10099894989095	40.0	37.0	41.0	33.0	41.0
27	38.05536955961885	40.0	37.0	41.0	33.0	41.0
28	37.97048307860262	40.0	37.0	41.0	33.0	41.0
29	37.91802962983342	40.0	37.0	41.0	33.0	41.0
30	37.78382943375329	40.0	36.0	41.0	33.0	41.0
31	37.766724368997096	40.0	36.0	41.0	33.0	41.0
32	37.68533033138676	40.0	36.0	41.0	33.0	41.0
33	37.62480881436583	40.0	36.0	41.0	33.0	41.0
34	37.55530432044879	39.0	35.0	41.0	33.0	41.0
35	37.44330872610259	39.0	35.0	41.0	32.0	41.0
36	37.35655035614462	39.0	35.0	41.0	32.0	41.0
37	37.248709496859256	39.0	35.0	41.0	32.0	41.0
38	37.23220801472221	39.0	35.0	41.0	32.0	41.0
39	37.31574731243091	39.0	35.0	41.0	32.0	41.0
>>END_MODULE
>>Per sequence quality scores	pass
#Quality	Count
14	1.0
15	1.0
16	4.0
17	5.0
18	11.0
19	24.0
20	37.0
21	48.0
22	93.0
23	114.0
24	196.0
25	278.0
26	367.0
27	417.0
28	566.0
29	704.0
30	869.0
31	1041.0
32	1314.0
33	1619.0
34	2203.0
35	2874.0
36	4125.0
37	5750.0
38	8244.0
39	13399.0
40	32731.0
41	27.0
>>END_MODULE
>>Per base sequence content	pass
#Base	G	A	T	C
1	24.687913627987854	23.7795541252498	25.369183255041396	26.16334899172095
2	25.126521502167087	24.233733876618828	24.51402766603514	26.125716955178945
3	25.912901300251747	23.901533829903197	23.78863772027718	26.39692714956788
4	25.931068490306508	23.956035400067478	23.677039267083646	26.43585684254237
5	26.269756819184554	23.758791622330072	23.289039993771247	26.682411564714126
6	26.38265292881057	23.122939970413434	23.145000129765645	27.349406971010353
7	26.09716851366432	23.05027121019439	22.711582881316343	28.140977394824944
8	26.177623212478263	23.449949391399134	23.5057486179959	26.8666787781267
9	26.787521735745244	22.696011004126547	23.383768913342504	27.132698346785705
10	26.68760219044406	23.38117360047754	22.481897692766864	27.44932651631154
11	25.910305987386778	23.880771326983467	23.170953258415302	27.037969427214453
12	26.22433884404765	23.752303340167657	22.854325088889464	27.169032726895225
13	26.46570294048948	23.87298538838857	22.699903973423996	26.961407697697958
14	25.947938023928785	23.41231735485713	23.36430406685526	27.275440554358827
15	25.3613973164465	23.484986115076172	23.444758765669203	27.70885780280813
16	26.52539513638369	23.339648594638085	22.49357660065921	27.641379668319015
17	26.757675637798133	23.30720718382601	23.13980950403571	26.79530767434014
18	25.868780981547324	23.455140017129064	22.886766499701537	27.78931250162207
19	26.398224806000364	23.13851184760323	22.999662609327554	27.463600737068855
20	26.115335703719083	23.573226752485013	23.434377514209338	26.87706002958657
21	25.88433464345873	23.442539466983533	23.40075473669091	27.272371152866825
22	25.909538501936584	24.05960743123482	22.50902645572113	27.52182761110746
23	26.56301556086423	23.445563371916535	22.98494067338023	27.006480393839006
24	26.122107610816837	23.47232731955341	23.172302096193928	27.233262973435817
25	26.535301583060583	23.757932001870284	22.081357290762142	27.625409124306994
26	26.303885403484205	23.511672365976466	22.860066237647754	27.324375992891568
27	26.084009921791345	23.33789663445247	22.75370372880437	27.824389714951813
28	26.970524017467252	23.402019650655024	22.1042576419214	27.52319868995633
29	26.54855083428477	23.30082396797667	23.00232471766373	27.148300480074834
30	26.239789561124187	23.53592690017998	22.512806313166276	27.711477225529556
31	26.668248827339735	23.36385972749609	22.50949296403842	27.458398481125755
32	26.405403503834517	23.20551607683107	23.167522690494618	27.221557728839795
33	26.302894692120322	23.07114937970883	22.783662833512714	27.84229309465813
34	26.76130915751964	23.435465174520946	22.06734690956967	27.73587875838974
35	26.95583802909186	23.47588054572722	21.83636919582405	27.731912229356865
36	26.23899257656358	23.138881375289273	22.223724942145285	28.398401106001863
37	26.598358106847442	22.753280676658996	21.59649231917408	29.051868897319483
38	28.52904781546467	21.074340831931973	20.950598089919726	29.44601326268363
39	27.079161125975293	22.979316532354968	21.534197414166012	28.407324927503723
>>END_MODULE
>>Per base GC content	pass
#Base	%GC
1	50.851262619708805
2	51.25223845734603
3	52.309828449819626
4	52.36692533284888
5	52.95216838389868
6	53.732059899820925
7	54.238145908489265
8	53.04430199060497
9	53.920220082530946
10	54.136928706755604
11	52.948275414601234
12	53.39337157094288
13	53.427110638187436
14	53.223378578287615
15	53.070255119254625
16	54.16677480470271
17	53.55298331213828
18	53.6580934831694
19	53.861825543069216
20	52.992395733305656
21	53.156705796325554
22	53.43136611304406
23	53.56949595470324
24	53.35537058425266
25	54.16071070736758
26	53.62826139637578
27	53.908399636743155
28	54.49372270742357
29	53.696851314359606
30	53.95126678665374
31	54.12664730846549
32	53.62696123267431
33	54.14518778677845
34	54.497187915909386
35	54.68775025844873
36	54.63739368256544
37	55.65022700416693
38	57.97506107814831
39	55.48648605347902
>>END_MODULE
>>Per sequence GC content	pass
#GC Content	Count
0	14.0
1	9.5
2	4.0
3	3.0
4	4.0
5	5.0
6	4.5
7	4.5
8	6.0
9	9.0
10	11.0
11	9.5
12	11.5
13	16.5
14	29.0
15	43.0
16	49.0
17	63.0
18	75.0
19	100.5
20	128.0
21	133.0
22	159.0
23	194.5
24	271.5
25	351.0
26	381.0
27	481.0
28	593.5
29	786.0
30	964.0
31	985.0
32	1215.0
33	1481.5
34	1561.0
35	1953.5
36	2343.5
37	2796.5
38	3262.0
39	3360.0
40	3842.0
41	4289.0
42	4719.5
43	5236.5
44	5373.0
45	5703.5
46	6011.0
47	6401.0
48	6815.0
49	6861.5
50	7039.0
51	7213.5
52	7239.5
53	7253.0
54	7266.5
55	7045.5
56	6751.5
57	6670.0
58	6335.5
59	6040.5
60	5637.0
61	5151.5
62	5027.5
63	4516.5
64	4042.5
65	3737.5
66	3413.0
67	3338.5
68	2983.5
69	2624.5
70	2573.0
71	2297.0
72	1983.0
73	1719.0
74	1483.5
75	1446.5
76	1251.0
77	1064.0
78	934.5
79	801.5
80	765.5
81	644.0
82	542.5
83	456.0
84	373.5
85	363.5
86	294.0
87	231.0
88	187.5
89	145.0
90	142.0
91	119.5
92	97.0
93	93.0
94	74.0
95	57.0
96	39.5
97	22.0
98	24.0
99	22.5
100	19.0
>>END_MODULE
>>Per base N content	pass
#Base	N-Count
1	0.0
2	0.0
3	0.0
4	0.0
5	0.0
6	0.0
7	0.0
8	0.0
9	0.0
10	0.0
11	0.0
12	0.0
13	0.0
14	0.0
15	0.0
16	0.0
17	0.0
18	0.0
19	0.0
20	0.0
21	0.0
22	0.0
23	0.0
24	0.0
25	0.0
26	0.0
27	0.0
28	0.0
29	0.0
30	0.0
31	0.0
32	0.0
33	0.0
34	0.0
35	0.0
36	0.0
37	0.0
38	0.0
39	0.0
>>END_MODULE
>>Sequence Length Distribution	warn
#Length	Count
20	479.0
21	418.0
22	398.0
23	440.0
24	472.0
25	577.0
26	501.0
27	497.0
28	583.0
29	467.0
30	598.0
31	567.0
32	453.0
33	735.0
34	1198.0
35	2133.0
36	2230.0
37	1282.0
38	617.0
39	62417.0
>>END_MODULE
>>Sequence Duplication Levels	warn
#Total Duplicate Percentage	28.500798069062174
#Duplication Level	Relative count
1	100.0
2	12.490471523467276
3	2.2450905659007585
4	0.6316018730262442
5	0.23957312425133398
6	0.1397509891466115
7	0.08167265599477296
8	0.05263348941885368
9	0.03266906239790918
10++	0.12523140585865186
>>END_MODULE
>>Overrepresented sequences	pass
>>END_MODULE
>>Kmer Content	warn
#Sequence	Count	Obs/Exp Overall	Obs/Exp Max	Max Obs/Exp Position
CAGCA	8415	3.011751	3.9645913	12
AGCAG	7600	2.859392	8.651078	5
CAAAA	4075	1.940845	11.351184	1
AAAAG	3610	1.8074476	11.680539	2
AAGCA	4210	1.7821481	9.449371	4
GCAGG	5125	1.7137698	7.5206084	6
AAAGC	3670	1.5535591	8.952036	3
>>END_MODULE
