##FastQC	0.10.1
>>Basic Statistics	pass
#Measure	Value	
Filename	Sample_5_L002_trimmed.fastq	
File type	Conventional base calls	
Encoding	Sanger / Illumina 1.9	
Total Sequences	17450091	
Filtered Sequences	0	
Sequence length	5-51	
%GC	52	
>>END_MODULE
>>Per base sequence quality	pass
#Base	Mean	Median	Lower Quartile	Upper Quartile	10th Percentile	90th Percentile
1	32.454379578880136	34.0	31.0	34.0	31.0	34.0
2	32.663121412948506	34.0	31.0	34.0	31.0	34.0
3	32.730429199480966	34.0	31.0	34.0	31.0	34.0
4	36.16804049904382	37.0	35.0	37.0	35.0	37.0
5	36.23872637684239	37.0	35.0	37.0	35.0	37.0
6	36.154068981115216	37.0	36.0	37.0	35.0	37.0
7	36.12978048120618	37.0	35.0	37.0	35.0	37.0
8	36.1272515125639	37.0	35.0	37.0	35.0	37.0
9	37.906687439247975	39.0	38.0	39.0	35.0	39.0
10	37.92561474174691	39.0	38.0	39.0	35.0	39.0
11	37.92721828036768	39.0	38.0	39.0	35.0	39.0
12	37.89689343831172	39.0	38.0	39.0	35.0	39.0
13	37.803338501033785	39.0	38.0	39.0	35.0	39.0
14	39.22404803806644	41.0	39.0	41.0	36.0	41.0
15	39.19993439789789	41.0	39.0	41.0	36.0	41.0
16	39.17755090104357	41.0	39.0	41.0	36.0	41.0
17	39.16883529894607	41.0	39.0	41.0	36.0	41.0
18	39.17006320446999	41.0	39.0	41.0	36.0	41.0
19	39.20683468112217	41.0	39.0	41.0	36.0	41.0
20	39.12830035318593	41.0	39.0	41.0	36.0	41.0
21	39.13778721407377	40.0	39.0	41.0	36.0	41.0
22	39.151841653918346	40.0	39.0	41.0	36.0	41.0
23	39.13381988686351	40.0	39.0	41.0	36.0	41.0
24	39.116574142109755	41.0	39.0	41.0	35.0	41.0
25	39.09096287378744	40.0	39.0	41.0	35.0	41.0
26	39.06028205631573	40.0	38.0	41.0	35.0	41.0
27	39.024487647873435	40.0	38.0	41.0	35.0	41.0
28	38.99005574406866	40.0	38.0	41.0	35.0	41.0
29	38.94669448048618	40.0	38.0	41.0	35.0	41.0
30	38.919883209939485	40.0	38.0	41.0	35.0	41.0
31	38.883491290776576	40.0	38.0	41.0	35.0	41.0
32	38.834619649324836	40.0	38.0	41.0	35.0	41.0
33	38.778084340210974	40.0	38.0	41.0	35.0	41.0
34	38.734913992156194	40.0	38.0	41.0	35.0	41.0
35	38.67118616079945	40.0	38.0	41.0	34.0	41.0
36	38.475244047129436	40.0	38.0	41.0	34.0	41.0
37	38.48850832191901	40.0	38.0	41.0	34.0	41.0
38	38.455290974201255	40.0	38.0	41.0	34.0	41.0
39	38.39071035072569	40.0	37.0	41.0	34.0	41.0
40	38.32078728624929	40.0	37.0	41.0	34.0	41.0
41	38.25979937435281	40.0	37.0	41.0	33.0	41.0
42	38.128213774476684	40.0	37.0	41.0	33.0	41.0
43	38.09251738363571	40.0	37.0	41.0	33.0	41.0
44	38.01194510237103	40.0	37.0	41.0	33.0	41.0
45	37.93364469822145	40.0	36.0	41.0	33.0	41.0
46	37.85104939917058	40.0	36.0	41.0	33.0	41.0
47	37.750838165957454	39.0	36.0	41.0	33.0	41.0
48	37.65459131924193	39.0	35.0	41.0	33.0	41.0
49	37.517977161777715	39.0	35.0	41.0	33.0	41.0
50	37.403767303928824	39.0	35.0	41.0	33.0	41.0
51	37.27000983513726	39.0	35.0	41.0	32.0	41.0
>>END_MODULE
>>Per sequence quality scores	pass
#Quality	Count
22	5.0
23	6.0
24	9.0
25	101.0
26	1069.0
27	7857.0
28	37358.0
29	109444.0
30	204991.0
31	292713.0
32	384359.0
33	499936.0
34	678567.0
35	1023801.0
36	1410345.0
37	2042395.0
38	3180795.0
39	7455671.0
40	120669.0
>>END_MODULE
>>Per base sequence content	fail
#Base	G	A	T	C
1	36.397294432447374	10.038698365527148	11.654976469750215	41.90903073227526
2	24.79894230924068	10.734906769254097	32.610958876947976	31.855192044557246
3	23.888924132258108	16.323416307685733	21.981547259552972	37.806112300503194
4	27.17349153078915	22.524942706602506	18.777999495819248	31.523566266789093
5	27.58566703176505	26.83179703762003	21.651285371520412	23.931250559094504
6	25.1687411524548	29.234091694761204	22.07311289690455	23.524054255879445
7	19.919555779867213	24.591938010623583	34.57807847997439	20.910427729534813
8	22.7269906950771	21.672913105922582	29.31928798630269	26.280808212697632
9	21.94977546259717	20.31793164307823	30.22507458475141	27.507218309573183
10	22.482776805127898	31.873871733248127	24.27329555940271	21.370055902221264
11	26.51818505455858	25.99916658655321	20.69576072266834	26.786887636219873
12	24.731112683513874	21.750360791445846	25.30317085210521	28.215355672935072
13	24.30846910180468	24.557371026687377	25.200207491745147	25.933952379762793
14	23.877826349946652	24.031175607231432	26.09231919113061	25.99867885169131
15	24.29225470007261	23.96763740170196	25.057332257769954	26.682775640455475
16	25.251080240183082	23.65760659794835	24.178822002847795	26.912491159020767
17	24.72954072778088	24.600530604419653	24.15498190133728	26.514946766462188
18	24.409190224849215	24.03703722382567	24.453108901988642	27.10066364933647
19	25.112687860033876	23.910252328886454	23.669844734076168	27.307215077003494
20	25.215134984759786	23.857685422613574	24.383345831922203	26.543833760704437
21	24.59153829038611	23.669412184653606	24.49128978062857	27.247759744331717
22	25.32947522300908	24.366711068905207	23.27363798248777	27.03017572559794
23	25.00310021109522	24.68172234601018	23.93983313018377	26.37534431271083
24	24.615830382501876	24.169482731318794	24.047757679487177	27.166929206692153
25	25.381000552469928	24.20248406848415	23.299538920188283	27.116976458857643
26	25.035809459589814	24.354389605810876	23.83577112147911	26.774029813120205
27	24.545988455799296	23.89595008148513	24.33638283195266	27.22167863076292
28	25.350125214450376	24.08356200181313	23.48844282162965	27.07786996210684
29	25.077714473774616	24.247326577292014	23.97344327086136	26.701515678072006
30	24.63745237458594	23.928418036329884	24.1336692553544	27.300460333729777
31	25.293025666460693	24.07673810726503	23.36113957426364	27.26909665201063
32	24.907579104316245	24.403529129271078	24.11730910178933	26.571582664623346
33	24.520926123512986	23.88293247639365	24.432531199006263	27.163610201087103
34	25.331403294662554	24.265152241689897	23.195206769794936	27.208237693852617
35	25.235745751118742	24.403897536161008	23.84017025098363	26.520186461736618
36	24.91773205836911	23.95364626134797	23.7477535796932	27.380868100589716
37	25.382881346448507	24.102873548681494	23.006893818787763	27.507351286082237
38	25.08965488428327	24.299559001647705	23.69675061197797	26.91403550209106
39	24.646618005741992	23.916318464979337	23.923993311185125	27.513070218093542
40	25.24481872977657	24.265434192027747	23.007611854056833	27.482135224138847
41	25.013141022573326	24.3312176631899	23.729757198913433	26.92588411532334
42	24.71918538428933	24.07403346901526	23.773325858350457	27.433455288344955
43	25.28488550675218	24.23680873319453	23.066628643979143	27.411677116074145
44	24.936630938350092	24.249079718259985	23.87296230318797	26.941327040201955
45	24.721816247841815	23.839429135039108	23.808599332408654	27.630155284710415
46	25.52473235679067	23.96781733742173	23.027570204911672	27.479880100875924
47	25.283439146315157	24.12939389739635	23.633904324637573	26.953262631650922
48	24.6042123471018	23.89691624585463	23.681987085210192	27.816884321833378
49	25.655375743676384	23.82703696334113	22.947710439141446	27.56987685384104
50	25.53690836051664	24.239411740868373	23.474321762527698	26.749358136087288
51	25.085244157000595	23.941552131765505	23.51830098915787	27.454902722076024
>>END_MODULE
>>Per base GC content	fail
#Base	%GC
1	78.30632516472264
2	56.65413435379792
3	61.6950364327613
4	58.697057797578246
5	51.516917590859556
6	48.69279540833424
7	40.82998350940203
8	49.00779890777473
9	49.45699377217036
10	43.85283270734916
11	53.30507269077845
12	52.94646835644894
13	50.242421481567476
14	49.87650520163796
15	50.97503034052809
16	52.16357139920385
17	51.244487494243074
18	51.50985387418569
19	52.41990293703738
20	51.758968745464216
21	51.83929803471783
22	52.35965094860702
23	51.378444523806046
24	51.78275958919403
25	52.49797701132757
26	51.809839272710015
27	51.767667086562206
28	52.42799517655722
29	51.77923015184662
30	51.937912708315714
31	52.562122318471324
32	51.47916176893958
33	51.68453632460008
34	52.53964098851517
35	51.75593221285536
36	52.29860015895883
37	52.89023263253074
38	52.00369038637432
39	52.159688223835545
40	52.72695395391543
41	51.939025137896664
42	52.152640672634284
43	52.69656262282633
44	51.87795797855205
45	52.351971532552234
46	53.00461245766659
47	52.236701777966076
48	52.42109666893518
49	53.225252597517425
50	52.28626649660393
51	52.54014687907662
>>END_MODULE
>>Per sequence GC content	pass
#GC Content	Count
0	133054.0
1	130770.0
2	124513.0
3	77520.5
4	22426.5
5	7975.0
6	5821.0
7	6339.0
8	7385.0
9	8151.5
10	9576.0
11	11485.5
12	12084.5
13	13186.5
14	14864.0
15	17300.5
16	19304.5
17	22678.5
18	26557.5
19	32486.0
20	38223.0
21	47145.5
22	56286.0
23	66445.0
24	77179.0
25	93001.5
26	122817.5
27	140333.5
28	169131.5
29	198933.5
30	235547.0
31	274648.5
32	317952.5
33	358306.0
34	410923.0
35	468410.0
36	540081.5
37	609793.5
38	682821.0
39	759790.5
40	833980.0
41	902936.5
42	964978.0
43	1026993.0
44	1101443.0
45	1177984.0
46	1221690.5
47	1262126.5
48	1290430.0
49	1317202.5
50	1338472.5
51	1358866.5
52	1355504.5
53	1351334.5
54	1326902.0
55	1300893.0
56	1255352.5
57	1210760.0
58	1154758.0
59	1094648.5
60	1034584.5
61	971743.5
62	917645.5
63	867003.5
64	815092.5
65	759941.5
66	712529.5
67	671188.5
68	617864.0
69	559336.0
70	512144.5
71	465947.0
72	421289.0
73	376904.0
74	344287.5
75	284206.5
76	248967.0
77	224860.5
78	201142.5
79	178746.0
80	156969.5
81	140054.0
82	122920.0
83	110166.5
84	98192.0
85	88895.5
86	79073.0
87	72485.5
88	65529.5
89	59174.0
90	50425.5
91	42927.0
92	35984.0
93	28397.0
94	22470.5
95	18217.5
96	15458.5
97	13819.5
98	12512.5
99	11918.5
100	11528.0
>>END_MODULE
>>Per base N content	pass
#Base	N-Count
1	0.0
2	0.0
3	0.0
4	0.0
5	0.0
6	0.0
7	0.0
8	0.0
9	0.0
10	0.0
11	0.0
12	0.0
13	0.0
14	0.0
15	0.0
16	0.0
17	0.0
18	0.0
19	0.0
20	0.0
21	0.0
22	0.0
23	0.0
24	0.0
25	0.0
26	0.0
27	0.0
28	0.0
29	0.0
30	0.0
31	0.0
32	0.0
33	0.0
34	0.0
35	0.0
36	0.0
37	0.0
38	0.0
39	0.0
40	0.0
41	0.0
42	0.0
43	0.0
44	0.0
45	0.0
46	0.0
47	0.0
48	0.0
49	0.0
50	0.0
51	0.0
>>END_MODULE
>>Sequence Length Distribution	warn
#Length	Count
5	56142.0
6	54978.0
7	45652.0
8	55211.0
9	50240.0
10	55915.0
11	62535.0
12	56693.0
13	63833.0
14	62238.0
15	79975.0
16	52955.0
17	97940.0
18	54395.0
19	66189.0
20	54157.0
21	54694.0
22	48432.0
23	53422.0
24	50306.0
25	50124.0
26	51789.0
27	54328.0
28	50156.0
29	53758.0
30	53828.0
31	51466.0
32	52626.0
33	48486.0
34	50186.0
35	50230.0
36	51448.0
37	49810.0
38	48639.0
39	49004.0
40	45283.0
41	48054.0
42	45203.0
43	41313.0
44	25084.0
45	46215.0
46	61481.0
47	69764.0
48	43917.0
49	4424.0
50	0.0
51	1.5077573E7
>>END_MODULE
>>Sequence Duplication Levels	fail
#Total Duplicate Percentage	71.3037464075985
#Duplication Level	Relative count
1	100.0
2	43.14071856287425
3	22.25449101796407
4	14.618263473053892
5	10.152694610778443
6	7.991017964071856
7	6.639221556886228
8	5.577844311377246
9	4.775449101796407
10++	84.25149700598803
>>END_MODULE
>>Overrepresented sequences	warn
#Sequence	Count	Percentage	Possible Source
ATATATATATATATATA	42044	0.2409385716097412	No Hit
ATATATATATATATA	23125	0.13252079888867055	No Hit
>>END_MODULE
>>Kmer Content	warn
#Sequence	Count	Obs/Exp Overall	Obs/Exp Max	Max Obs/Exp Position
AAAAA	2864890	5.2248726	8.417635	10
TTCTT	2349905	3.3928418	6.189476	6
CAGCA	2590305	3.2740774	4.651538	9
CTTCT	2515980	3.18438	5.3603654	1
TTTTT	1908980	3.144201	4.2625117	11
TCTTC	2316890	2.9323995	5.37554	7
ATATA	1645895	2.8818164	10.478721	7
TATAT	1434920	2.4617286	9.855285	6
TCTTG	1756870	2.4320343	5.13609	7
CTCCT	2048555	2.2728448	7.0475473	1
TTGAA	1296855	2.1331463	6.0937195	7
CTCCA	1813990	2.0540397	7.1246367	1
GCCAG	1723445	2.0464466	6.132886	1
GGCAG	1564195	2.0314507	5.5006547	1
TCCAG	1610300	1.9943117	5.3070617	2
GTCCA	1272405	1.5758383	5.326085	1
>>END_MODULE
