##FastQC	0.10.1
>>Basic Statistics	pass
#Measure	Value	
Filename	Sample_3_L001_poly.fastq	
File type	Conventional base calls	
Encoding	Sanger / Illumina 1.9	
Total Sequences	15396777	
Filtered Sequences	0	
Sequence length	20-39	
%GC	53	
>>END_MODULE
>>Per base sequence quality	pass
#Base	Mean	Median	Lower Quartile	Upper Quartile	10th Percentile	90th Percentile
1	37.58595594389657	39.0	37.0	39.0	35.0	39.0
2	38.945782354319995	41.0	38.0	41.0	35.0	41.0
3	38.912408226734726	40.0	38.0	41.0	35.0	41.0
4	38.83589286251272	40.0	38.0	41.0	35.0	41.0
5	38.85471232063698	40.0	38.0	41.0	35.0	41.0
6	38.856346818558194	40.0	38.0	41.0	35.0	41.0
7	38.89324005926695	40.0	38.0	41.0	35.0	41.0
8	38.882610756783706	40.0	38.0	41.0	35.0	41.0
9	38.844206810295425	40.0	38.0	41.0	35.0	41.0
10	38.743595623941296	40.0	38.0	41.0	34.0	41.0
11	38.74513692053863	40.0	38.0	41.0	34.0	41.0
12	38.76906692874749	40.0	38.0	41.0	34.0	41.0
13	38.74345650391637	40.0	38.0	41.0	34.0	41.0
14	38.67876017169048	40.0	38.0	41.0	34.0	41.0
15	38.62773592161528	40.0	38.0	41.0	34.0	41.0
16	38.59265182576847	40.0	38.0	41.0	34.0	41.0
17	38.54248983407371	40.0	38.0	41.0	34.0	41.0
18	38.50886084795539	40.0	38.0	41.0	34.0	41.0
19	38.426424049656625	40.0	38.0	41.0	34.0	41.0
20	38.386102948688546	40.0	38.0	41.0	34.0	41.0
21	38.341933906742426	40.0	38.0	41.0	34.0	41.0
22	38.28053947527202	40.0	38.0	41.0	33.0	41.0
23	38.2100805476617	40.0	38.0	41.0	33.0	41.0
24	38.14876874843055	40.0	37.0	41.0	33.0	41.0
25	38.0868147066206	40.0	37.0	41.0	33.0	41.0
26	38.023151382311895	40.0	37.0	41.0	33.0	41.0
27	37.94630569238803	40.0	37.0	41.0	33.0	41.0
28	37.84612958978593	40.0	37.0	41.0	33.0	41.0
29	37.7686262988438	40.0	36.0	41.0	33.0	41.0
30	37.68204518110492	40.0	36.0	41.0	33.0	41.0
31	37.616618498167924	40.0	36.0	41.0	33.0	41.0
32	37.526616006162506	40.0	36.0	41.0	32.0	41.0
33	37.459613396311866	39.0	35.0	41.0	32.0	41.0
34	37.38116459826524	39.0	35.0	41.0	32.0	41.0
35	37.29457835755254	39.0	35.0	41.0	32.0	41.0
36	37.20030708596341	39.0	35.0	41.0	32.0	41.0
37	37.08403744928133	39.0	35.0	41.0	31.0	41.0
38	37.03980638546331	39.0	35.0	41.0	31.0	41.0
39	37.165267288324436	39.0	35.0	41.0	32.0	41.0
>>END_MODULE
>>Per sequence quality scores	pass
#Quality	Count
9	4.0
10	9.0
11	28.0
12	65.0
13	159.0
14	315.0
15	566.0
16	1083.0
17	1850.0
18	3331.0
19	5613.0
20	9110.0
21	14630.0
22	22227.0
23	32303.0
24	44196.0
25	59506.0
26	77898.0
27	98816.0
28	123203.0
29	151366.0
30	184509.0
31	226455.0
32	276251.0
33	345678.0
34	461444.0
35	617082.0
36	851550.0
37	1212968.0
38	1709933.0
39	2584169.0
40	6274988.0
41	5472.0
>>END_MODULE
>>Per base sequence content	pass
#Base	G	A	T	C
1	24.974080510030873	24.240203186199132	24.52336098966565	26.26235531410434
2	24.56842263601159	23.85451993326395	24.844551872417966	26.732505558306492
3	25.366367259849255	23.56655552002864	23.932054091580333	27.135023128541775
4	25.770567294362795	23.701689969775508	23.36781310589177	27.15992962996993
5	25.266222924447113	24.03568616990426	23.465073242276613	27.233017663372017
6	25.24647046192923	23.975411992148484	23.3979988275466	27.38011871837568
7	25.535748522937528	23.939362370407935	23.133258547114018	27.391630559540513
8	25.672122895866178	23.67399666488599	23.629383426074615	27.024497013173214
9	25.482985861148126	23.70549735125472	23.35077254096391	27.460744246633244
10	25.86184813868964	24.399149686815598	22.74374735332552	26.99525482116924
11	25.481326634178895	24.56491358674018	23.09147458145277	26.86228519762815
12	25.561837032172143	24.09068422082581	23.03355983323514	27.313918913766912
13	25.83856289746192	24.28167670103018	22.705474749944113	27.17428565156379
14	25.603710802833007	24.043767344540182	23.03613431798969	27.316387534637123
15	25.44616239547392	23.827438669070307	23.216097334508657	27.510301600947116
16	25.851374126062165	23.983132684748984	22.905205657113182	27.260287532075672
17	25.612201527561606	23.97058200777784	23.13964336458446	27.277573100076097
18	25.479311818939593	23.801920169968206	23.08449010252935	27.634277908562854
19	25.824805328717982	24.012913396382242	22.759211634890644	27.403069640009136
20	25.371208916054506	24.153685758648052	23.327567552962716	27.147537772334722
21	25.45182712899997	23.83514216633537	23.26829321531386	27.444737489350796
22	25.828595432483354	24.20593804198189	22.733917824627657	27.231548700907098
23	25.740458126420396	24.172165692255778	23.047082380498615	27.04029380082521
24	25.776554401154982	23.796370995665566	22.777158279357423	27.649916323822026
25	25.942068136147928	23.994579518852614	22.44205515930843	27.62129718569103
26	25.633273635632907	23.98891534816619	22.85460697625518	27.52320403994572
27	25.570686588384174	23.84049534565182	22.833544799415627	27.75527326654838
28	25.732039516604605	24.114062767438043	22.456765397801863	27.697132318155486
29	25.59669991224253	24.009408884061013	22.944880014358414	27.44901118933804
30	25.704530592058077	23.786215748973287	22.671843309219327	27.8374103497493
31	25.8027769615987	24.12279273684743	22.542502225913225	27.531928075640643
32	25.49147455817671	23.84609076128429	23.050021130913947	27.612413549625053
33	25.58045612492598	23.56395138625232	22.71806860886692	28.137523879954777
34	26.095009411809905	23.649767777110238	22.475153374475298	27.78006943660456
35	26.074000676143193	23.583086764768883	22.620889111057384	27.72202344803054
36	25.570308342622127	23.37834798435282	22.52496623034544	28.526377442679607
37	26.14195364409559	22.684403424867362	21.825300083985763	29.348342847051278
38	27.277944430124617	21.809466271953223	21.984850859232477	28.927738438689683
39	26.815196387755492	22.89372045493864	20.995532473846325	29.295550683459542
>>END_MODULE
>>Per base GC content	pass
#Base	%GC
1	51.23643582413522
2	51.30092819431808
3	52.50139038839102
4	52.93049692433273
5	52.49924058781913
6	52.62658918030492
7	52.92737908247804
8	52.69661990903939
9	52.94373010778137
10	52.85710295985888
11	52.343611831807046
12	52.87575594593905
13	53.01284854902571
14	52.92009833747014
15	52.956463996421036
16	53.111661658137834
17	52.8897746276377
18	53.11358972750244
19	53.22787496872712
20	52.51874668838923
21	52.89656461835077
22	53.06014413339045
23	52.7807519272456
24	53.426470724977015
25	53.56336532183895
26	53.15647767557863
27	53.32595985493255
28	53.42917183476009
29	53.04571110158057
30	53.54194094180739
31	53.33470503723934
32	53.103888107801765
33	53.71798000488076
34	53.87507884841447
35	53.796024124173734
36	54.09668578530174
37	55.49029649114687
38	56.2056828688143
39	56.11074707121503
>>END_MODULE
>>Per sequence GC content	pass
#GC Content	Count
0	11620.0
1	9754.5
2	5532.5
3	3128.5
4	2991.5
5	2759.5
6	2686.0
7	2558.0
8	2329.0
9	2643.0
10	3099.5
11	3242.0
12	4302.0
13	5577.0
14	8284.5
15	11145.5
16	13150.5
17	18888.5
18	23617.0
19	30585.0
20	36379.0
21	36853.5
22	49101.0
23	60640.5
24	81586.5
25	102665.0
26	105403.0
27	129708.0
28	152467.0
29	193523.0
30	236359.0
31	240104.0
32	304928.0
33	372195.0
34	377490.0
35	436977.5
36	498531.0
37	583238.5
38	671058.0
39	680778.5
40	763911.0
41	847217.5
42	919359.0
43	993582.5
44	1001393.0
45	1073642.5
46	1145696.5
47	1200322.5
48	1252182.5
49	1252903.5
50	1285400.5
51	1315520.0
52	1314136.5
53	1299258.0
54	1281293.5
55	1230320.0
56	1179595.5
57	1170995.5
58	1113291.0
59	1058755.5
60	983281.0
61	907027.5
62	902681.0
63	831672.0
64	759684.0
65	701041.5
66	644015.0
67	641550.0
68	581452.0
69	523061.0
70	520155.0
71	462973.0
72	405853.5
73	359552.0
74	313363.5
75	309937.0
76	270888.0
77	232417.5
78	202857.0
79	172367.0
80	170115.0
81	146369.0
82	122634.5
83	104411.0
84	86390.0
85	84986.0
86	72010.0
87	59503.5
88	49137.0
89	38857.0
90	38230.0
91	30377.0
92	22876.0
93	22273.5
94	17061.0
95	12258.5
96	8834.5
97	5531.0
98	5365.0
99	3610.5
100	2022.0
>>END_MODULE
>>Per base N content	pass
#Base	N-Count
1	4.026816781200377E-4
2	6.4948657761296416E-6
3	0.0
4	0.04722416905823862
5	0.0
6	1.9484597328388922E-5
7	6.4948657761296416E-6
8	1.2989731552259283E-5
9	3.4422788613487095E-4
10	6.300019802845751E-4
11	5.195892620903713E-5
12	5.195892620903713E-5
13	1.2340244974646316E-4
14	6.4948657761296416E-6
15	9.157760744342794E-4
16	0.002422584934496356
17	0.0013834064103156135
18	9.742298664194461E-5
19	3.4422788613487095E-4
20	0.0012405193632407615
21	0.0017215135469149147
22	0.003996469330542
23	0.007780467322037248
24	0.004063836961722037
25	0.004748191995810143
26	0.007483616898423436
27	0.006302240479043195
28	0.004449840717853777
29	0.004317251462941743
30	0.010253649156176922
31	0.009531714327853318
32	0.006066956423283761
33	0.007692411609731236
34	0.005907525516497324
35	0.007645483505217462
36	0.006599541199352089
37	0.009476205411716598
38	0.0
39	0.0
>>END_MODULE
>>Sequence Length Distribution	warn
#Length	Count
20	3346.0
21	4848.0
22	3903.0
23	5126.0
24	5281.0
25	7372.0
26	7284.0
27	10753.0
28	15034.0
29	22208.0
30	15318.0
31	16814.0
32	30696.0
33	47844.0
34	120151.0
35	367655.0
36	646332.0
37	53608.0
38	157885.0
39	1.3855319E7
>>END_MODULE
>>Sequence Duplication Levels	fail
#Total Duplicate Percentage	76.48623857018931
#Duplication Level	Relative count
1	100.0
2	52.35918165610492
3	29.04273534447759
4	18.28034809623837
5	13.15422499161533
6	9.982171541543838
7	8.520590986919913
8	6.877195459921272
9	5.733349808476461
10++	109.08898342482922
>>END_MODULE
>>Overrepresented sequences	pass
>>END_MODULE
>>Kmer Content	warn
#Sequence	Count	Obs/Exp Overall	Obs/Exp Max	Max Obs/Exp Position
AAAAA	1826925	4.454149	5.573658	11
TTCTT	1525630	3.7377594	4.30313	1
CTTCT	1633980	3.3419466	3.6807973	3
TTTTT	1117505	3.2796	4.306408	1
CAGCA	1869440	3.1768878	3.430864	27
TCTTC	1538455	3.1465712	3.520701	13
>>END_MODULE
