##FastQC	0.10.1
>>Basic Statistics	pass
#Measure	Value	
Filename	Treat_1.fastq	
File type	Conventional base calls	
Encoding	Sanger / Illumina 1.9	
Total Sequences	31531566	
Filtered Sequences	0	
Sequence length	39	
%GC	52	
>>END_MODULE
>>Per base sequence quality	pass
#Base	Mean	Median	Lower Quartile	Upper Quartile	10th Percentile	90th Percentile
1	37.444442245589705	39.0	37.0	39.0	34.0	39.0
2	38.81433611638572	40.0	38.0	41.0	34.0	41.0
3	38.781322500760034	40.0	38.0	41.0	34.0	41.0
4	38.73942426456079	40.0	38.0	41.0	34.0	41.0
5	38.73711717965419	40.0	38.0	41.0	34.0	41.0
6	38.734172638301565	40.0	38.0	41.0	34.0	41.0
7	38.774188919129486	40.0	38.0	41.0	34.0	41.0
8	38.724306176229874	40.0	38.0	41.0	34.0	41.0
9	38.70639514066634	40.0	38.0	41.0	34.0	41.0
10	38.661394648144025	40.0	38.0	41.0	34.0	41.0
11	38.64909405387604	40.0	38.0	41.0	34.0	41.0
12	38.649264264261404	40.0	38.0	41.0	34.0	41.0
13	38.620775701403474	40.0	38.0	41.0	34.0	41.0
14	38.55288284762006	40.0	38.0	41.0	34.0	41.0
15	38.49968894662574	40.0	38.0	41.0	34.0	41.0
16	38.46163812479215	40.0	38.0	41.0	34.0	41.0
17	38.40856619680735	40.0	38.0	41.0	34.0	41.0
18	38.37455136227614	40.0	38.0	41.0	34.0	41.0
19	38.31064768556056	40.0	38.0	41.0	33.0	41.0
20	38.26274127964339	40.0	38.0	41.0	33.0	41.0
21	38.20684678331549	40.0	38.0	41.0	33.0	41.0
22	38.15389831891001	40.0	38.0	41.0	33.0	41.0
23	38.08320046647857	40.0	38.0	41.0	33.0	41.0
24	37.954533276273054	40.0	37.0	41.0	33.0	41.0
25	37.92610202106676	40.0	37.0	41.0	33.0	41.0
26	37.87444661010493	40.0	37.0	41.0	33.0	41.0
27	37.79985342307452	40.0	37.0	41.0	33.0	41.0
28	37.71403075889095	40.0	37.0	41.0	32.0	41.0
29	37.639033817730464	40.0	36.0	41.0	32.0	41.0
30	37.52642199883127	40.0	36.0	41.0	32.0	41.0
31	37.47616455205555	40.0	36.0	41.0	32.0	41.0
32	37.38457829845812	40.0	36.0	41.0	32.0	41.0
33	37.307738981311616	39.0	35.0	41.0	31.0	41.0
34	37.2243372561959	39.0	35.0	41.0	31.0	41.0
35	37.118900564596125	39.0	35.0	41.0	31.0	41.0
36	37.01681724275921	39.0	35.0	41.0	31.0	41.0
37	36.89022473542862	39.0	35.0	41.0	31.0	41.0
38	36.77263799711058	39.0	35.0	41.0	31.0	41.0
39	36.63355413429197	39.0	35.0	41.0	31.0	41.0
>>END_MODULE
>>Per sequence quality scores	pass
#Quality	Count
7	8.0
8	51.0
9	212.0
10	689.0
11	1351.0
12	2344.0
13	3321.0
14	4568.0
15	6500.0
16	9357.0
17	13338.0
18	19059.0
19	26944.0
20	37536.0
21	51078.0
22	68052.0
23	88791.0
24	113752.0
25	144387.0
26	180500.0
27	222823.0
28	271987.0
29	328080.0
30	396845.0
31	477835.0
32	581437.0
33	721818.0
34	945829.0
35	1246430.0
36	1701644.0
37	2406633.0
38	3421155.0
39	5252338.0
40	1.2784874E7
>>END_MODULE
>>Per base sequence content	pass
#Base	G	A	T	C
1	24.453894868399495	24.093224548377965	25.30090005678754	26.151980526435004
2	24.003837931804593	24.09768040064994	25.625885501532018	26.272596166013447
3	24.43051829395343	23.542389236233937	25.100285218945356	26.926807250867274
4	25.38806984721279	23.721406669113737	23.79013145113059	27.10039203254288
5	24.878031747614436	24.267196243916334	24.154677252629952	26.700094755839277
6	24.454598924772718	24.043579059790435	24.26099927926193	27.24082273617492
7	25.217954604601623	23.787648225273685	23.5977686614106	27.396628508714095
8	25.23629495598157	23.83951371143444	24.302697176537315	26.621494156046676
9	24.682335790109505	23.619010866761265	24.422887845151745	27.27576549797749
10	25.463603678929235	24.329568661448658	23.14880586647679	27.058021793145322
11	25.112929690837426	24.63159933128599	23.85091815611061	26.404552821765975
12	24.700327284727948	24.096453059134458	23.953348844139235	27.24987081199836
13	25.48566411195689	24.189451928901978	23.18451611315467	27.140367845986464
14	25.148639937515316	24.299579665659486	23.700687748905334	26.851092647919867
15	24.669462975609903	23.83928536882691	24.187942330552183	27.303309325011003
16	25.469987757664814	24.022581054172825	23.379815642521528	27.127615545640836
17	25.190632777325426	24.196911120748016	23.862931514406867	26.749524587519698
18	24.76061290454144	23.873505045705627	24.0145097772816	27.351372272471338
19	25.399759720148374	24.014950605371137	23.23347657391961	27.35181310056088
20	25.068545596498442	24.3204444714227	23.9633039475426	26.64770598453626
21	24.618866059490987	23.804945177794217	24.334192599251175	27.24199616346362
22	25.455916144475665	24.16026530366427	23.082212282130232	27.301606269729835
23	25.34512240844619	24.34932981127547	23.68836359094883	26.617184189329514
24	24.972026444864806	23.871453133662946	23.665662530050046	27.490857891422205
25	25.505491861710894	24.0129970075067	22.900800423296452	27.58071070748595
26	25.20976915640663	24.20409439860995	23.56549623954611	27.020640205437306
27	24.715083925739687	23.875623557675503	23.81331139722017	27.595981119364637
28	25.356406338968384	24.20313662822836	22.863437864139065	27.57701916866419
29	25.136395065186424	24.252350803001665	23.603407455246593	27.00784667656532
30	24.804467370887952	23.965600059318334	23.69283847177143	27.53709409802228
31	25.377594630092272	24.172154976381446	22.949852855389423	27.500397538136863
32	25.023432074385394	24.19588992186433	23.780052662148147	27.000625341602124
33	24.81648707203442	23.771654728471145	23.695540525960556	27.71631767353388
34	25.587958428706013	23.873498702855418	22.92465905435842	27.613883814080147
35	25.362695274950823	24.037172781079125	23.497916341992024	27.10221560197803
36	24.672107944147147	23.811684456141506	23.58995109852774	27.926256501183605
37	25.717051287589076	23.745452414256878	22.8757112792939	27.661785018860147
38	25.570420447877535	24.161803444840004	23.413924319521588	26.853851787760874
39	25.108150353204785	23.893199595605243	23.452067049254705	27.546583001935264
>>END_MODULE
>>Per base GC content	pass
#Base	%GC
1	50.6058753948345
2	50.27643409781805
3	51.35732554482071
4	52.48846187975567
5	51.57812650345372
6	51.69542166094764
7	52.61458311331572
8	51.85778911202824
9	51.958101288086986
10	52.521625472074554
11	51.517482512603394
12	51.95019809672631
13	52.626031957943354
14	51.999732585435176
15	51.9727723006209
16	52.597603303305654
17	51.94015736484512
18	52.11198517701278
19	52.75157282070926
20	51.7162515810347
21	51.86086222295461
22	52.757522414205496
23	51.9623065977757
24	52.462884336287004
25	53.08620256919685
26	52.23040936184393
27	52.31106504510432
28	52.93342550763257
29	52.14424174175174
30	52.341561468910236
31	52.877992168229135
32	52.02405741598752
33	52.5328047455683
34	53.20184224278617
35	52.46491087692885
36	52.598364445330745
37	53.37883630644923
38	52.424272235638405
39	52.654733355140046
>>END_MODULE
>>Per sequence GC content	pass
#GC Content	Count
0	8639.0
1	5353.0
2	2067.0
3	2067.0
4	2435.0
5	2803.0
6	3681.0
7	4559.0
8	4559.0
9	6647.5
10	8736.0
11	8736.0
12	12711.5
13	16687.0
14	28365.5
15	40044.0
16	40044.0
17	46954.5
18	53865.0
19	71509.5
20	89154.0
21	89154.0
22	119762.5
23	150371.0
24	202527.0
25	254683.0
26	254683.0
27	309669.5
28	364656.0
29	459936.0
30	555216.0
31	555216.0
32	698178.0
33	841140.0
34	841140.0
35	977698.0
36	1114256.0
37	1306350.0
38	1498444.0
39	1498444.0
40	1669215.5
41	1839987.0
42	1985563.5
43	2131140.0
44	2131140.0
45	2276881.0
46	2422622.0
47	2518544.5
48	2614467.0
49	2614467.0
50	2654282.0
51	2694097.0
52	2694097.0
53	2635320.0
54	2576543.0
55	2444679.5
56	2312816.0
57	2312816.0
58	2176188.5
59	2039561.0
60	1873970.5
61	1708380.0
62	1708380.0
63	1561139.5
64	1413899.0
65	1302419.5
66	1190940.0
67	1190940.0
68	1077336.5
69	963733.0
70	963733.0
71	848612.0
72	733491.0
73	646221.5
74	558952.0
75	558952.0
76	487506.5
77	416061.0
78	357756.5
79	299452.0
80	299452.0
81	254602.5
82	209753.0
83	178668.5
84	147584.0
85	147584.0
86	124574.0
87	101564.0
88	84886.5
89	68209.0
90	68209.0
91	55452.5
92	42696.0
93	42696.0
94	33753.0
95	24810.0
96	18104.5
97	11399.0
98	11399.0
99	7744.5
100	4090.0
>>END_MODULE
>>Per base N content	pass
#Base	N-Count
1	0.0
2	0.0
3	0.0
4	0.0
5	0.0
6	0.0
7	0.0
8	0.0
9	0.0
10	0.0
11	0.0
12	0.0
13	0.0
14	0.0
15	0.0
16	0.0
17	0.0
18	0.0
19	0.0
20	0.0
21	0.0
22	0.0
23	0.0
24	0.0
25	0.0
26	0.0
27	0.0
28	0.0
29	0.0
30	0.0
31	0.0
32	0.0
33	0.0
34	0.0
35	0.0
36	0.0
37	0.0
38	0.0
39	0.0
>>END_MODULE
>>Sequence Length Distribution	pass
#Length	Count
39	3.1531566E7
>>END_MODULE
>>Sequence Duplication Levels	fail
#Total Duplicate Percentage	82.69701897920731
#Duplication Level	Relative count
1	100.0
2	60.0625
3	36.15144230769231
4	25.057692307692307
5	18.39423076923077
6	15.064903846153847
7	12.454326923076923
8	10.497596153846153
9	8.935096153846153
10++	194.15144230769232
>>END_MODULE
>>Overrepresented sequences	pass
>>END_MODULE
>>Kmer Content	warn
#Sequence	Count	Obs/Exp Overall	Obs/Exp Max	Max Obs/Exp Position
AAAAA	4551365	5.141644	5.7745094	11
TTTTT	2968645	3.557026	4.4327354	1
TTCTT	3271855	3.4302435	3.7571325	1
CAGCA	3817025	3.2412765	3.5605404	27
CTTCT	3418260	3.1357262	3.5226305	1
>>END_MODULE
