##FastQC	0.10.1
>>Basic Statistics	pass
#Measure	Value	
Filename	Sample_6_L001_shorten.fastq	
File type	Conventional base calls	
Encoding	Sanger / Illumina 1.9	
Total Sequences	22851589	
Filtered Sequences	0	
Sequence length	8-39	
%GC	52	
>>END_MODULE
>>Per base sequence quality	pass
#Base	Mean	Median	Lower Quartile	Upper Quartile	10th Percentile	90th Percentile
1	37.57225473467075	39.0	37.0	39.0	35.0	39.0
2	38.92778567827384	41.0	38.0	41.0	35.0	41.0
3	38.89694983574228	40.0	38.0	41.0	35.0	41.0
4	38.825859855960125	40.0	38.0	41.0	35.0	41.0
5	38.84561550621272	40.0	38.0	41.0	35.0	41.0
6	38.85008193522122	40.0	38.0	41.0	35.0	41.0
7	38.89006541295662	40.0	38.0	41.0	35.0	41.0
8	38.879508379045326	40.0	38.0	41.0	35.0	41.0
9	38.8427399583688	40.0	38.0	41.0	35.0	41.0
10	38.7470687940228	40.0	38.0	41.0	34.0	41.0
11	38.74987921642154	40.0	38.0	41.0	34.0	41.0
12	38.77697392549394	40.0	38.0	41.0	34.0	41.0
13	38.754419443027224	40.0	38.0	41.0	34.0	41.0
14	38.69299075032535	40.0	38.0	41.0	34.0	41.0
15	38.645450908140866	40.0	38.0	41.0	34.0	41.0
16	38.615857656880124	40.0	38.0	41.0	34.0	41.0
17	38.57135399719191	40.0	38.0	41.0	34.0	41.0
18	38.54257663189915	40.0	38.0	41.0	34.0	41.0
19	38.464402148188924	40.0	38.0	41.0	34.0	41.0
20	38.430601920853704	40.0	38.0	41.0	34.0	41.0
21	38.38871941522284	40.0	38.0	41.0	34.0	41.0
22	38.333169659265316	40.0	38.0	41.0	33.0	41.0
23	38.26598232087455	40.0	38.0	41.0	33.0	41.0
24	38.211521675829076	40.0	38.0	41.0	33.0	41.0
25	38.152193586437065	40.0	37.0	41.0	33.0	41.0
26	38.09502930610917	40.0	37.0	41.0	33.0	41.0
27	38.020542792040104	40.0	37.0	41.0	33.0	41.0
28	37.92839746085422	40.0	37.0	41.0	33.0	41.0
29	37.850297423835016	40.0	37.0	41.0	33.0	41.0
30	37.77081626752176	40.0	36.0	41.0	33.0	41.0
31	37.71311509774322	40.0	36.0	41.0	33.0	41.0
32	37.627156127574345	40.0	36.0	41.0	33.0	41.0
33	37.56133094308029	40.0	36.0	41.0	32.0	41.0
34	37.489520023479976	39.0	35.0	41.0	32.0	41.0
35	37.40558584819121	39.0	35.0	41.0	32.0	41.0
36	37.320550293155996	39.0	35.0	41.0	32.0	41.0
37	37.23929856904858	39.0	35.0	41.0	32.0	41.0
38	37.21284748048409	39.0	35.0	41.0	32.0	41.0
39	37.33525167612507	39.0	35.0	41.0	32.0	41.0
>>END_MODULE
>>Per sequence quality scores	pass
#Quality	Count
8	1.0
9	3.0
10	11.0
11	40.0
12	100.0
13	216.0
14	412.0
15	842.0
16	1538.0
17	2756.0
18	4637.0
19	7962.0
20	13107.0
21	20996.0
22	32349.0
23	46647.0
24	65186.0
25	88649.0
26	114546.0
27	145241.0
28	182259.0
29	222618.0
30	272162.0
31	331747.0
32	407924.0
33	506049.0
34	672268.0
35	895127.0
36	1223946.0
37	1746825.0
38	2489663.0
39	3838350.0
40	9508960.0
41	8452.0
>>END_MODULE
>>Per base sequence content	pass
#Base	G	A	T	C
1	24.830662078725084	24.179597511707875	25.435804052574763	25.55393635699228
2	24.497650775440807	24.040811527148907	25.64288434634922	25.81865335106106
3	25.160539164256807	23.56611174829024	24.848989713581844	26.424359373871116
4	25.695286481046203	23.813625732855513	23.944103796477336	26.546983989620948
5	25.290611158097885	24.17664894375151	24.011478767138364	26.521261131012235
6	25.123147902156646	24.032007054914832	23.965000767780374	26.87984427514816
7	25.59028282848439	23.803172891091858	23.609947807565934	26.996596472857814
8	25.670905292963038	23.608785840947757	24.134491146478847	26.58581771961036
9	25.289294189398593	23.558093585252333	23.99723397223364	27.155378253115437
10	25.760121848850943	24.278671557591817	23.284815386192452	26.676391207364787
11	25.429191322155198	24.417927066300585	23.778433243855822	26.374448367688398
12	25.3386459171825	24.024642580917902	23.690552045753986	26.94615945614561
13	25.807756729231695	24.129464562311224	23.25058453709728	26.8121941713598
14	25.584091782664046	24.10463769538901	23.592910752826	26.71835976912094
15	25.294855848495178	23.785123124254806	23.869599163885617	27.0504218633644
16	25.80648679962193	23.95245775188623	23.431534067114058	26.80952138137778
17	25.579529954874868	23.904244783638937	23.773021939726956	26.743203321759236
18	25.354995172227788	23.72748710238799	23.74174146408902	27.175776261295205
19	25.690443119239475	23.936788748626206	23.399809451324735	26.972958680809583
20	25.327732807506703	24.218887256688003	23.869973632688872	26.58340630311642
21	25.219357413231425	23.85042265107793	23.942127189288566	26.988092746402074
22	25.7222618073556	24.24534776505611	23.217128736919786	26.8152616906685
23	25.73376566613936	24.160896086306792	23.640878266548203	26.46445998100565
24	25.578363530457278	23.861142742683867	23.367228126961194	27.193265599897664
25	25.802629728003325	24.028208765999874	22.97260025012016	27.196561255876645
26	25.586501280006235	24.0549486259464	23.437456658683377	26.921093435363986
27	25.40603790651478	23.807691063278657	23.478713007748503	27.30755802245806
28	25.628783131722205	24.13358579352399	22.971249812760547	27.26638126199326
29	25.532607519523154	24.07891510749635	23.4767032411562	26.911774131824295
30	25.435247325897553	23.927747352278043	23.330704077720444	27.30630124410396
31	25.628274860008293	24.210206993040835	23.105645754712313	27.055872392238555
32	25.351356671656617	24.005293503872053	23.662410417694502	26.980939406776827
33	25.32095553987751	23.76144044820743	23.426153713503258	27.491450298411802
34	25.895953614436678	23.891243562143348	23.050133807902775	27.1626690155172
35	25.789453516427365	23.990776703205817	23.340741041009707	26.879028739357114
36	24.982799863762907	23.969286945334844	23.500921126970358	27.546992063931892
37	25.000071573836628	23.98715863782152	23.2455844253115	27.76718536303035
38	26.164112046453535	23.188652620310446	23.455950469331814	27.1912848639042
39	25.547321613449054	24.229067747723583	22.52600200259243	27.69760863623493
>>END_MODULE
>>Per base GC content	pass
#Base	%GC
1	50.384598435717365
2	50.316304126501876
3	51.58489853812792
4	52.24227047066715
5	51.81187228911013
6	52.0029921773048
7	52.58687930134221
8	52.25672301257339
9	52.444672442514026
10	52.43651305621573
11	51.80363968984359
12	52.28480537332811
13	52.6199509005915
14	52.30245155178499
15	52.34527771185957
16	52.61600818099971
17	52.322733276634104
18	52.53077143352299
19	52.66340180004906
20	51.911139110623125
21	52.20745015963351
22	52.53752349802411
23	52.198225647145
24	52.771629130354945
25	52.99919098387996
26	52.50759471537022
27	52.71359592897284
28	52.89516439371547
29	52.44438165134745
30	52.74154857000152
31	52.68414725224685
32	52.33229607843345
33	52.81240583828931
34	53.05862262995388
35	52.668482255784475
36	52.52979192769479
37	52.76725693686698
38	53.35539691035775
39	53.24493024968399
>>END_MODULE
>>Per sequence GC content	pass
#GC Content	Count
0	9853.0
1	8524.5
2	6789.0
3	5911.5
4	5157.0
5	4446.5
6	3450.5
7	2905.5
8	2921.5
9	3844.0
10	4850.5
11	4942.5
12	6791.5
13	8829.0
14	14963.5
15	21088.5
16	21420.0
17	25537.0
18	29908.5
19	41389.5
20	52691.0
21	53647.0
22	73283.5
23	92306.5
24	125952.0
25	159965.5
26	161927.0
27	201719.0
28	240785.5
29	308237.0
30	377152.0
31	380088.5
32	480082.0
33	582659.5
34	586889.5
35	684899.5
36	785829.5
37	928784.5
38	1073305.0
39	1082835.0
40	1218098.5
41	1353893.0
42	1464704.0
43	1575740.5
44	1582375.5
45	1687203.5
46	1794237.0
47	1862883.5
48	1927537.5
49	1929262.5
50	1966320.0
51	2002945.5
52	2004426.5
53	1959819.0
54	1911418.5
55	1808372.0
56	1705439.5
57	1698145.0
58	1600955.5
59	1504995.5
60	1388286.5
61	1271716.0
62	1268159.5
63	1161944.0
64	1054147.5
65	968308.5
66	884482.5
67	881243.0
68	793790.5
69	708668.5
70	704808.0
71	624446.5
72	544069.5
73	476718.5
74	410671.0
75	406859.5
76	354357.5
77	302632.0
78	261793.0
79	219822.0
80	216784.5
81	185261.0
82	153841.5
83	130926.0
84	108433.5
85	106888.5
86	90810.5
87	75132.5
88	62979.5
89	50941.5
90	50077.0
91	40951.0
92	32192.0
93	31429.0
94	25399.0
95	19584.0
96	14869.5
97	10342.5
98	9963.5
99	7509.0
100	5280.0
>>END_MODULE
>>Per base N content	pass
#Base	N-Count
1	4.0259782372245535E-4
2	2.625637980798622E-5
3	0.0
4	0.047996662288998806
5	2.625637980798622E-5
6	8.752126602662073E-6
7	4.376063301331037E-6
8	1.312818990399311E-5
9	3.326014351226765E-4
10	6.959391512825086E-4
11	4.5962764295196684E-4
12	3.940261606226629E-5
13	6.56795123532654E-5
14	8.758622480642459E-6
15	9.154005632998395E-4
16	0.0022910409653456617
17	0.0012223540427125552
18	1.0954769509458566E-4
19	4.075844006493302E-4
20	0.001323783506516653
21	0.0016966608093142207
22	0.003985883045860106
23	0.008025878942290905
24	0.00424628338344211
25	0.004896506027046088
26	0.007767916084036388
27	0.006716343317170358
28	0.0046327404859977505
29	0.004638976283365541
30	0.010643395219335052
31	0.009766293047301193
32	0.006553943821389406
33	0.008198652513351777
34	0.006272265550256329
35	0.007978009253869878
36	0.006747264411066109
37	0.008957471311389497
38	0.0
39	0.0
>>END_MODULE
>>Sequence Length Distribution	warn
#Length	Count
8	1417.0
9	3347.0
10	2246.0
11	3456.0
12	2951.0
13	3531.0
14	3106.0
15	3484.0
16	3240.0
17	3701.0
18	3750.0
19	3962.0
20	3889.0
21	4023.0
22	4245.0
23	4835.0
24	4644.0
25	5728.0
26	5781.0
27	7555.0
28	9055.0
29	17142.0
30	15256.0
31	12100.0
32	20293.0
33	27618.0
34	121749.0
35	407178.0
36	484409.0
37	79348.0
38	237213.0
39	2.1341337E7
>>END_MODULE
>>Sequence Duplication Levels	fail
#Total Duplicate Percentage	75.11947342800906
#Duplication Level	Relative count
1	100.0
2	40.10445907552017
3	23.34337093179537
4	16.249000493373483
5	12.271389441807449
6	9.741574371799452
7	8.00626073937971
8	6.823865666309397
9	5.886456047227751
10++	117.8311982170503
>>END_MODULE
>>Overrepresented sequences	pass
>>END_MODULE
>>Kmer Content	warn
#Sequence	Count	Obs/Exp Overall	Obs/Exp Max	Max Obs/Exp Position
AAAAA	2919700	4.655525	5.106528	11
TTCTT	2334945	3.4958277	3.9520254	1
TTTTT	1979700	3.372233	4.221306	1
CTTCT	2429290	3.1967447	3.5780497	10
CAGCA	2680925	3.1900268	3.5004659	5
TCTTC	2297110	3.022807	3.3269644	12
>>END_MODULE
