##FastQC	0.10.1
>>Basic Statistics	pass
#Measure	Value	
Filename	Sample_2_L002_shorten.fastq	
File type	Conventional base calls	
Encoding	Sanger / Illumina 1.9	
Total Sequences	16179779	
Filtered Sequences	0	
Sequence length	8-39	
%GC	51	
>>END_MODULE
>>Per base sequence quality	pass
#Base	Mean	Median	Lower Quartile	Upper Quartile	10th Percentile	90th Percentile
1	37.54427956030796	39.0	37.0	39.0	35.0	39.0
2	38.892263237958936	41.0	38.0	41.0	35.0	41.0
3	38.86858887256742	41.0	38.0	41.0	35.0	41.0
4	38.84371554147928	40.0	38.0	41.0	35.0	41.0
5	38.831284469336694	40.0	38.0	41.0	34.0	41.0
6	38.83382276111435	40.0	38.0	41.0	34.0	41.0
7	38.868401169138345	40.0	38.0	41.0	34.0	41.0
8	38.78695308508231	40.0	38.0	41.0	34.0	41.0
9	38.794120624806695	40.0	38.0	41.0	34.0	41.0
10	38.80449289961047	40.0	38.0	41.0	34.0	41.0
11	38.78385102467457	40.0	38.0	41.0	34.0	41.0
12	38.76890587996356	40.0	38.0	41.0	34.0	41.0
13	38.739611453386786	40.0	38.0	41.0	34.0	41.0
14	38.68252451651106	40.0	38.0	41.0	34.0	41.0
15	38.633511528813806	40.0	38.0	41.0	34.0	41.0
16	38.5919846478734	40.0	38.0	41.0	34.0	41.0
17	38.546353589324674	40.0	38.0	41.0	34.0	41.0
18	38.52099328537129	40.0	38.0	41.0	34.0	41.0
19	38.486177792265316	40.0	38.0	41.0	34.0	41.0
20	38.43535154875396	40.0	38.0	41.0	34.0	41.0
21	38.37940241792287	40.0	38.0	41.0	34.0	41.0
22	38.33843666597377	40.0	38.0	41.0	33.0	41.0
23	38.270297614572215	40.0	38.0	41.0	33.0	41.0
24	38.082148162662044	40.0	38.0	41.0	33.0	41.0
25	38.09919381096644	40.0	37.0	41.0	33.0	41.0
26	38.064797728582235	40.0	37.0	41.0	33.0	41.0
27	38.00636541546452	40.0	37.0	41.0	33.0	41.0
28	37.94218056114705	40.0	37.0	41.0	33.0	41.0
29	37.88720453433845	40.0	37.0	41.0	33.0	41.0
30	37.77033622204413	40.0	37.0	41.0	33.0	41.0
31	37.74462169201848	40.0	37.0	41.0	33.0	41.0
32	37.67856165907992	40.0	36.0	41.0	32.0	41.0
33	37.62113347913817	40.0	36.0	41.0	32.0	41.0
34	37.554706259757296	40.0	36.0	41.0	32.0	41.0
35	37.48071683231528	40.0	35.0	41.0	32.0	41.0
36	37.41808614468767	39.0	35.0	41.0	32.0	41.0
37	37.325365518363476	39.0	35.0	41.0	32.0	41.0
38	37.313056050774314	39.0	35.0	41.0	32.0	41.0
39	37.47368926564503	39.0	35.0	41.0	32.0	41.0
>>END_MODULE
>>Per sequence quality scores	pass
#Quality	Count
9	2.0
10	13.0
11	25.0
12	84.0
13	171.0
14	336.0
15	658.0
16	1215.0
17	2194.0
18	3704.0
19	6095.0
20	10255.0
21	16475.0
22	25114.0
23	36003.0
24	49686.0
25	66800.0
26	86212.0
27	108842.0
28	134549.0
29	164505.0
30	198993.0
31	239031.0
32	289504.0
33	357503.0
34	459619.0
35	607812.0
36	826999.0
37	1175833.0
38	1695712.0
39	2686546.0
40	6923985.0
41	5304.0
>>END_MODULE
>>Per base sequence content	pass
#Base	G	A	T	C
1	24.363375072266134	24.60226586545254	25.167440492694027	25.866918569587295
2	23.65611421515708	24.749336811089943	26.097470181762063	25.49707879199092
3	24.252402846270375	24.12560252710638	25.012815386127247	26.609179240496
4	25.05141139443252	24.525860334680715	23.853348058709578	26.569380212177187
5	24.356593339524192	25.07493460199539	24.594816676993343	25.97365538148707
6	24.41169464747909	24.700981682196137	24.207705445649502	26.679618224675274
7	25.056179698892016	24.784476324982723	23.530052361043047	26.629291615082213
8	24.741726892072396	24.694303479678208	24.80533718274893	25.758632445500467
9	24.493183845398676	24.165215530026924	24.442462826270866	26.899137798303535
10	25.143453660712424	24.95848296834321	23.387981405018195	26.51008196592618
11	24.455707971727435	25.298648840372884	24.45033585031749	25.79530733758219
12	24.42964598763377	24.65682247583174	24.097190780705258	26.81634075582923
13	25.252627497251634	24.85491112628243	23.244419526711336	26.6480418497546
14	24.652071123234382	24.984009152151426	24.205211726988686	26.15870799762551
15	24.488917016824203	24.28473311497549	24.274829502916	26.95152036528431
16	25.246593238975795	24.527547261977098	23.464029822436537	26.76182967661057
17	24.70591736397027	24.766289916694788	24.37482730591536	26.152965413419583
18	24.551949012358897	24.27188581620017	23.975868869827178	27.20029630161375
19	25.179556597167768	24.62593742314111	23.354884044654927	26.839621935036188
20	24.46893874037347	25.055037266256814	24.5005451265967	25.975478866773017
21	24.4685965646898	24.351558437304792	24.282764561550955	26.897080436454452
22	25.20469008796175	24.89356189732652	23.21184111352993	26.689906901181796
23	24.875620164860305	25.022306083253703	24.187753515875396	25.914320236010596
24	24.86013886149976	24.282454850063175	23.755332051986667	27.102074236450402
25	25.2928094839167	24.635628634171248	22.941863174227066	27.129698707684984
26	24.744095395911177	24.832780977540835	24.031480809354942	26.391642817193038
27	24.56711356424826	24.39123591512488	23.843093105474633	27.198557415152223
28	25.19134218550514	24.829278923539658	23.027384708774747	26.95199418218046
29	24.710117228702526	24.960309855185955	24.060556964299685	26.26901595181183
30	24.659711547651746	24.49309871487401	23.661705150807034	27.185484586667208
31	25.19241517854202	24.91605819865462	23.05323690647724	26.83828971632612
32	24.521569310604963	24.89694779455038	24.194597479347593	26.38688541549707
33	24.59620831313312	24.30688728310569	23.761465891559226	27.335438512201964
34	25.350001987567914	24.58242070320527	23.02953201934533	27.038045289881484
35	24.954396726237757	24.8706267363048	23.837305014054376	26.337671523403067
36	24.149523981634154	24.479284045348486	23.841475409049547	27.529716563967817
37	24.470365911002943	24.788461019798795	23.156435328283298	27.58473774091496
38	25.3113799363687	24.08722095943709	23.973612783779412	26.6277863204148
39	24.826073822198218	24.752772513430422	22.87932220912654	27.541831455244818
>>END_MODULE
>>Per base GC content	pass
#Base	%GC
1	50.23029364185343
2	49.15319300714799
3	50.861582086766376
4	51.62079160660971
5	50.33024872101126
6	51.09131287215436
7	51.68547131397423
8	50.50035933757287
9	51.39232164370221
10	51.6535356266386
11	50.25101530930962
12	51.245986743463
13	51.900669347006236
14	50.810779120859884
15	51.440437382108506
16	52.00842291558636
17	50.85888277738986
18	51.75224531397266
19	52.01917853220396
20	50.444417607146484
21	51.36567700114425
22	51.89459698914355
23	50.789940400870904
24	51.96221309795016
25	52.42250819160169
26	51.13573821310422
27	51.76567097940048
28	52.1433363676856
29	50.97913318051436
30	51.84519613431896
31	52.03070489486814
32	50.90845472610203
33	51.931646825335086
34	52.3880472774494
35	51.292068249640835
36	51.67924054560197
37	52.05510365191791
38	51.939166256783494
39	52.367905277443036
>>END_MODULE
>>Per sequence GC content	pass
#GC Content	Count
0	3032.0
1	3188.5
2	3154.0
3	2710.5
4	2426.0
5	2262.0
6	2509.5
7	2943.5
8	3019.0
9	3998.0
10	5067.0
11	5228.5
12	7381.0
13	9616.5
14	14242.5
15	18877.0
16	19151.0
17	23990.5
18	28952.5
19	39105.5
20	49180.0
21	49871.0
22	66268.5
23	82267.0
24	109870.5
25	137738.0
26	139333.0
27	170193.0
28	200443.0
29	252165.0
30	305290.5
31	307654.0
32	383679.5
33	462036.5
34	465362.0
35	533049.5
36	603485.0
37	708268.5
38	813327.0
39	820200.5
40	916447.5
41	1013638.5
42	1087572.5
43	1160133.0
44	1164160.0
45	1237364.0
46	1312171.5
47	1356660.5
48	1398296.5
49	1398519.0
50	1413304.0
51	1428515.5
52	1429197.0
53	1394477.5
54	1357889.0
55	1277875.0
56	1196586.0
57	1191348.5
58	1118938.5
59	1046431.0
60	949754.0
61	852441.0
62	848272.0
63	768168.0
64	686818.0
65	622918.5
66	561285.5
67	558962.0
68	498731.0
69	440288.5
70	437208.0
71	385298.0
72	333737.5
73	291408.5
74	250069.5
75	247688.0
76	213594.5
77	179956.5
78	155152.0
79	129856.0
80	128072.0
81	109206.5
82	90563.5
83	76788.5
84	63148.0
85	62102.5
86	52653.5
87	43455.5
88	36393.5
89	29401.5
90	28877.5
91	23463.5
92	18227.0
93	17738.5
94	14101.5
95	10699.5
96	8070.0
97	5491.0
98	5283.5
99	4096.5
100	3045.0
>>END_MODULE
>>Per base N content	pass
#Base	N-Count
1	6.180554134886515E-6
2	0.0
3	5.562498721397863E-5
4	0.0
5	2.472221653954606E-5
6	6.180554134886515E-6
7	1.236110826977303E-5
8	4.326387894420561E-5
9	8.097001834743531E-4
10	3.708808122586493E-5
11	6.42919487501676E-4
12	0.0018300405483815422
13	8.965851483205353E-4
14	2.349998222040819E-4
15	0.013563819720074428
16	0.006829325867593475
17	0.0022210765564255838
18	0.010048986333254831
19	5.508125506291115E-4
20	0.0015474881080181364
21	0.008122602261364662
22	9.597851864525145E-4
23	0.01086925959099131
24	0.012773422954609188
25	0.006412832108028029
26	0.005856661282876554
27	0.014921364039562257
28	0.008867840892826623
29	0.007140583004097243
30	0.02072604618878249
31	0.008867246262691829
32	0.00307117287719163
33	0.004094849152727169
34	0.006529263874093863
35	0.006707156116378919
36	0.005238886173140134
37	0.01910368480965259
38	0.0
39	0.0
>>END_MODULE
>>Sequence Length Distribution	warn
#Length	Count
8	951.0
9	1124.0
10	1495.0
11	1704.0
12	2031.0
13	2249.0
14	2213.0
15	2434.0
16	2245.0
17	2499.0
18	2887.0
19	2734.0
20	2754.0
21	3012.0
22	2993.0
23	3561.0
24	3378.0
25	4042.0
26	4240.0
27	5549.0
28	6552.0
29	13793.0
30	12406.0
31	7873.0
32	16092.0
33	18154.0
34	67885.0
35	349835.0
36	280035.0
37	53984.0
38	171105.0
39	1.512797E7
>>END_MODULE
>>Sequence Duplication Levels	fail
#Total Duplicate Percentage	78.71839613581845
#Duplication Level	Relative count
1	100.0
2	56.236798648181576
3	32.170974307769114
4	20.847574791658666
5	14.606935750220822
6	11.630630976612006
7	9.309113253197127
8	7.767195360804946
9	6.826299013018933
10++	124.643803525481
>>END_MODULE
>>Overrepresented sequences	pass
>>END_MODULE
>>Kmer Content	warn
#Sequence	Count	Obs/Exp Overall	Obs/Exp Max	Max Obs/Exp Position
AAAAA	2357650	4.5890703	5.2021174	11
TTCTT	1682790	3.4202106	4.2416224	11
TTTTT	1460030	3.3004806	4.1821284	1
CTTCT	1743800	3.1865969	3.9487867	10
CAGCA	1868815	3.1131651	3.5164506	27
TCTTC	1645000	3.006051	3.5515313	12
>>END_MODULE
