##FastQC	0.10.1
>>Basic Statistics	pass
#Measure	Value	
Filename	Treat_2_trimmed.fastq	
File type	Conventional base calls	
Encoding	Sanger / Illumina 1.9	
Total Sequences	45580422	
Filtered Sequences	0	
Sequence length	51	
%GC	52	
>>END_MODULE
>>Per base sequence quality	pass
#Base	Mean	Median	Lower Quartile	Upper Quartile	10th Percentile	90th Percentile
1	32.292645710915096	33.0	31.0	34.0	30.0	34.0
2	32.507459211325425	34.0	31.0	34.0	31.0	34.0
3	32.59173214763128	34.0	31.0	34.0	31.0	34.0
4	36.011693682871126	37.0	35.0	37.0	35.0	37.0
5	36.091873370544924	37.0	35.0	37.0	35.0	37.0
6	35.96014990822156	37.0	35.0	37.0	35.0	37.0
7	35.928600770743195	37.0	35.0	37.0	35.0	37.0
8	35.9235978771763	37.0	35.0	37.0	35.0	37.0
9	37.666202059296424	39.0	38.0	39.0	35.0	39.0
10	37.675120910464585	39.0	38.0	39.0	35.0	39.0
11	37.679444323705475	39.0	38.0	39.0	35.0	39.0
12	37.65332754049535	39.0	38.0	39.0	35.0	39.0
13	37.54480057249141	39.0	37.0	39.0	35.0	39.0
14	38.937389982918546	41.0	38.0	41.0	35.0	41.0
15	38.907848659233565	41.0	38.0	41.0	35.0	41.0
16	38.85906449045162	40.0	38.0	41.0	35.0	41.0
17	38.86201549428393	40.0	38.0	41.0	35.0	41.0
18	38.86215171504994	40.0	38.0	41.0	35.0	41.0
19	38.899333424337314	40.0	38.0	41.0	35.0	41.0
20	38.85173972281345	40.0	38.0	41.0	35.0	41.0
21	38.83392248979178	40.0	38.0	41.0	34.0	41.0
22	38.79019700607423	40.0	38.0	41.0	34.0	41.0
23	38.77839919955107	40.0	38.0	41.0	34.0	41.0
24	38.77987709284482	40.0	38.0	41.0	34.0	41.0
25	38.75122779688174	40.0	38.0	41.0	34.0	41.0
26	38.687419304718155	40.0	38.0	41.0	34.0	41.0
27	38.63447062863964	40.0	38.0	41.0	34.0	41.0
28	38.597209455410486	40.0	38.0	41.0	34.0	41.0
29	38.548645754091524	40.0	38.0	41.0	34.0	41.0
30	38.51461579271908	40.0	38.0	41.0	34.0	41.0
31	38.45297248454611	40.0	38.0	41.0	34.0	41.0
32	38.4057502144232	40.0	38.0	41.0	34.0	41.0
33	38.34942166617062	40.0	38.0	41.0	34.0	41.0
34	38.2944341542077	40.0	38.0	41.0	33.0	41.0
35	38.22288762486666	40.0	38.0	41.0	33.0	41.0
36	38.0930659878489	40.0	38.0	41.0	33.0	41.0
37	38.06685039028379	40.0	37.0	41.0	33.0	41.0
38	38.01545117331296	40.0	37.0	41.0	33.0	41.0
39	37.93958213024004	40.0	37.0	41.0	33.0	41.0
40	37.854581776360035	40.0	37.0	41.0	33.0	41.0
41	37.77824981523866	40.0	37.0	41.0	33.0	41.0
42	37.66506319314025	40.0	36.0	41.0	33.0	41.0
43	37.61529972232376	40.0	36.0	41.0	32.0	41.0
44	37.5248171462739	40.0	36.0	41.0	32.0	41.0
45	37.447342391871665	40.0	36.0	41.0	32.0	41.0
46	37.361823438141926	39.0	35.0	41.0	32.0	41.0
47	37.25431767612858	39.0	35.0	41.0	32.0	41.0
48	37.145296197564825	39.0	35.0	41.0	31.0	41.0
49	37.01297056881132	39.0	35.0	41.0	31.0	41.0
50	36.895374136729146	39.0	35.0	41.0	31.0	41.0
51	36.762244456622184	39.0	35.0	41.0	31.0	41.0
>>END_MODULE
>>Per sequence quality scores	pass
#Quality	Count
9	55.0
10	235.0
11	680.0
12	1201.0
13	1894.0
14	2536.0
15	3641.0
16	5273.0
17	7896.0
18	12005.0
19	17922.0
20	26938.0
21	40826.0
22	59669.0
23	86841.0
24	121901.0
25	166063.0
26	220479.0
27	286502.0
28	363989.0
29	455661.0
30	566557.0
31	705976.0
32	882244.0
33	1126409.0
34	1517844.0
35	2105299.0
36	3109182.0
37	4832452.0
38	7833151.0
39	2.0629878E7
40	389223.0
>>END_MODULE
>>Per base sequence content	fail
#Base	G	A	T	C
1	37.69701990728046	8.994198755064128	11.86384855090071	41.4449327867547
2	25.494436267403174	10.01472745002917	31.620781676391356	32.870054606176296
3	24.35088921896788	15.182354796751236	22.488183435849084	37.9785725484318
4	27.53755291279793	21.516476186846813	18.85196140913053	32.09400949122473
5	28.40538651272669	25.29981881232097	22.130473645645903	24.16432102930644
6	25.749372846434156	28.44231182162395	21.978318381788135	23.829996950153763
7	20.406888729551472	23.53560482612469	35.286393355463005	20.771113088860826
8	23.18986647381194	21.66368490401427	29.106880581316254	26.039568040857542
9	22.726487701232777	19.59647499533901	30.45458420722827	27.222453096199946
10	23.137223257827667	31.556289671912207	24.04932758191664	21.257159488343483
11	27.03576768113292	25.37982864660621	21.01864919109349	26.565754481167374
12	25.284910701353315	21.85252694676675	24.84954395551669	28.013018396363243
13	24.939730700155902	24.108799348492184	25.287704676701097	25.663765274650824
14	24.487461895916002	24.143206591181617	25.64813361949132	25.721197893411063
15	24.974486290674474	23.554481107305843	25.083982923623942	26.387049678395734
16	25.84602911263623	23.678635020313195	23.775463692572522	26.699872174478053
17	25.34786703035793	24.264368872958364	24.028805000673646	26.358959096010064
18	24.957998414319203	23.987570803973686	24.18879974389004	26.865631037817067
19	25.74332023516588	23.708538723050875	23.426483414304503	27.121657627478747
20	25.756233175478265	23.70993123165454	24.096825437256292	26.437010155610903
21	25.1223910130692	23.53084931017331	24.210825222491618	27.135934454265875
22	25.87306930397214	24.189092475319196	23.082187839257344	26.85565038145132
23	25.498678385314825	24.484146404793183	23.77127153090872	26.245903678983275
24	25.181911159039455	23.97954378271262	23.88175983635307	26.95678522189485
25	25.943735334625472	24.022631605089863	23.068891915937446	26.964741144347215
26	25.670123948641006	24.15419641564882	23.587202844660617	26.58847679104956
27	25.11605289520417	23.757764377177274	24.070263677812317	27.05591904980624
28	25.907804395328426	23.87539508306988	23.250917167998743	26.965883353602948
29	25.645667002877232	24.000026239825733	23.746248072409458	26.608058684887574
30	25.224118103703503	23.710459467947437	23.915828385366282	27.149594042982777
31	25.842759736987286	23.858681107509423	23.179931338042	27.118627817461288
32	25.45884146565548	24.266591174821652	23.858711860497706	26.415855499025163
33	25.077982943868033	23.790420199330043	24.139458186990296	26.992138669811627
34	25.872508975892565	24.166332438450084	22.95016152657312	27.010997059084236
35	25.7861192507209	24.22455903865247	23.611950196186278	26.377371514440355
36	25.432286686154615	23.83620203513185	23.54375331607475	27.18775796263878
37	25.916957452907376	23.94132320129277	22.804095061341137	27.337624284458716
38	25.691575097587112	24.112798670930896	23.414769257153957	26.78085697432804
39	25.207152504754916	23.761089044730486	23.7043682393069	27.327390211207707
40	25.775384630912523	24.024665878670366	22.752855645499086	27.447093844918026
41	25.59408694649326	24.158018164432885	23.450478663994943	26.797416225078912
42	25.267736770368103	23.91361588202955	23.536462621437124	27.28218472616522
43	25.79055106972912	24.112041044483576	22.877322062224003	27.220085823563306
44	25.49880191261294	24.070549483355737	23.602430135960816	26.828218468070503
45	25.244211019666253	23.694882579125355	23.56992020980144	27.490986191406954
46	26.06854780625469	23.77997491202434	22.803257965620976	27.348219316100003
47	25.946934185958003	24.014805880178702	23.302244919968793	26.736015013894498
48	25.261364497347387	23.8252599514168	23.443510975038965	27.469864576196844
49	26.02205398848156	23.843078495314906	22.801448379931898	27.333419136271637
50	25.83506692569101	24.042524674561392	23.407001170630164	26.71540722911743
51	25.343861731079826	23.649945474492583	23.523066302600164	27.483126491827427
>>END_MODULE
>>Per base GC content	fail
#Base	%GC
1	79.14195269403517
2	58.36449087357947
3	62.32946176739967
4	59.63156240402265
5	52.56970754203313
6	49.57936979658791
7	41.178001818412305
8	49.22943451466948
9	49.94894079743272
10	44.39438274617115
11	53.6015221623003
12	53.297929097716555
13	50.60349597480672
14	50.20865978932707
15	51.36153596907022
16	52.54590128711428
17	51.706826126367986
18	51.82362945213627
19	52.86497786264462
20	52.193243331089164
21	52.25832546733508
22	52.728719685423464
23	51.74458206429809
24	52.13869638093431
25	52.90847647897269
26	52.258600739690564
27	52.17197194501041
28	52.873687748931374
29	52.253725687764806
30	52.37371214668628
31	52.96138755444858
32	51.874696964680645
33	52.07012161367967
34	52.883506034976804
35	52.16349076516126
36	52.620044648793396
37	53.25458173736609
38	52.472432071915144
39	52.534542715962615
40	53.22247847583055
41	52.391503171572175
42	52.54992149653332
43	53.010636893292414
44	52.32702038068344
45	52.735197211073206
46	53.41676712235469
47	52.6829491998525
48	52.73122907354424
49	53.355473124753196
50	52.55047415480845
51	52.826988222907254
>>END_MODULE
>>Per sequence GC content	pass
#GC Content	Count
0	5831.0
1	3473.0
2	1115.0
3	1061.5
4	1008.0
5	1057.5
6	1107.0
7	1228.5
8	1350.0
9	1537.5
10	1725.0
11	2179.0
12	2633.0
13	3587.0
14	4541.0
15	6575.0
16	8609.0
17	12414.5
18	16220.0
19	22666.0
20	29112.0
21	41369.5
22	53627.0
23	69919.0
24	86211.0
25	109385.0
26	170133.5
27	207708.0
28	267718.0
29	327728.0
30	404164.0
31	480600.0
32	573245.0
33	665890.0
34	799770.5
35	933651.0
36	1103391.5
37	1273132.0
38	1451679.0
39	1630226.0
40	1832526.5
41	2034827.0
42	2212814.5
43	2390802.0
44	2588643.0
45	2786484.0
46	2885452.0
47	2984420.0
48	3061185.5
49	3137951.0
50	3156115.5
51	3174280.0
52	3165071.0
53	3155862.0
54	3080144.0
55	3004426.0
56	2883966.0
57	2763506.0
58	2593537.5
59	2423569.0
60	2270496.5
61	2117424.0
62	1982401.0
63	1847378.0
64	1715417.5
65	1583457.0
66	1483002.0
67	1382547.0
68	1247673.0
69	1112799.0
70	1019229.0
71	925659.0
72	823097.0
73	720535.0
74	646244.5
75	505907.0
76	439860.0
77	387527.5
78	335195.0
79	290033.0
80	244871.0
81	211625.0
82	178379.0
83	155188.5
84	131998.0
85	114170.5
86	96343.0
87	82687.5
88	69032.0
89	57345.5
90	45659.0
91	37084.0
92	28509.0
93	22250.5
94	15992.0
95	11873.0
96	7754.0
97	5525.0
98	3296.0
99	2183.5
100	1071.0
>>END_MODULE
>>Per base N content	pass
#Base	N-Count
1	0.07419632929243174
2	5.046026120600638E-4
3	0.0016673825441984721
4	6.5817732007834415E-6
5	1.3163546401566883E-4
6	0.0023584687302807333
7	0.0
8	0.0
9	0.0
10	0.0
11	0.0
12	0.0
13	4.387848800522295E-6
14	1.3163546401566883E-5
15	5.484811000652868E-5
16	0.024736497612944434
17	6.5817732007834415E-6
18	0.0
19	0.0
20	6.5817732007834415E-6
21	6.099109832725989E-4
22	3.5760967724256704E-4
23	4.234274092504014E-4
24	7.525160692895735E-4
25	5.923595880705097E-4
26	2.413316840287262E-5
27	0.007371585984877455
28	0.0051535284162134345
29	0.0018670296646222362
30	0.005361951234238244
31	0.002588830792308154
32	0.004363715632119422
33	0.006906474012022092
34	0.006103497681526512
35	0.0145742397909348
36	0.015274101674618106
37	0.01126360787094073
38	0.01375151814083687
39	0.01772471522970981
40	0.010776556654082755
41	0.012865172683131367
42	0.021550919383765247
43	0.016724285703190726
44	0.010673442207270482
45	0.01294854181034129
46	0.012288170565862686
47	0.014561076244533233
48	0.013674730786827731
49	0.02388525494564311
50	0.01839825002058998
51	0.0018363147230185803
>>END_MODULE
>>Sequence Length Distribution	pass
#Length	Count
51	4.5580422E7
>>END_MODULE
>>Sequence Duplication Levels	fail
#Total Duplicate Percentage	77.10539498616949
#Duplication Level	Relative count
1	100.0
2	42.57011301799916
3	24.27603790098558
4	16.98504509304007
5	12.692644316754823
6	10.394231135126907
7	8.632368050534648
8	7.502188058906351
9	6.446211804102135
10++	151.03314433578143
>>END_MODULE
>>Overrepresented sequences	pass
>>END_MODULE
>>Kmer Content	warn
#Sequence	Count	Obs/Exp Overall	Obs/Exp Max	Max Obs/Exp Position
AAAAA	7612065	5.2041287	8.7941	10
TTCTT	6601190	3.4948673	6.5250454	6
TTTTT	5615975	3.4001267	4.888549	11
CTTCT	7019260	3.2496638	5.429687	5
CAGCA	7038285	3.185307	4.5394588	9
TCTTC	6413235	2.9690957	5.673961	7
TCTTG	4969210	2.449757	5.2218294	7
CTCCT	5647360	2.286289	7.610853	1
TTGAA	3678355	2.177013	6.366006	7
TCCTC	5261465	2.1300626	5.2807417	2
CTCCA	4985130	2.0678415	7.226624	1
GCCAG	4867705	2.0020773	5.917979	1
TCCAG	4497090	1.9863739	5.2918005	2
GGCAG	4395670	1.9251754	5.071811	1
GTCCA	3500190	1.5460409	5.311007	1
>>END_MODULE
