##FastQC	0.10.1
>>Basic Statistics	pass
#Measure	Value	
Filename	Sample_5_L001_poly.fastq	
File type	Conventional base calls	
Encoding	Sanger / Illumina 1.9	
Total Sequences	18379293	
Filtered Sequences	0	
Sequence length	20-39	
%GC	52	
>>END_MODULE
>>Per base sequence quality	pass
#Base	Mean	Median	Lower Quartile	Upper Quartile	10th Percentile	90th Percentile
1	37.48395969311768	39.0	37.0	39.0	34.0	39.0
2	38.81809925985728	40.0	38.0	41.0	34.0	41.0
3	38.785511227227296	40.0	38.0	41.0	34.0	41.0
4	38.71023618808406	40.0	38.0	41.0	34.0	41.0
5	38.7303452314515	40.0	38.0	41.0	34.0	41.0
6	38.73331787027934	40.0	38.0	41.0	34.0	41.0
7	38.77578968897226	40.0	38.0	41.0	34.0	41.0
8	38.764680230082845	40.0	38.0	41.0	34.0	41.0
9	38.72663904971753	40.0	38.0	41.0	34.0	41.0
10	38.62863424615952	40.0	38.0	41.0	34.0	41.0
11	38.629599789284605	40.0	38.0	41.0	34.0	41.0
12	38.65507465385094	40.0	38.0	41.0	34.0	41.0
13	38.631168021533796	40.0	38.0	41.0	34.0	41.0
14	38.56340377184259	40.0	38.0	41.0	34.0	41.0
15	38.510792988609516	40.0	38.0	41.0	34.0	41.0
16	38.4781520159671	40.0	38.0	41.0	34.0	41.0
17	38.43021431781951	40.0	38.0	41.0	34.0	41.0
18	38.399397844084646	40.0	38.0	41.0	34.0	41.0
19	38.31689820712908	40.0	38.0	41.0	33.0	41.0
20	38.280439242140595	40.0	38.0	41.0	33.0	41.0
21	38.23932418669709	40.0	38.0	41.0	33.0	41.0
22	38.183921584680476	40.0	38.0	41.0	33.0	41.0
23	38.11654974314432	40.0	37.0	41.0	33.0	41.0
24	38.062784392129124	40.0	37.0	41.0	33.0	41.0
25	38.002909611826006	40.0	37.0	41.0	33.0	41.0
26	37.944781755030135	40.0	37.0	41.0	33.0	41.0
27	37.871591131449975	40.0	37.0	41.0	33.0	41.0
28	37.7781298805878	40.0	37.0	41.0	33.0	41.0
29	37.70115452976814	40.0	36.0	41.0	32.0	41.0
30	37.61900534657207	40.0	36.0	41.0	32.0	41.0
31	37.56146179456571	40.0	36.0	41.0	32.0	41.0
32	37.47503722457107	40.0	36.0	41.0	32.0	41.0
33	37.41214911103771	39.0	35.0	41.0	32.0	41.0
34	37.339944729354684	39.0	35.0	41.0	32.0	41.0
35	37.25599174493053	39.0	35.0	41.0	32.0	41.0
36	37.1686534621039	39.0	35.0	41.0	31.0	41.0
37	37.0585246724682	39.0	35.0	41.0	31.0	41.0
38	37.02011238499118	39.0	35.0	41.0	31.0	41.0
39	37.16943261845258	39.0	35.0	41.0	32.0	41.0
>>END_MODULE
>>Per sequence quality scores	pass
#Quality	Count
9	3.0
10	12.0
11	36.0
12	101.0
13	211.0
14	452.0
15	836.0
16	1530.0
17	2701.0
18	4512.0
19	7669.0
20	12499.0
21	19725.0
22	30205.0
23	43245.0
24	59222.0
25	79096.0
26	102985.0
27	130632.0
28	161001.0
29	196160.0
30	237577.0
31	286234.0
32	347290.0
33	430753.0
34	564354.0
35	742674.0
36	1008694.0
37	1422246.0
38	2005230.0
39	3061840.0
40	7413161.0
41	6407.0
>>END_MODULE
>>Per base sequence content	pass
#Base	G	A	T	C
1	24.77305907015048	24.268669115227446	25.13985894513982	25.81841286948225
2	24.440892378420752	24.092734169027658	25.35010605416271	26.11626739838888
3	25.115944340187625	23.63036488944379	24.601849483546513	26.651841286822076
4	25.676084747760203	23.91661311618101	23.6793633711412	26.727938764917585
5	25.24871332101839	24.283251809522817	23.874150110126653	26.59388475933215
6	25.07855174142501	24.119820317295222	23.836773428697207	26.96485451258256
7	25.46509269970287	23.966857702306612	23.542940416696116	27.025109181294404
8	25.542140093550948	23.827237069549476	24.115463655016054	26.515159181883526
9	25.25151868267102	23.697309536716162	23.914489224832938	27.136682555779885
10	25.687871330817874	24.526006732406326	23.11904393475133	26.667078002024468
11	25.40357255464508	24.62763921447434	23.60193010772726	26.36685812315332
12	25.276021346858705	24.200935999414558	23.551590826302547	26.971451827424193
13	25.73445097637975	24.33193086581825	23.12915206167295	26.804466096129048
14	25.49999760600084	24.29711640625034	23.479462316494523	26.72342367125429
15	25.285228284373297	23.924636726706115	23.754645076390414	27.035489912530174
16	25.74740703181447	24.16013610433868	23.284634760157076	26.807822103689784
17	25.508519989938556	24.10603887432613	23.64697323384844	26.73846790188688
18	25.26740587262683	23.95034601753247	23.591931366592288	27.19031674324841
19	25.703375724676953	24.10075637578605	23.214581856121892	26.98128604341511
20	25.30788279190592	24.33262680509658	23.77399685903619	26.58549354396131
21	25.21003427618325	23.947325198377044	23.85302242879918	26.989618096640527
22	25.719529261851036	24.323878969098608	23.0837993339934	26.87279243505695
23	25.684199268672174	24.313510941519638	23.51821602666633	26.484073763141858
24	25.579915072737215	23.901310729638045	23.257945317997912	27.260828879626825
25	25.824364165844948	24.143539880958638	22.83130823606515	27.200787717131263
26	25.55269225552692	24.149450524050774	23.355900537417526	26.941956683004776
27	25.34285974673835	23.93037417998876	23.3819938373409	27.344772235931984
28	25.65362418964659	24.233115023373355	22.871300523733247	27.241960263246806
29	25.519343270181626	24.173186766268586	23.399056097556578	26.908413865993207
30	25.408659870700074	23.962853364978375	23.257394020664726	27.371092743656828
31	25.69197537425769	24.232397899264292	22.947195354412212	27.128431372065805
32	25.355078525207603	24.07170853985105	23.571329062432824	27.001883872508525
33	25.414488499292748	23.730703922044725	23.283462895588794	27.57134468307373
34	26.03398835509919	23.79787899796327	22.856476186890585	27.31165646004695
35	25.98705425528006	23.79800133745163	23.12295567138799	27.091988735880317
36	25.394081361951397	23.520040814886702	23.07874526416828	28.007132558993618
37	26.031842808708834	22.816479454478507	22.205923843133878	28.945753893678777
38	27.15217282110428	22.018088154111595	22.47729228949328	28.352446735290844
39	26.542160567103334	23.117838876474686	21.5297400865467	28.810260469875278
>>END_MODULE
>>Per base GC content	pass
#Base	%GC
1	50.59147193963274
2	50.557159776809634
3	51.7677856270097
4	52.40402351267779
5	51.842598080350534
6	52.04340625400757
7	52.49020188099727
8	52.05729927543447
9	52.388201238450904
10	52.35494933284234
11	51.77043067779841
12	52.2474731742829
13	52.538917072508795
14	52.223421277255134
15	52.32071819690347
16	52.55522913550424
17	52.246987891825434
18	52.45772261587525
19	52.684661768092056
20	51.893376335867224
21	52.19965237282378
22	52.59232169690799
23	52.168273031814024
24	52.84074395236404
25	53.0251518829762
26	52.4946489385317
27	52.68763198267033
28	52.895584452893395
29	52.42775713617483
30	52.7797526143569
31	52.8204067463235
32	52.35696239771613
33	52.985833182366484
34	53.345644815146144
35	53.07904299116038
36	53.40121392094501
37	54.97759670238761
38	55.50461955639512
39	55.35242103697862
>>END_MODULE
>>Per sequence GC content	pass
#GC Content	Count
0	5732.0
1	4025.5
2	1781.5
3	1239.5
4	1266.5
5	1253.5
6	1479.5
7	1758.5
8	1769.5
9	2408.0
10	3211.5
11	3431.0
12	4804.5
13	6536.5
14	10150.0
15	13790.0
16	15910.5
17	22773.5
18	28667.0
19	37449.0
20	44881.5
21	45712.0
22	61204.0
23	75568.5
24	101789.0
25	128441.0
26	132157.0
27	163769.0
28	193401.5
29	244537.0
30	297996.0
31	302793.5
32	381795.0
33	464009.0
34	470916.5
35	546177.0
36	623662.5
37	733635.5
38	847668.0
39	860673.0
40	966774.5
41	1072984.5
42	1160676.0
43	1250206.0
44	1259631.0
45	1343779.5
46	1428455.0
47	1490992.5
48	1549647.5
49	1549746.0
50	1581971.0
51	1611295.5
52	1608906.0
53	1580026.5
54	1547306.5
55	1473268.5
56	1399369.0
57	1388310.0
58	1312132.5
59	1239486.5
60	1140814.0
61	1041251.0
62	1035191.0
63	948557.5
64	860231.5
65	788541.5
66	718938.0
67	715475.0
68	645202.0
69	577177.0
70	573990.0
71	507989.5
72	441676.5
73	387890.0
74	334750.5
75	330974.0
76	288623.5
77	246986.5
78	214369.5
79	180600.0
80	177803.5
81	151906.0
82	126255.5
83	107541.5
84	89091.0
85	87656.5
86	73925.5
87	60557.0
88	50162.0
89	39948.5
90	39302.0
91	31783.5
92	24590.5
93	23942.5
94	18798.0
95	14094.0
96	10309.5
97	6646.0
98	6377.5
99	4284.0
100	2459.0
>>END_MODULE
>>Per base N content	pass
#Base	N-Count
1	3.318952475484231E-4
2	2.720452848757566E-5
3	0.0
4	0.047760270212787836
5	0.0
6	3.26454341850908E-5
7	0.0
8	1.63227170925454E-5
9	2.2851803929563558E-4
10	7.018768349794522E-4
11	4.352724558012106E-5
12	4.352724558012106E-5
13	1.0881811395030264E-4
14	2.720452848757566E-5
15	8.433403831148457E-4
16	0.00245928937527684
17	0.0012078810648483596
18	1.1969992534533292E-4
19	3.7542249312854417E-4
20	0.0012024401591508443
21	0.0015020298627482118
22	0.0038322326914270993
23	0.007813535395533141
24	0.0041013087532222915
25	0.0047402012820228516
26	0.00771853932094297
27	0.006375284706362785
28	0.004736825417805192
29	0.004184167383737911
30	0.01045376334933545
31	0.009424043632062557
32	0.005937291673976351
33	0.007763406958781748
34	0.0056773206089328725
35	0.007819995378032582
36	0.006615199765619877
37	0.009084823563163431
38	0.0
39	0.0
>>END_MODULE
>>Sequence Length Distribution	warn
#Length	Count
20	4159.0
21	4642.0
22	4926.0
23	5573.0
24	6342.0
25	8211.0
26	9004.0
27	11927.0
28	17402.0
29	26609.0
30	18698.0
31	21160.0
32	39868.0
33	58411.0
34	150023.0
35	472081.0
36	789057.0
37	67587.0
38	201287.0
39	1.6462326E7
>>END_MODULE
>>Sequence Duplication Levels	fail
#Total Duplicate Percentage	74.37262066945927
#Duplication Level	Relative count
1	100.0
2	44.83472443031267
3	25.14739003709592
4	16.279146793852675
5	12.01808426073132
6	9.504173290937997
7	7.6858108108108105
8	6.349364069952305
9	5.511393746687864
10++	103.8834790673026
>>END_MODULE
>>Overrepresented sequences	pass
>>END_MODULE
>>Kmer Content	warn
#Sequence	Count	Obs/Exp Overall	Obs/Exp Max	Max Obs/Exp Position
AAAAA	2141545	4.250448	5.228246	11
TTCTT	1822485	3.5068867	3.9310982	1
CTTCT	1915405	3.1945112	3.4877663	10
TTTTT	1427965	3.1702192	4.1045966	1
CAGCA	2153280	3.1546073	3.4679694	27
TCTTC	1837995	3.065407	3.466534	13
>>END_MODULE
