##FastQC	0.10.1
>>Basic Statistics	pass
#Measure	Value	
Filename	Control_2.fastq	
File type	Conventional base calls	
Encoding	Sanger / Illumina 1.9	
Total Sequences	29137222	
Filtered Sequences	0	
Sequence length	39	
%GC	50	
>>END_MODULE
>>Per base sequence quality	pass
#Base	Mean	Median	Lower Quartile	Upper Quartile	10th Percentile	90th Percentile
1	37.917824904515605	39.0	38.0	39.0	35.0	39.0
2	39.378597863584936	41.0	39.0	41.0	36.0	41.0
3	39.35545715373964	41.0	39.0	41.0	36.0	41.0
4	39.313290505182685	41.0	39.0	41.0	36.0	41.0
5	39.3174425482292	41.0	39.0	41.0	36.0	41.0
6	39.326576740912365	41.0	39.0	41.0	36.0	41.0
7	39.3683407773054	41.0	39.0	41.0	36.0	41.0
8	39.32649231282241	41.0	39.0	41.0	36.0	41.0
9	39.31829486009339	41.0	39.0	41.0	36.0	41.0
10	39.280856699379235	41.0	39.0	41.0	36.0	41.0
11	39.28076739779791	41.0	39.0	41.0	36.0	41.0
12	39.29722764922476	41.0	39.0	41.0	36.0	41.0
13	39.279620136744676	41.0	39.0	41.0	36.0	41.0
14	39.24027386687722	41.0	39.0	41.0	36.0	41.0
15	39.20542809468933	41.0	39.0	41.0	36.0	41.0
16	39.182927665513205	41.0	39.0	41.0	36.0	41.0
17	39.14626593434336	41.0	39.0	41.0	36.0	41.0
18	39.128683029562666	41.0	39.0	41.0	35.0	41.0
19	39.08272315734149	40.0	39.0	41.0	35.0	41.0
20	39.04681359122019	40.0	38.0	41.0	35.0	41.0
21	39.007319743797126	40.0	38.0	41.0	35.0	41.0
22	38.969204133462	40.0	38.0	41.0	35.0	41.0
23	38.90975759459842	40.0	38.0	41.0	35.0	41.0
24	38.79391343484976	40.0	38.0	41.0	35.0	41.0
25	38.78507202917286	40.0	38.0	41.0	35.0	41.0
26	38.74643365108726	40.0	38.0	41.0	35.0	41.0
27	38.68960850145563	40.0	38.0	41.0	35.0	41.0
28	38.62006762346802	40.0	38.0	41.0	35.0	41.0
29	38.5600945072938	40.0	38.0	41.0	34.0	41.0
30	38.46658212646353	40.0	38.0	41.0	34.0	41.0
31	38.43206788897034	40.0	38.0	41.0	34.0	41.0
32	38.35857145200733	40.0	37.0	41.0	34.0	41.0
33	38.30208150934911	40.0	37.0	41.0	34.0	41.0
34	38.235343129142514	40.0	37.0	41.0	34.0	41.0
35	38.1573034999699	40.0	37.0	41.0	34.0	41.0
36	38.10113434973314	40.0	37.0	41.0	34.0	41.0
37	38.04802417334089	40.0	36.0	41.0	34.0	41.0
38	38.07908502739211	39.0	36.0	41.0	34.0	41.0
39	38.244022096547155	39.0	36.0	41.0	34.0	41.0
>>END_MODULE
>>Per sequence quality scores	pass
#Quality	Count
11	1.0
12	1.0
13	9.0
14	25.0
15	89.0
16	177.0
17	371.0
18	769.0
19	1523.0
20	2732.0
21	4759.0
22	8346.0
23	13521.0
24	21184.0
25	32249.0
26	47288.0
27	68875.0
28	97741.0
29	135701.0
30	187226.0
31	256109.0
32	349376.0
33	484384.0
34	694931.0
35	1003984.0
36	1469384.0
37	2197008.0
38	3254582.0
39	5223166.0
40	1.3581711E7
>>END_MODULE
>>Per base sequence content	pass
#Base	G	A	T	C
1	24.277338450453513	24.755578963567633	25.251357181546	25.71572540443286
2	23.48588688379421	25.039401491329542	26.306450903246713	25.168260721629537
3	23.884109473442592	24.287157505955783	25.451887623329362	26.37684539727226
4	24.940539567466118	24.589358789900384	23.903708359159825	26.566393283473673
5	24.217682797625663	25.39851259670534	24.76128300769373	25.62252159797526
6	24.003534036292134	24.907360763493514	24.6359450465113	26.453160153703053
7	24.97248708198743	24.9358089113643	23.543726989484448	26.54797701716382
8	24.544031685656236	25.028545960901834	24.959167349584664	25.468255003857266
9	24.1274818614425	24.367162527007665	24.857966313877064	26.647389297672774
10	25.05971142956368	25.124158211530073	23.35414714767391	26.461983211232344
11	24.328745993226054	25.582980311195797	24.67238551489763	25.415888180680525
12	24.061019280626503	24.82285079256561	24.492086012914154	26.624043913893736
13	25.120912566319927	24.964764937706715	23.300485256461076	26.61383723951228
14	24.484499586130756	25.25897286982266	24.405003332163925	25.851524211882655
15	24.056526191519925	24.46970871219209	24.713807727723353	26.75995736856463
16	25.050151792185666	24.68876372648975	23.542502258160596	26.718582223163995
17	24.539199188940877	25.10876985133443	24.530306779544095	25.8217241801806
18	24.18646868520619	24.47885497611828	24.365267983242965	26.969408355432563
19	25.001459474937032	24.828337089872527	23.39105372237152	26.779149712818917
20	24.368125725340814	25.308371627781906	24.682531742535694	25.640970904341586
21	24.072582066435803	24.51127921737543	24.715626108888202	26.700512607300563
22	25.091437564383135	25.028885000374952	23.18886628883216	26.69081114640976
23	24.710520862356066	25.310843988130134	24.35068186649649	25.62795328301731
24	24.354481526782205	24.45443295139204	24.211638372437157	26.979447149388598
25	25.077127774678754	24.830151407564514	23.001462329359875	27.091258488396864
26	24.54680859366728	25.093904664777995	24.288827104729755	26.070459636824967
27	24.06946010368563	24.549966279003918	24.32958026369304	27.050993353617415
28	25.02750843478164	24.994054526198507	23.072646259084546	26.9057907799353
29	24.58371781848155	25.271957388234345	24.211265742611825	25.933059050672274
30	24.231067734756913	24.662426657638875	24.143766902865863	26.96273870473835
31	25.02492363998028	25.075143311573424	23.07704425931184	26.82288878913446
32	24.369772789167712	25.192906034490303	24.385567359535322	26.051753816806666
33	24.195112783193558	24.519389176152213	24.17497979150101	27.11051824915322
34	25.091499219839548	24.746129520707388	23.092402834483455	27.06996842496961
35	24.70201708082347	25.101439569775824	24.08524541370822	26.111297935692484
36	23.68270735254361	24.623053955134154	24.054789239800378	27.63944945252186
37	23.972367196527408	24.97814803216972	23.38912866831287	27.66035610299
38	24.603248037853437	24.44495566529987	24.33956813041408	26.61222816643261
39	24.416898769553256	24.911101682926397	22.927552942418465	27.744446605101885
>>END_MODULE
>>Per base GC content	pass
#Base	%GC
1	49.99306385488637
2	48.654147605423745
3	50.260954870714855
4	51.50693285093979
5	49.84020439560092
6	50.45669418999519
7	51.520464099151255
8	50.01228668951351
9	50.77487115911528
10	51.52169464079602
11	49.744634173906576
12	50.68506319452024
13	51.7347498058322
14	50.33602379801342
15	50.816483560084556
16	51.76873401534966
17	50.36092336912148
18	51.15587704063876
19	51.78060918775596
20	50.0090966296824
21	50.773094673736374
22	51.782248710792885
23	50.33847414537338
24	51.33392867617081
25	52.16838626307562
26	50.61726823049225
27	51.120453457303036
28	51.933299214716946
29	50.51677686915382
30	51.19380643949526
31	51.84781242911474
32	50.42152660597438
33	51.305631032346774
34	52.16146764480916
35	50.81331501651596
36	51.32215680506547
37	51.632723299517416
38	51.21547620428605
39	52.16134537465514
>>END_MODULE
>>Per sequence GC content	pass
#GC Content	Count
0	845.0
1	1165.0
2	1485.0
3	1485.0
4	1678.5
5	1872.0
6	2799.5
7	3727.0
8	3727.0
9	5359.0
10	6991.0
11	6991.0
12	10738.0
13	14485.0
14	22935.0
15	31385.0
16	31385.0
17	40567.5
18	49750.0
19	67885.0
20	86020.0
21	86020.0
22	116768.0
23	147516.0
24	198251.5
25	248987.0
26	248987.0
27	306289.0
28	363591.0
29	461953.0
30	560315.0
31	560315.0
32	707124.0
33	853933.0
34	853933.0
35	985988.5
36	1118044.0
37	1315775.5
38	1513507.0
39	1513507.0
40	1691592.5
41	1869678.0
42	2005912.0
43	2142146.0
44	2142146.0
45	2278379.0
46	2414612.0
47	2487164.0
48	2559716.0
49	2559716.0
50	2578696.0
51	2597676.0
52	2597676.0
53	2528015.0
54	2458354.0
55	2302500.5
56	2146647.0
57	2146647.0
58	2002097.0
59	1857547.0
60	1670316.5
61	1483086.0
62	1483086.0
63	1334607.0
64	1186128.0
65	1062752.5
66	939377.0
67	939377.0
68	832209.5
69	725042.0
70	725042.0
71	631288.0
72	537534.0
73	464962.0
74	392390.0
75	392390.0
76	335325.0
77	278260.0
78	235749.0
79	193238.0
80	193238.0
81	162353.0
82	131468.0
83	109563.0
84	87658.0
85	87658.0
86	72920.5
87	58183.0
88	47539.5
89	36896.0
90	36896.0
91	29210.5
92	21525.0
93	21525.0
94	16473.5
95	11422.0
96	8017.5
97	4613.0
98	4613.0
99	3093.0
100	1573.0
>>END_MODULE
>>Per base N content	pass
#Base	N-Count
1	0.0
2	0.0
3	0.0
4	0.02377028256159767
5	0.0
6	0.0
7	0.0
8	0.0
9	4.1184434123472713E-4
10	1.0296108530868179E-5
11	1.0296108530868179E-5
12	6.932713077451242E-4
13	1.784658812017151E-4
14	0.0
15	0.006568917242693898
16	0.0023200564556222964
17	4.1184434123472716E-5
18	2.8485900268735294E-4
19	1.0639312148563786E-4
20	1.956260620864954E-4
21	0.0016919938352393375
22	4.3586859447341956E-4
23	0.0019905809826345146
24	0.0036688466731660276
25	0.002852022063050486
26	0.003510973009026049
27	0.003679142781696896
28	0.005535874353430125
29	0.002937822967474387
30	0.011940053859630132
31	0.004217972461478998
32	0.0021518866829514497
33	0.003315346946939554
34	0.003116288848676102
35	0.003967433820561205
36	0.0021450226105975373
37	8.854653336546634E-4
38	0.0
39	0.0
>>END_MODULE
>>Sequence Length Distribution	pass
#Length	Count
39	2.9137222E7
>>END_MODULE
>>Sequence Duplication Levels	fail
#Total Duplicate Percentage	87.69212780026773
#Duplication Level	Relative count
1	100.0
2	83.85585585585585
3	56.60606060606061
4	38.450450450450454
5	28.06879606879607
6	22.31941031941032
7	17.857493857493857
8	14.843570843570843
9	12.907452907452907
10++	280.29156429156427
>>END_MODULE
>>Overrepresented sequences	pass
>>END_MODULE
>>Kmer Content	warn
#Sequence	Count	Obs/Exp Overall	Obs/Exp Max	Max Obs/Exp Position
AAAAA	4030800	4.1488795	4.807528	11
TTCTT	3102910	3.3707106	4.252764	11
CTTCT	3207630	3.1780455	3.9922612	10
CAGCA	3414560	3.150786	3.5523968	27
TCTTC	3035310	3.007315	3.5480464	12
>>END_MODULE
