##FastQC	0.10.1
>>Basic Statistics	pass
#Measure	Value	
Filename	Control_3.fastq	
File type	Conventional base calls	
Encoding	Sanger / Illumina 1.9	
Total Sequences	27570628	
Filtered Sequences	0	
Sequence length	39	
%GC	52	
>>END_MODULE
>>Per base sequence quality	pass
#Base	Mean	Median	Lower Quartile	Upper Quartile	10th Percentile	90th Percentile
1	37.96009528691185	39.0	38.0	39.0	35.0	39.0
2	39.43392402958685	41.0	39.0	41.0	36.0	41.0
3	39.409449432925506	41.0	39.0	41.0	36.0	41.0
4	39.362298493889945	41.0	39.0	41.0	36.0	41.0
5	39.36807126772738	41.0	39.0	41.0	36.0	41.0
6	39.371631397006986	41.0	39.0	41.0	36.0	41.0
7	39.40605357266436	41.0	39.0	41.0	36.0	41.0
8	39.36375812694582	41.0	39.0	41.0	36.0	41.0
9	39.35228515650786	41.0	39.0	41.0	36.0	41.0
10	39.30904711347163	41.0	39.0	41.0	36.0	41.0
11	39.30620151271128	41.0	39.0	41.0	36.0	41.0
12	39.315696254724415	41.0	39.0	41.0	36.0	41.0
13	39.293440105898206	41.0	39.0	41.0	36.0	41.0
14	39.25622289053408	41.0	39.0	41.0	36.0	41.0
15	39.21933802160763	41.0	39.0	41.0	36.0	41.0
16	39.1891815086693	41.0	39.0	41.0	36.0	41.0
17	39.14952662666951	41.0	39.0	41.0	35.0	41.0
18	39.12443104306511	40.0	39.0	41.0	35.0	41.0
19	39.07027326327133	40.0	38.0	41.0	35.0	41.0
20	39.030692880844065	40.0	38.0	41.0	35.0	41.0
21	38.983901382297134	40.0	38.0	41.0	35.0	41.0
22	38.93340296782503	40.0	38.0	41.0	35.0	41.0
23	38.87115161105507	40.0	38.0	41.0	35.0	41.0
24	38.741303317428965	40.0	38.0	41.0	35.0	41.0
25	38.71920937020368	40.0	38.0	41.0	35.0	41.0
26	38.674575312539126	40.0	38.0	41.0	35.0	41.0
27	38.608920369895095	40.0	38.0	41.0	35.0	41.0
28	38.524368505497954	40.0	38.0	41.0	35.0	41.0
29	38.458348935686196	40.0	37.0	41.0	34.0	41.0
30	38.35037319425586	40.0	37.0	41.0	34.0	41.0
31	38.30141518720575	40.0	37.0	41.0	34.0	41.0
32	38.220559901646055	40.0	37.0	41.0	34.0	41.0
33	38.15234107108478	40.0	37.0	41.0	34.0	41.0
34	38.07154138817585	40.0	36.0	41.0	34.0	41.0
35	37.988121598100705	40.0	36.0	41.0	34.0	41.0
36	37.9174876974148	39.0	36.0	41.0	33.0	41.0
37	37.851537367955494	39.0	35.0	41.0	33.0	41.0
38	37.8749329177413	39.0	35.0	41.0	33.0	41.0
39	38.02543028762348	39.0	35.0	41.0	34.0	41.0
>>END_MODULE
>>Per sequence quality scores	pass
#Quality	Count
11	2.0
12	8.0
13	13.0
14	44.0
15	100.0
16	174.0
17	338.0
18	710.0
19	1287.0
20	2523.0
21	4459.0
22	7381.0
23	12157.0
24	18342.0
25	27825.0
26	41122.0
27	59817.0
28	86158.0
29	120705.0
30	168687.0
31	233382.0
32	322752.0
33	453932.0
34	681019.0
35	999042.0
36	1488500.0
37	2241991.0
38	3270679.0
39	5039847.0
40	1.2287632E7
>>END_MODULE
>>Per base sequence content	pass
#Base	G	A	T	C
1	24.82820938384898	24.369852016785835	24.712165595653666	26.089773003711525
2	24.393209324067627	24.15089347982933	25.009557272326187	26.44633992377685
3	25.017344545071662	23.720522434236898	24.33994611947178	26.922186901219657
4	25.656892768451094	23.840487235527984	23.408582244685526	27.094037751335392
5	25.12471242947386	24.31176395401657	23.65547494964569	26.90804866686388
6	24.90131889632692	24.205027176022252	23.750514496804353	27.14313943084648
7	25.404361482081583	24.064290447065623	23.25752246194755	27.273825608905245
8	25.584034574765578	23.958743340920634	23.729075014178132	26.728147070135655
9	25.174060955120385	23.904157173130685	23.745661760241394	27.176120111507533
10	25.673599141347026	24.614207163812676	22.776758859229385	26.935434835610916
11	25.37474484619972	24.821772273143164	23.30418250205853	26.499300378598583
12	25.198685549202132	24.316839224604603	23.371519144591403	27.112956081601858
13	25.666777727071562	24.382299945644963	22.83061706858419	27.12030525869929
14	25.42252936712214	24.325184032804767	23.207226182878387	27.045060417194705
15	25.04050944398177	24.021392961919382	23.625928945970966	27.312168648127887
16	25.583667283424276	24.217424396412504	23.01455481228356	27.184353507879656
17	25.449765003471086	24.282272215858764	23.309276323854885	26.95868645681526
18	25.10830571994786	24.058316394375073	23.422286651641464	27.411091234035602
19	25.575875144986853	24.226441474638765	22.890329964854235	27.307353415520147
20	25.205766317130035	24.471516683933856	23.498567096627145	26.824149902308967
21	25.057777984119806	24.049888665983076	23.670877857570076	27.22145549232704
22	25.61577357035361	24.42286914822511	22.768127294207392	27.19322998721388
23	25.545667598847118	24.48668444653882	23.20910962796798	26.758538326646082
24	25.35808636031685	24.082695575069863	23.15215744098622	27.40706062362707
25	25.67371726372276	24.213922924887207	22.583768950142787	27.52859086124725
26	25.401622642345735	24.31616015873645	23.094780458983937	27.187436739933872
27	25.102212766429748	24.081900501119037	23.283629123671545	27.53225760877967
28	25.442521547441803	24.386007904627945	22.58764374664072	27.58382680128953
29	25.37747932941538	24.4139595371089	23.114703472858434	27.09385766061728
30	25.21565517082522	24.186457932990308	23.071674422476754	27.526212473707723
31	25.495163483194546	24.468903732892663	22.65965641562782	27.376276368284973
32	25.235926928475333	24.292697994416628	23.271602047770404	27.19977302933763
33	25.105511379762802	23.993206328306997	23.128328033144992	27.77295425878521
34	25.611745904392418	24.12249934529764	22.720888596136785	27.54486615417316
35	25.602137075730706	24.162807227487516	22.99871859026358	27.2363371065182
36	24.659397145152177	24.171371826696515	23.043304979171992	28.125926048979316
37	24.568517479428127	24.29751679427328	22.94556011317931	28.188405613119283
38	25.46962296252374	23.55047190074887	23.152922015414376	27.826983121313013
39	25.365084175812026	24.437005932545315	21.85781912548383	28.340090766158827
>>END_MODULE
>>Per base GC content	pass
#Base	%GC
1	50.9179823875605
2	50.83954924784449
3	51.93953144629132
4	52.750930519786486
5	52.032761096337744
6	52.044458327173395
7	52.678187090986825
8	52.31218164490124
9	52.35018106662792
10	52.60903397695794
11	51.8740452247983
12	52.311641630804
13	52.78708298577085
14	52.46758978431685
15	52.35267809210965
16	52.76802079130394
17	52.40845146028635
18	52.51939695398347
19	52.883228560507
20	52.029916219439
21	52.27923347644684
22	52.80900355756749
23	52.3042059254932
24	52.76514698394392
25	53.20230812497001
26	52.589059382279615
27	52.63447037520942
28	53.02634834873133
29	52.47133699003267
30	52.74186764453294
31	52.871439851479515
32	52.435699957812965
33	52.87846563854801
34	53.15661205856558
35	52.83847418224891
36	52.78532319413149
37	52.7569230925474
38	53.29660608383675
39	53.70517494197086
>>END_MODULE
>>Per sequence GC content	pass
#GC Content	Count
0	7369.0
1	4661.5
2	1954.0
3	1954.0
4	2239.5
5	2525.0
6	3000.5
7	3476.0
8	3476.0
9	4693.5
10	5911.0
11	5911.0
12	8852.0
13	11793.0
14	20941.5
15	30090.0
16	30090.0
17	34759.5
18	39429.0
19	53462.0
20	67495.0
21	67495.0
22	92797.0
23	118099.0
24	159253.5
25	200408.0
26	200408.0
27	245636.5
28	290865.0
29	372805.5
30	454746.0
31	454746.0
32	579692.5
33	704639.0
34	704639.0
35	819159.5
36	933680.0
37	1096439.0
38	1259198.0
39	1259198.0
40	1413305.0
41	1567412.0
42	1698584.5
43	1829757.0
44	1829757.0
45	1960299.5
46	2090842.0
47	2177232.5
48	2263623.0
49	2263623.0
50	2315398.0
51	2367173.0
52	2367173.0
53	2328254.0
54	2289335.0
55	2185500.0
56	2081665.0
57	2081665.0
58	1969887.0
59	1858109.0
60	1710901.0
61	1563693.0
62	1563693.0
63	1434363.0
64	1305033.0
65	1193390.5
66	1081748.0
67	1081748.0
68	973222.5
69	864697.0
70	864697.0
71	760853.0
72	657009.0
73	577866.5
74	498724.0
75	498724.0
76	431609.5
77	364495.0
78	313029.0
79	261563.0
80	261563.0
81	221675.5
82	181788.0
83	152931.0
84	124074.0
85	124074.0
86	103763.0
87	83452.0
88	67847.5
89	52243.0
90	52243.0
91	40894.0
92	29545.0
93	29545.0
94	22417.5
95	15290.0
96	10573.5
97	5857.0
98	5857.0
99	3840.5
100	1824.0
>>END_MODULE
>>Per base N content	pass
#Base	N-Count
1	3.627048321133635E-6
2	0.0
3	0.0
4	0.02344524034780782
5	0.0
6	0.0
7	0.0
8	0.0
9	4.1348350860923445E-4
10	7.25409664226727E-6
11	7.25409664226727E-6
12	6.456146011617871E-4
13	1.6684422277214722E-4
14	0.0
15	0.006340080465341594
16	0.0023213109255255265
17	2.901638656906908E-5
18	2.2487699591028538E-4
19	9.067620802834089E-5
20	1.1606554627627632E-4
21	0.0015886471646565322
22	3.772130253978981E-4
23	0.0018171512088879513
24	0.003199056619239867
25	0.0026005936462528165
26	0.00328247873062594
27	0.0033767819869754143
28	0.005302744645497375
29	0.002807335400557434
30	0.011327271906900343
31	0.003978872008283598
32	0.0019767413350178314
33	0.0030938722179269912
34	0.003075736976321323
35	0.003598031934564566
36	0.0019658601900544304
37	7.906965340071326E-4
38	0.0
39	0.0
>>END_MODULE
>>Sequence Length Distribution	pass
#Length	Count
39	2.7570628E7
>>END_MODULE
>>Sequence Duplication Levels	fail
#Total Duplicate Percentage	85.59886419124919
#Duplication Level	Relative count
1	100.0
2	76.91189879188512
3	49.307613403236836
4	32.468087531342604
5	23.828926373375882
6	18.611807613403236
7	14.836448598130842
8	12.386026897652155
9	10.374401641212673
10++	231.1403008889902
>>END_MODULE
>>Overrepresented sequences	pass
>>END_MODULE
>>Kmer Content	warn
#Sequence	Count	Obs/Exp Overall	Obs/Exp Max	Max Obs/Exp Position
AAAAA	3698475	4.606148	5.2462845	35
TTCTT	2821765	3.6709416	4.0985975	1
CTTCT	3006380	3.3392856	3.7697806	2
TTTTT	2135940	3.2545624	3.9121027	1
CAGCA	3394550	3.1978328	3.482016	15
TCTTC	2827735	3.1408584	3.5269637	1
>>END_MODULE
