##FastQC	0.10.1
>>Basic Statistics	pass
#Measure	Value	
Filename	Treat_2.fastq	
File type	Conventional base calls	
Encoding	Sanger / Illumina 1.9	
Total Sequences	40939229	
Filtered Sequences	0	
Sequence length	39	
%GC	51	
>>END_MODULE
>>Per base sequence quality	pass
#Base	Mean	Median	Lower Quartile	Upper Quartile	10th Percentile	90th Percentile
1	37.94927940631222	39.0	38.0	39.0	35.0	39.0
2	39.41885388217741	41.0	39.0	41.0	36.0	41.0
3	39.39717816864602	41.0	39.0	41.0	36.0	41.0
4	39.35371477073982	41.0	39.0	41.0	36.0	41.0
5	39.359965230415064	41.0	39.0	41.0	36.0	41.0
6	39.365452265845065	41.0	39.0	41.0	36.0	41.0
7	39.40288274603315	41.0	39.0	41.0	36.0	41.0
8	39.36155492815949	41.0	39.0	41.0	36.0	41.0
9	39.350696247845804	41.0	39.0	41.0	36.0	41.0
10	39.31082065566012	41.0	39.0	41.0	36.0	41.0
11	39.31013246487861	41.0	39.0	41.0	36.0	41.0
12	39.32091964897531	41.0	39.0	41.0	36.0	41.0
13	39.300398866817936	41.0	39.0	41.0	36.0	41.0
14	39.2643620376925	41.0	39.0	41.0	36.0	41.0
15	39.22894344199789	41.0	39.0	41.0	36.0	41.0
16	39.20202163553202	41.0	39.0	41.0	36.0	41.0
17	39.16577771896974	41.0	39.0	41.0	36.0	41.0
18	39.142632143854	41.0	39.0	41.0	35.0	41.0
19	39.09119570864414	40.0	39.0	41.0	35.0	41.0
20	39.05533631324615	40.0	38.0	41.0	35.0	41.0
21	39.010739747932234	40.0	38.0	41.0	35.0	41.0
22	38.96515378929095	40.0	38.0	41.0	35.0	41.0
23	38.906563311194745	40.0	38.0	41.0	35.0	41.0
24	38.784018795273354	40.0	38.0	41.0	35.0	41.0
25	38.766013082464255	40.0	38.0	41.0	35.0	41.0
26	38.72691664515714	40.0	38.0	41.0	35.0	41.0
27	38.663353943475585	40.0	38.0	41.0	35.0	41.0
28	38.58592678919283	40.0	38.0	41.0	35.0	41.0
29	38.52324331755246	40.0	38.0	41.0	34.0	41.0
30	38.42054023538157	40.0	37.0	41.0	34.0	41.0
31	38.37868541686508	40.0	37.0	41.0	34.0	41.0
32	38.301617917621265	40.0	37.0	41.0	34.0	41.0
33	38.235629913792465	40.0	37.0	41.0	34.0	41.0
34	38.16060268257617	40.0	37.0	41.0	34.0	41.0
35	38.0783822284489	40.0	36.0	41.0	34.0	41.0
36	38.010120390884744	40.0	36.0	41.0	34.0	41.0
37	37.94712308822425	39.0	36.0	41.0	33.0	41.0
38	37.97149814423716	39.0	36.0	41.0	34.0	41.0
39	38.12210823511112	39.0	35.0	41.0	34.0	41.0
>>END_MODULE
>>Per sequence quality scores	pass
#Quality	Count
9	1.0
10	0.0
11	3.0
12	10.0
13	15.0
14	41.0
15	107.0
16	212.0
17	471.0
18	971.0
19	1914.0
20	3413.0
21	6058.0
22	10317.0
23	16826.0
24	26269.0
25	41081.0
26	60712.0
27	88340.0
28	127823.0
29	179274.0
30	248890.0
31	344872.0
32	476478.0
33	665410.0
34	994992.0
35	1448614.0
36	2133609.0
37	3213150.0
38	4747110.0
39	7477770.0
40	1.8624476E7
>>END_MODULE
>>Per base sequence content	pass
#Base	G	A	T	C
1	24.70275208902327	24.328507122801632	25.59050698269151	25.37823380548358
2	24.31192644863748	24.322688742445266	25.840543451381155	25.524841357536104
3	24.815596795924026	23.756829910011252	25.26166772705954	26.165905567005183
4	25.583773862023307	23.892261944886148	24.02794674412554	26.49601744896501
5	25.12717325477722	24.45923688499361	24.216814146646485	26.19677571358269
6	24.727317165645694	24.22911042120505	24.38551786112044	26.658054552028815
7	25.455906851592147	23.93131536502556	23.709071316413898	26.90370646696839
8	25.553742108821837	23.888964787294846	24.26302898865047	26.294264115232853
9	24.936142875811726	23.772349382801995	24.41230561041353	26.87920213097275
10	25.57930325155414	24.425375635487757	23.35862602961468	26.636695083343426
11	25.290999007333532	24.695638503597614	23.973072380039202	26.040290109029655
12	24.98592600740219	24.216576243080954	24.089054768257945	26.70844298125892
13	25.639992212836756	24.225369004794185	23.367618346927895	26.767020435441168
14	25.42075963374884	24.36157261290876	23.787079624777498	26.430588128564903
15	24.88015677508397	23.988189837032657	24.288688605775267	26.842964782108105
16	25.574277436046827	24.11081462709969	23.567663289699716	26.74724464715376
17	25.388286023559566	24.220156639544747	23.941411675822312	26.45014566107338
18	24.998932561846683	23.943651478756024	24.11156658395853	26.945849375438762
19	25.489788587435307	24.111813241853273	23.498261836810954	26.900136333900466
20	25.193764366135717	24.464721526515028	24.056659885384065	26.284854221965194
21	24.83008891091753	24.04215560090855	24.343313795871513	26.78444169230241
22	25.542094005992467	24.40507748698059	23.238734459802473	26.814094047224472
23	25.53516746365902	24.452570238660954	23.795831375721832	26.216430921958196
24	25.1675330604484	24.09670845273169	23.75704756644761	26.9787109203723
25	25.56249757560995	24.201377825446457	23.11522176927858	27.120902829665017
26	25.414671520035782	24.308114598494768	23.64691043516293	26.63030344630652
27	24.950490217260697	23.995103409022096	23.927405698621	27.127000675096202
28	25.4283996808569	24.275880947370947	23.069411181372253	27.2263081903999
29	25.36585089410297	24.382926077270856	23.636692602880746	26.614530425745432
30	25.018576581773615	24.1629874851846	23.76790609157734	27.050529841464442
31	25.41452696841776	24.378089242400133	23.19347975869436	27.013904030487744
32	25.19857282097763	24.283536657604106	23.82457127885513	26.693319242563128
33	24.963445905142606	23.970470144114174	23.80322438163623	27.26285956910699
34	25.59083367087627	24.062019441007404	23.195450525406685	27.151696362709643
35	25.541263074358433	24.202210946352615	23.584778592206455	26.6717473870825
36	24.514118079818132	24.124220020067717	23.719096643583445	27.64256525653071
37	24.466971486441576	24.212030866941003	23.523847524649206	27.797150121968212
38	25.44854471978454	23.52298085535514	23.808609097157156	27.219865327703168
39	25.196886340971393	24.400195714482066	22.54026327657514	27.8626546679714
>>END_MODULE
>>Per base GC content	pass
#Base	%GC
1	50.08098589450686
2	49.83676780617358
3	50.98150236292921
4	52.07979131098831
5	51.323948968359915
6	51.38537171767451
7	52.35961331856054
8	51.848006224054686
9	51.815345006784476
10	52.21599833489756
11	51.33128911636319
12	51.6943689886611
13	52.40701264827792
14	51.85134776231375
15	51.72312155719207
16	52.32152208320059
17	51.83843168463294
18	51.94478193728544
19	52.389924921335776
20	51.47861858810091
21	51.61453060321993
22	52.35618805321693
23	51.751598385617214
24	52.14624398082071
25	52.68340040527496
26	52.04497496634231
27	52.077490892356906
28	52.654707871256804
29	51.9803813198484
30	52.06910642323807
31	52.428430998905505
32	51.891892063540766
33	52.22630547424959
34	52.74253003358591
35	52.21301046144093
36	52.15668333634884
37	52.264121608409795
38	52.668410047487704
39	53.05954100894279
>>END_MODULE
>>Per sequence GC content	pass
#GC Content	Count
0	4971.0
1	2807.5
2	644.0
3	644.0
4	777.0
5	910.0
6	1532.0
7	2154.0
8	2154.0
9	3663.0
10	5172.0
11	5172.0
12	8532.0
13	11892.0
14	22864.5
15	33837.0
16	33837.0
17	41441.0
18	49045.0
19	69446.5
20	89848.0
21	89848.0
22	126354.0
23	162860.0
24	225146.5
25	287433.0
26	287433.0
27	361199.0
28	434965.0
29	562148.5
30	689332.0
31	689332.0
32	878418.5
33	1067505.0
34	1067505.0
35	1256105.0
36	1444705.0
37	1715602.0
38	1986499.0
39	1986499.0
40	2236242.0
41	2485985.0
42	2691436.5
43	2896888.0
44	2896888.0
45	3093684.0
46	3290480.0
47	3406460.0
48	3522440.0
49	3522440.0
50	3578159.0
51	3633878.0
52	3633878.0
53	3545445.5
54	3457013.0
55	3255944.0
56	3054875.0
57	3054875.0
58	2866680.0
59	2678485.0
60	2450241.0
61	2221997.0
62	2221997.0
63	2023369.5
64	1824742.0
65	1656325.0
66	1487908.0
67	1487908.0
68	1333021.0
69	1178134.0
70	1178134.0
71	1030132.5
72	882131.0
73	765318.5
74	648506.0
75	648506.0
76	558887.5
77	469269.0
78	398965.5
79	328662.0
80	328662.0
81	276454.5
82	224247.0
83	187519.5
84	150792.0
85	150792.0
86	125058.0
87	99324.0
88	81199.5
89	63075.0
90	63075.0
91	50182.0
92	37289.0
93	37289.0
94	28662.0
95	20035.0
96	14199.5
97	8364.0
98	8364.0
99	5651.0
100	2938.0
>>END_MODULE
>>Per base N content	pass
#Base	N-Count
1	2.4426449262149027E-6
2	2.4426449262149027E-6
3	0.0
4	0.023962346726168194
5	0.0
6	0.0
7	0.0
8	0.0
9	4.3723344179246755E-4
10	1.4655869557289417E-5
11	0.0
12	5.911200721440064E-4
13	1.4411605064667925E-4
14	0.0
15	0.006404614996535474
16	0.002235020107486636
17	3.419702896700863E-5
18	2.1739539843312634E-4
19	8.549257241752159E-5
20	1.7342778976125808E-4
21	0.0014948986948435203
22	3.859378983419546E-4
23	0.0017953440207679535
24	0.0032707015562017548
25	0.002679581484057748
26	0.0032829147808328286
27	0.0033219970996522675
28	0.0051466528595348
29	0.002694237353615038
30	0.01129967542867014
31	0.003915559816722489
32	0.002068920252504022
33	0.003104601701219141
34	0.0029971253244656854
35	0.0035784748169048323
36	0.0020420511583156588
37	6.937111590450323E-4
38	0.0
39	0.0
>>END_MODULE
>>Sequence Length Distribution	pass
#Length	Count
39	4.0939229E7
>>END_MODULE
>>Sequence Duplication Levels	fail
#Total Duplicate Percentage	82.59743525270304
#Duplication Level	Relative count
1	100.0
2	50.69835765544478
3	31.356258729470692
4	22.75201078842171
5	17.46375764581226
6	14.049029523671916
7	11.8961614410249
8	10.446467273515388
9	8.837836536146028
10++	214.12608967875548
>>END_MODULE
>>Overrepresented sequences	pass
>>END_MODULE
>>Kmer Content	warn
#Sequence	Count	Obs/Exp Overall	Obs/Exp Max	Max Obs/Exp Position
AAAAA	4983600	4.20698	4.708505	11
TTCTT	4288350	3.4422305	3.9004214	11
CAGCA	4851135	3.213328	3.5056636	6
CTTCT	4447915	3.1880145	3.6741822	1
TTTTT	3369305	3.028837	3.7316632	1
TCTTC	4225545	3.0286324	3.3971884	1
>>END_MODULE
