##FastQC	0.10.1
>>Basic Statistics	pass
#Measure	Value	
Filename	Sample_5_L002_trimmed.fastq	
File type	Conventional base calls	
Encoding	Sanger / Illumina 1.9	
Total Sequences	18349377	
Filtered Sequences	0	
Sequence length	20-51	
%GC	52	
>>END_MODULE
>>Per base sequence quality	pass
#Base	Mean	Median	Lower Quartile	Upper Quartile	10th Percentile	90th Percentile
1	32.32289357834873	33.0	31.0	34.0	30.0	34.0
2	32.530980697600796	34.0	31.0	34.0	30.0	34.0
3	32.61032617074683	34.0	31.0	34.0	31.0	34.0
4	35.96923960960636	37.0	35.0	37.0	35.0	37.0
5	36.072766067207624	37.0	35.0	37.0	35.0	37.0
6	35.95439131257699	37.0	35.0	37.0	35.0	37.0
7	35.92258015081384	37.0	35.0	37.0	35.0	37.0
8	35.91253806600627	37.0	35.0	37.0	35.0	37.0
9	37.60417953154486	39.0	37.0	39.0	35.0	39.0
10	37.635572041492196	39.0	37.0	39.0	35.0	39.0
11	37.64581772994255	39.0	37.0	39.0	35.0	39.0
12	37.6082110580648	39.0	37.0	39.0	35.0	39.0
13	37.50081280688712	39.0	37.0	39.0	34.0	39.0
14	38.836977734993404	40.0	38.0	41.0	34.0	41.0
15	38.809368405259754	40.0	38.0	41.0	34.0	41.0
16	38.781899516261504	40.0	38.0	41.0	34.0	41.0
17	38.77031770615427	40.0	38.0	41.0	34.0	41.0
18	38.76513753028237	40.0	38.0	41.0	34.0	41.0
19	38.79708509994644	40.0	38.0	41.0	34.0	41.0
20	38.71382810435472	40.0	38.0	41.0	34.0	41.0
21	38.718215631455806	40.0	38.0	41.0	34.0	41.0
22	38.72517772796064	40.0	38.0	41.0	34.0	41.0
23	38.70337277830339	40.0	38.0	41.0	34.0	41.0
24	38.67847706819687	40.0	38.0	41.0	34.0	41.0
25	38.646992500560174	40.0	38.0	41.0	34.0	41.0
26	38.58879523725895	40.0	38.0	41.0	34.0	41.0
27	38.53497046683711	40.0	38.0	41.0	34.0	41.0
28	38.48974463471024	40.0	38.0	41.0	34.0	41.0
29	38.44341932850964	40.0	38.0	41.0	34.0	41.0
30	38.410188960119825	40.0	38.0	41.0	34.0	41.0
31	38.36908348843751	40.0	38.0	41.0	34.0	41.0
32	38.31638096407595	40.0	38.0	41.0	33.0	41.0
33	38.25332836431928	40.0	38.0	41.0	33.0	41.0
34	38.20555383619995	40.0	38.0	41.0	33.0	41.0
35	38.13784152577575	40.0	38.0	41.0	33.0	41.0
36	37.94154866956395	40.0	37.0	41.0	33.0	41.0
37	37.94924220133512	40.0	37.0	41.0	33.0	41.0
38	37.91333556030151	40.0	37.0	41.0	33.0	41.0
39	37.84657956888618	40.0	37.0	41.0	33.0	41.0
40	37.775005467810544	40.0	37.0	41.0	33.0	41.0
41	37.7169356832562	40.0	36.0	41.0	32.0	41.0
42	37.587961729885144	40.0	36.0	41.0	32.0	41.0
43	37.55585369705609	40.0	36.0	41.0	32.0	41.0
44	37.48480165103851	40.0	36.0	41.0	32.0	41.0
45	37.41830674833681	39.0	35.0	41.0	32.0	41.0
46	37.345299612169605	39.0	35.0	41.0	32.0	41.0
47	37.26798481598171	39.0	35.0	41.0	32.0	41.0
48	37.19965076676299	39.0	35.0	41.0	31.0	41.0
49	37.101366976487775	39.0	35.0	41.0	31.0	41.0
50	37.08996238971805	39.0	35.0	41.0	31.0	41.0
51	37.25094488622261	39.0	35.0	41.0	32.0	41.0
>>END_MODULE
>>Per sequence quality scores	pass
#Quality	Count
11	8.0
12	27.0
13	64.0
14	173.0
15	277.0
16	639.0
17	1128.0
18	2003.0
19	3573.0
20	6652.0
21	11900.0
22	19578.0
23	31423.0
24	48210.0
25	69661.0
26	97643.0
27	129269.0
28	165128.0
29	206427.0
30	252626.0
31	308921.0
32	380928.0
33	479886.0
34	634383.0
35	869883.0
36	1270751.0
37	1948389.0
38	3132534.0
39	8004519.0
40	272763.0
41	11.0
>>END_MODULE
>>Per base sequence content	fail
#Base	G	A	T	C
1	37.04374486535728	10.101448323734123	11.45499249791342	41.39981431299516
2	25.356979636244652	11.50595611859287	30.60569504145266	32.53136920370982
3	24.035332221108252	16.458075414615582	20.88027099749935	38.62632136677682
4	26.19421356921273	23.1643123360537	18.59297457346917	32.048499521264404
5	27.493725127219587	26.311690381187898	21.79237048714899	24.40221400444353
6	25.776820924316375	29.18882598236832	21.409624054544643	23.62472903877066
7	20.308782145573662	24.196009488496532	34.48250586382306	21.012702502106748
8	23.141357878253853	21.72641610666128	28.449608943126513	26.682617071958354
9	22.883910445569896	19.987763072283055	29.58373464123605	27.544591840911004
10	23.062248925399484	31.92220640515479	23.663010466240898	21.35253420320483
11	26.919191861391262	25.57558766164105	20.67340487908663	26.83181559788106
12	25.468472308351398	22.056405511751162	24.279549109487476	28.195573070409964
13	24.76345514566328	24.303608395577964	25.136399748569076	25.796536710189677
14	24.42749684934773	24.101142409482613	25.37808508464185	26.09327565652781
15	25.082211300741065	23.690026732808107	24.59090269237139	26.636859274079434
16	25.6810953309205	23.91120962853398	23.722374879539508	26.68532016100601
17	25.22497365168539	24.32773308687257	23.879614184050233	26.56767907739181
18	25.084968834088357	24.123813481385607	23.848414455533227	26.942803228992812
19	25.4828025477707	23.979612384618004	23.53913416669505	26.998450900916243
20	25.632185123283787	23.804792883374972	24.09341856495143	26.46960342838981
21	25.252146650231506	23.73121122392964	23.89905282723853	27.117589298600326
22	25.65719715999302	24.501452381613085	23.138131056553448	26.703219401840446
23	25.398638206837298	24.656832299575957	23.593544451130967	26.350985042455775
24	25.288642409765792	24.212388980909225	23.53755521333723	26.961413395987755
25	25.754665117004897	24.32447159600998	23.118856486633213	26.8020068003519
26	25.51715438812922	24.284304984503997	23.49017520960764	26.70836541775914
27	25.287061686657648	23.939124361917628	23.744088919309476	27.02972503211525
28	25.78305291899169	24.18412679144308	23.260382739267715	26.772437550297518
29	25.499525810427997	24.12987591916707	23.641918936810917	26.728679333594012
30	25.288727502112984	23.950477208959654	23.584992515129464	27.175802773797898
31	25.706231103965326	24.127292646056517	23.216389087922266	26.95008716205589
32	25.304631116213905	24.34745900063699	23.790886219027843	26.55702366412126
33	25.218769401014164	23.96737837459485	23.835835332196726	26.978016892194262
34	25.71137189458271	24.36754919547597	23.077688607250707	26.843390302690608
35	25.67999106939413	24.34760546490101	23.523383142672333	26.449020323032524
36	25.669436876002262	23.988554601468543	23.177298410194226	27.164710112334973
37	25.80250708429892	24.191613262091984	22.836684006631156	27.16919564697794
38	25.540788158323206	24.22195878400381	23.351117236767006	26.886135820905977
39	25.365475358792438	23.94787496226147	23.35683868138566	27.329810997560433
40	25.60996128058183	24.305604337249367	22.87097266776676	27.213461714402037
41	25.459243674694342	24.25114329581413	23.425762868205886	26.86385016128564
42	25.3872859345354	24.102527186729994	23.23625145143648	27.27393542729813
43	25.633963937507243	24.350249882474564	22.94878820564156	27.066997974376626
44	25.292610579360797	24.21001881672812	23.56990203982467	26.927468564086414
45	25.31032753962946	23.914875654684728	23.328371111207332	27.44642569447848
46	25.9106446504051	24.036562959842513	22.921889437675897	27.130902952076486
47	25.779451879252097	24.153651720488252	23.23351165920937	26.83338474105029
48	24.984912033350746	24.10649653188083	23.363531807011523	27.545059627756903
49	24.96785623204019	24.180178271089563	23.074590605073	27.77737489179725
50	26.08885061013656	23.381938953541013	23.325907391659346	27.203303044663084
51	25.502953903648653	24.39034027846074	22.429108654012765	27.67759716387784
>>END_MODULE
>>Per base GC content	fail
#Base	%GC
1	78.44355917835244
2	57.888348839954475
3	62.66165358788507
4	58.242713090477125
5	51.89593913166311
6	49.401549963087035
7	41.32148464768041
8	49.82397495021221
9	50.42850228648091
10	44.41478312860431
11	53.75100745927233
12	53.66404537876136
13	50.55999185585296
14	50.52077250587554
15	51.719070574820506
16	52.36641549192651
17	51.79265272907719
18	52.027772063081166
19	52.48125344868695
20	52.101788551673586
21	52.36973594883183
22	52.36041656183347
23	51.74962324929307
24	52.25005580575355
25	52.5566719173568
26	52.22551980588837
27	52.3167867187729
28	52.555490469289204
29	52.22820514402201
30	52.46453027591088
31	52.656318266021216
32	51.861654780335165
33	52.19678629320843
34	52.55476219727332
35	52.12901139242665
36	52.834146988337224
37	52.97170273127686
38	52.42692397922918
39	52.69528635635287
40	52.82342299498387
41	52.32309383597998
42	52.66122136183353
43	52.70096191188387
44	52.22007914344721
45	52.75675323410795
46	53.041547602481586
47	52.61283662030238
48	52.529971661107645
49	52.74523112383744
50	53.29215365479965
51	53.180551067526494
>>END_MODULE
>>Per sequence GC content	pass
#GC Content	Count
0	15443.0
1	13179.5
2	6989.0
3	2789.0
4	2455.5
5	2260.5
6	1921.5
7	1448.0
8	1145.5
9	1210.5
10	1327.0
11	1649.5
12	1998.0
13	2603.0
14	3242.5
15	4443.5
16	5694.0
17	7710.5
18	9903.5
19	13385.0
20	16861.0
21	22654.0
22	28488.5
23	35874.5
24	43747.5
25	53877.0
26	78098.0
27	93437.0
28	118388.5
29	143720.5
30	174653.5
31	205716.0
32	243618.5
33	281609.5
34	334279.0
35	389146.0
36	455920.0
37	521028.0
38	589273.5
39	660458.0
40	738469.5
41	815703.0
42	884040.0
43	950806.5
44	1023545.0
45	1097231.5
46	1138765.5
47	1178135.0
48	1210124.5
49	1242129.5
50	1251949.0
51	1261087.5
52	1261228.5
53	1260627.5
54	1232126.0
55	1202777.5
56	1155598.0
57	1108041.5
58	1044271.5
59	979207.0
60	917594.0
61	856878.0
62	803472.5
63	750209.5
64	697676.0
65	645372.0
66	603636.0
67	562473.5
68	508911.0
69	454697.0
70	416137.0
71	378209.5
72	338979.5
73	299181.0
74	268389.0
75	214413.0
76	188046.5
77	165483.5
78	143252.5
79	124838.5
80	106846.0
81	92893.0
82	78879.5
83	68604.5
84	58678.0
85	51036.5
86	43346.5
87	37070.5
88	30949.5
89	25808.5
90	20752.5
91	16958.5
92	13249.0
93	10418.5
94	7563.5
95	5775.0
96	4044.0
97	2958.5
98	1819.5
99	1192.0
100	703.0
>>END_MODULE
>>Per base N content	pass
#Base	N-Count
1	0.07163730953917401
2	5.994753936332552E-5
3	0.0031227218231986843
4	0.0
5	5.449776305756866E-6
6	0.004419768583968818
7	0.0
8	0.0
9	0.0
10	0.0
11	0.0
12	0.0
13	1.63493289172706E-5
14	1.0899552611513732E-5
15	7.629686828059612E-5
16	0.0
17	3.26986578345412E-5
18	1.0899552611513732E-5
19	1.0899552611513732E-5
20	2.724888152878433E-5
21	9.156399145751562E-4
22	4.9066001404378E-5
23	6.052183562400302E-4
24	0.001717909638825587
25	9.436207853150352E-4
26	1.6912832950257667E-4
27	0.012708596413283773
28	0.006980578763660362
29	0.002123476964805744
30	0.009948258137533195
31	4.96974164606909E-4
32	0.0013383176287677329
33	0.00833207714749454
34	9.563782752608604E-4
35	0.010741157936182435
36	0.012324294733485487
37	0.006289466401670482
38	0.005525477869038734
39	0.014923511667017546
40	0.008299575248980414
41	0.007142178761066406
42	0.019623675997980403
43	0.008941502223938112
44	0.0031068401147071717
45	0.003928668350114792
46	0.00655838256200904
47	0.006785689991853854
48	0.005347419115214569
49	0.018852661922666047
50	0.0
51	0.0
>>END_MODULE
>>Sequence Length Distribution	warn
#Length	Count
20	1553.0
21	5184.0
22	2152.0
23	4250.0
24	2602.0
25	4359.0
26	3099.0
27	3915.0
28	3251.0
29	4248.0
30	3953.0
31	4245.0
32	3807.0
33	4560.0
34	4082.0
35	5038.0
36	4539.0
37	5578.0
38	5783.0
39	7184.0
40	8261.0
41	14465.0
42	13670.0
43	11732.0
44	18316.0
45	24338.0
46	93043.0
47	335291.0
48	396544.0
49	65434.0
50	202421.0
51	1.708248E7
>>END_MODULE
>>Sequence Duplication Levels	fail
#Total Duplicate Percentage	69.31422454285277
#Duplication Level	Relative count
1	100.0
2	40.254026114568056
3	20.609719631491263
4	13.451707983881303
5	9.346566233322417
6	7.495479075595552
7	6.0587506585598545
8	5.188739694428228
9	4.424098306967207
10++	77.95355195147305
>>END_MODULE
>>Overrepresented sequences	pass
>>END_MODULE
>>Kmer Content	warn
#Sequence	Count	Obs/Exp Overall	Obs/Exp Max	Max Obs/Exp Position
AAAAA	3247460	5.193153	8.345559	10
TTCTT	2571235	3.5459728	6.4516654	6
TTTTT	2199645	3.5154533	4.813749	11
CTTCT	2744150	3.2656262	5.437762	5
CAGCA	2861755	3.1530046	4.431743	9
TCTTC	2529465	3.010144	5.590839	7
TCTTG	1928305	2.4614985	5.1453195	7
CTCCT	2249300	2.3097816	7.352266	1
TCCTC	2083535	2.1395593	5.031614	2
TTGAA	1408030	2.0834079	6.0753846	7
CTCCA	1991030	2.0448105	7.3802485	1
GCCAG	1970195	2.0089993	6.14133	1
TCCAG	1774095	1.9544177	5.4619203	2
GGCAG	1781680	1.9487925	5.2591	1
GTCCA	1389410	1.5306325	5.383031	1
>>END_MODULE
