##FastQC	0.10.1
>>Basic Statistics	pass
#Measure	Value	
Filename	Sample_1_L001_poly_any.fastq	
File type	Conventional base calls	
Encoding	Sanger / Illumina 1.9	
Total Sequences	77247	
Filtered Sequences	0	
Sequence length	20-39	
%GC	53	
>>END_MODULE
>>Per base sequence quality	pass
#Base	Mean	Median	Lower Quartile	Upper Quartile	10th Percentile	90th Percentile
1	37.6237394332466	39.0	37.0	39.0	35.0	39.0
2	38.981280826439864	41.0	38.0	41.0	35.0	41.0
3	38.952321773013836	40.0	38.0	41.0	35.0	41.0
4	38.886636374228125	40.0	38.0	41.0	35.0	41.0
5	38.914883425893564	40.0	38.0	41.0	35.0	41.0
6	38.910456069491374	40.0	38.0	41.0	35.0	41.0
7	38.941266327494915	40.0	39.0	41.0	35.0	41.0
8	38.92940826180952	40.0	38.0	41.0	35.0	41.0
9	38.90068222714151	40.0	38.0	41.0	35.0	41.0
10	38.79682058850182	40.0	38.0	41.0	34.0	41.0
11	38.798141028130544	40.0	38.0	41.0	34.0	41.0
12	38.81042629487229	40.0	38.0	41.0	34.0	41.0
13	38.80146801817546	40.0	38.0	41.0	35.0	41.0
14	38.77446373321941	40.0	38.0	41.0	34.0	41.0
15	38.70767796807643	40.0	38.0	41.0	34.0	41.0
16	38.6914054914754	40.0	38.0	41.0	34.0	41.0
17	38.62600489339392	40.0	38.0	41.0	34.0	41.0
18	38.60617240798995	40.0	38.0	41.0	34.0	41.0
19	38.53029891128458	40.0	38.0	41.0	34.0	41.0
20	38.51068649915207	40.0	38.0	41.0	34.0	41.0
21	38.45336527819373	40.0	38.0	41.0	34.0	41.0
22	38.4113580117587	40.0	38.0	41.0	34.0	41.0
23	38.33761837651305	40.0	38.0	41.0	34.0	41.0
24	38.27787861524398	40.0	38.0	41.0	33.0	41.0
25	38.22596083345553	40.0	37.0	41.0	33.0	41.0
26	38.1631798039479	40.0	37.0	41.0	33.0	41.0
27	38.094825254273964	40.0	37.0	41.0	33.0	41.0
28	38.01698401024216	40.0	37.0	41.0	33.0	41.0
29	37.90404490989198	40.0	37.0	41.0	33.0	41.0
30	37.82993920972645	40.0	37.0	41.0	33.0	41.0
31	37.77986300607006	40.0	36.0	41.0	33.0	41.0
32	37.668618201218656	40.0	36.0	41.0	33.0	41.0
33	37.59616796566136	40.0	36.0	41.0	33.0	41.0
34	37.53380569404168	39.0	35.0	41.0	33.0	41.0
35	37.44451060121987	39.0	35.0	41.0	32.0	41.0
36	37.31745817593092	39.0	35.0	41.0	32.0	41.0
37	37.20994320826739	39.0	35.0	41.0	32.0	41.0
38	37.172680412371136	39.0	35.0	41.0	32.0	41.0
39	37.27136554017329	39.0	35.0	41.0	32.0	41.0
>>END_MODULE
>>Per sequence quality scores	pass
#Quality	Count
13	2.0
14	1.0
15	1.0
16	2.0
17	5.0
18	10.0
19	16.0
20	37.0
21	65.0
22	95.0
23	139.0
24	182.0
25	246.0
26	330.0
27	402.0
28	544.0
29	724.0
30	835.0
31	1111.0
32	1370.0
33	1642.0
34	2216.0
35	3053.0
36	4220.0
37	5919.0
38	8424.0
39	13001.0
40	32639.0
41	16.0
>>END_MODULE
>>Per base sequence content	pass
#Base	G	A	T	C
1	24.913588877237952	24.107085064792162	24.97313811539607	26.00618794257382
2	25.278651598120316	24.499333307442363	24.23653993035328	25.985475164084043
3	25.79258741439797	24.33751472549096	23.79898248475669	26.07091537535438
4	26.253446735795567	23.85076443098114	23.48181806413194	26.413970769091357
5	26.202959338226727	24.077310445713103	23.21514104107603	26.504589174984144
6	26.231439408650175	23.371781428404987	22.9924786723109	27.404300490633943
7	26.376428858078633	23.27080663326731	22.68567064093104	27.66709386772302
8	26.095511799810993	23.66952761919557	23.423563374629435	26.811397206364003
9	26.580967545665203	22.84231102826	23.27210118192292	27.304620244151877
10	26.760909808795162	23.602211089103783	22.522557510324027	27.114321591777024
11	25.64371431900268	23.972452004608595	23.40932333941771	26.974510336971015
12	26.139526454101773	23.582792859269617	23.014485999456287	27.263194687172316
13	26.164122878558388	23.865004466192865	22.943285823397673	27.027586831851075
14	25.97641332349476	23.393788755550375	23.35495229588204	27.274845625072818
15	25.555685010421115	23.071446140303184	23.332944968736648	28.039923880539053
16	26.358305176900075	23.559490983468613	22.45653552888785	27.62566831074346
17	26.6728805002136	23.281163022512203	23.001540512900178	27.044415964374018
18	25.890973112224426	23.123228086527632	22.807358214558494	28.17844058668945
19	26.58744028894326	22.979533185754786	23.000245964244566	27.432780561057385
20	25.8883840149132	23.71354227348635	23.415796082695767	26.982277628904683
21	26.217789294131432	23.49639969270433	23.19170822536752	27.094102787796714
22	26.28684413832838	24.05295342350954	22.349382602888607	27.310819835273474
23	26.466288213057965	23.460611408927466	23.137916046520818	26.93518433149375
24	26.204639701108917	23.599941705639978	23.08721631182183	27.10820228142927
25	26.384759974937676	23.671896871208993	22.545425459587005	27.397917694266326
26	26.46166241439506	23.308714918759232	22.936753054921443	27.292869611924264
27	25.977872754814975	23.293118372646614	22.95769314001298	27.771315732525427
28	26.832556999264522	23.47389065947536	22.31211353545259	27.381438805807523
29	26.552012847084015	23.35671246414209	22.906515502971576	27.184759185802328
30	26.012710693561758	23.260569218016027	22.9801050013816	27.74661508704062
31	26.937962911399456	23.261123795734253	22.68613911009634	27.114774182769953
32	26.818858282088005	23.02108780501502	23.01406789655463	27.14598601634235
33	26.563029481531686	23.22235400429233	22.411894273127754	27.802722241048233
34	26.970272702598457	23.17757810379555	21.833349999285744	28.018799194320245
35	26.983735114725533	23.24716816729596	22.06070287539936	27.70839384257915
36	26.101816873538407	23.20411344966121	21.976374647718412	28.71769502908197
37	26.68280420817429	22.806690872978926	21.788784408652205	28.721720510194583
38	28.018468155081905	21.21782303459617	21.356966668774906	29.406742141547028
39	26.77846340761582	23.36701090258017	21.46305591968539	28.391469770118615
>>END_MODULE
>>Per base GC content	pass
#Base	%GC
1	50.919776819811766
2	51.264126762204356
3	51.86350278975236
4	52.66741750488693
5	52.70754851321087
6	53.63573989928412
7	54.04352272580165
8	52.906909006175
9	53.88558778981708
10	53.87523140057219
11	52.6182246559737
12	53.40272114127409
13	53.19170971040946
14	53.25125894856758
15	53.595608890960165
16	53.98397348764353
17	53.71729646458762
18	54.06941369891387
19	54.02022085000064
20	52.87066164381788
21	53.31189208192815
22	53.59766397360185
23	53.40147254455172
24	53.312841982538195
25	53.782677669204006
26	53.754532026319325
27	53.749188487340405
28	54.213995805072045
29	53.736772032886336
30	53.759325780602374
31	54.0527370941694
32	53.96484429843035
33	54.365751722579915
34	54.98907189691871
35	54.692128957304675
36	54.81951190262038
37	55.40452471836886
38	57.425210296628926
39	55.16993317773444
>>END_MODULE
>>Per sequence GC content	pass
#GC Content	Count
0	12.0
1	13.0
2	8.0
3	2.0
4	2.0
5	2.0
6	1.5
7	2.0
8	3.0
9	5.0
10	6.5
11	5.5
12	9.5
13	15.5
14	25.0
15	37.0
16	45.0
17	58.0
18	73.0
19	99.0
20	124.5
21	136.5
22	170.0
23	206.0
24	283.5
25	360.0
26	379.0
27	506.0
28	649.0
29	807.0
30	955.5
31	991.0
32	1212.5
33	1456.0
34	1538.0
35	1937.5
36	2328.0
37	2744.5
38	3180.5
39	3285.5
40	3810.0
41	4321.0
42	4784.5
43	5300.0
44	5434.5
45	5860.5
46	6241.0
47	6536.5
48	6846.5
49	6865.0
50	7039.5
51	7218.5
52	7270.0
53	7347.0
54	7385.5
55	7082.0
56	6725.0
57	6641.0
58	6370.0
59	6103.0
60	5588.0
61	5045.5
62	4943.0
63	4499.5
64	4072.0
65	3686.5
66	3323.0
67	3275.0
68	2946.0
69	2609.5
70	2547.5
71	2273.0
72	1968.0
73	1687.5
74	1444.5
75	1430.5
76	1272.5
77	1103.0
78	909.0
79	723.0
80	699.5
81	611.5
82	532.5
83	443.5
84	354.0
85	345.5
86	312.5
87	279.0
88	218.0
89	157.0
90	150.5
91	125.5
92	103.5
93	104.5
94	79.0
95	52.5
96	38.5
97	25.0
98	23.0
99	15.0
100	9.0
>>END_MODULE
>>Per base N content	pass
#Base	N-Count
1	0.0
2	0.0
3	0.0
4	0.0
5	0.0
6	0.0
7	0.0
8	0.0
9	0.0
10	0.0
11	0.0
12	0.0
13	0.0
14	0.0
15	0.0
16	0.0
17	0.0
18	0.0
19	0.0
20	0.0
21	0.0
22	0.0
23	0.0
24	0.0
25	0.0
26	0.0
27	0.0
28	0.0
29	0.0
30	0.0
31	0.0
32	0.0
33	0.0
34	0.0
35	0.0
36	0.0
37	0.0
38	0.0
39	0.0
>>END_MODULE
>>Sequence Length Distribution	warn
#Length	Count
20	448.0
21	430.0
22	446.0
23	444.0
24	466.0
25	543.0
26	534.0
27	514.0
28	565.0
29	477.0
30	552.0
31	602.0
32	402.0
33	821.0
34	1143.0
35	2152.0
36	2262.0
37	1202.0
38	690.0
39	62554.0
>>END_MODULE
>>Sequence Duplication Levels	warn
#Total Duplicate Percentage	28.61119022344198
#Duplication Level	Relative count
1	100.0
2	12.501586725904433
3	2.3592347447638047
4	0.6600779762444464
5	0.29377096744945147
6	0.09973705685012241
7	0.07072264031190498
8	0.029014416538217427
9	0.016320609302747303
10++	0.1341916764892556
>>END_MODULE
>>Overrepresented sequences	pass
>>END_MODULE
>>Kmer Content	warn
#Sequence	Count	Obs/Exp Overall	Obs/Exp Max	Max Obs/Exp Position
AGCAG	7060	2.624217	7.6745434	5
CAAAA	3910	1.824701	8.068718	1
AAGCA	4265	1.7763315	7.3408556	4
GCAGG	5100	1.6918243	6.0696545	6
AAAAG	3305	1.6031941	8.305528	2
AAAGC	3555	1.4806234	7.061204	3
>>END_MODULE
