##FastQC	0.10.1
>>Basic Statistics	pass
#Measure	Value	
Filename	Sample_8_L001_poly.fastq	
File type	Conventional base calls	
Encoding	Sanger / Illumina 1.9	
Total Sequences	11509246	
Filtered Sequences	0	
Sequence length	35-39	
%GC	55	
>>END_MODULE
>>Per base sequence quality	pass
#Base	Mean	Median	Lower Quartile	Upper Quartile	10th Percentile	90th Percentile
1	37.690671830283236	39.0	38.0	39.0	35.0	39.0
2	39.071585836291966	41.0	39.0	41.0	36.0	41.0
3	39.033712373512564	41.0	38.0	41.0	36.0	41.0
4	38.97454142521587	40.0	38.0	41.0	35.0	41.0
5	38.98083375748507	40.0	38.0	41.0	35.0	41.0
6	38.97910705879429	40.0	38.0	41.0	35.0	41.0
7	39.0158804495099	40.0	39.0	41.0	35.0	41.0
8	38.998040879480726	40.0	39.0	41.0	35.0	41.0
9	38.962384677501895	40.0	39.0	41.0	35.0	41.0
10	38.85852444200081	40.0	38.0	41.0	35.0	41.0
11	38.86687555379388	40.0	38.0	41.0	35.0	41.0
12	38.892354546944254	40.0	38.0	41.0	35.0	41.0
13	38.865025215379006	40.0	38.0	41.0	35.0	41.0
14	38.808424548402215	40.0	38.0	41.0	35.0	41.0
15	38.75557503940745	40.0	38.0	41.0	35.0	41.0
16	38.72329116955186	40.0	38.0	41.0	35.0	41.0
17	38.67398611516341	40.0	38.0	41.0	34.0	41.0
18	38.63946117756107	40.0	38.0	41.0	34.0	41.0
19	38.5602613759407	40.0	38.0	41.0	34.0	41.0
20	38.51688425114903	40.0	38.0	41.0	34.0	41.0
21	38.46385080308475	40.0	38.0	41.0	34.0	41.0
22	38.406853324709544	40.0	38.0	41.0	34.0	41.0
23	38.3332472865729	40.0	38.0	41.0	34.0	41.0
24	38.26890293247707	40.0	38.0	41.0	33.0	41.0
25	38.19848884974741	40.0	37.0	41.0	33.0	41.0
26	38.128803659249265	40.0	37.0	41.0	33.0	41.0
27	38.03838331372881	40.0	37.0	41.0	33.0	41.0
28	37.92718914862016	40.0	37.0	41.0	33.0	41.0
29	37.83494487823094	40.0	36.0	41.0	33.0	41.0
30	37.74014640055482	40.0	36.0	41.0	33.0	41.0
31	37.66762774902891	40.0	36.0	41.0	33.0	41.0
32	37.566118840452276	39.0	35.0	41.0	33.0	41.0
33	37.486325168477585	39.0	35.0	41.0	33.0	41.0
34	37.391687344244794	39.0	35.0	41.0	32.0	41.0
35	37.28520582495152	39.0	35.0	41.0	32.0	41.0
36	37.176246400845116	39.0	35.0	41.0	32.0	41.0
37	37.06936568597782	39.0	35.0	41.0	32.0	41.0
38	37.02463263344951	39.0	35.0	41.0	32.0	41.0
39	37.121942934136364	38.0	35.0	41.0	32.0	41.0
>>END_MODULE
>>Per sequence quality scores	pass
#Quality	Count
10	5.0
11	6.0
12	29.0
13	79.0
14	165.0
15	329.0
16	624.0
17	1093.0
18	1844.0
19	3218.0
20	5229.0
21	8213.0
22	12675.0
23	18091.0
24	25762.0
25	35201.0
26	47195.0
27	61899.0
28	79589.0
29	99853.0
30	125778.0
31	156260.0
32	195942.0
33	249563.0
34	338146.0
35	460359.0
36	652917.0
37	943858.0
38	1342238.0
39	2031443.0
40	4609255.0
41	2388.0
>>END_MODULE
>>Per base sequence content	pass
#Base	G	A	T	C
1	25.925034533104952	23.26860508498993	23.80565156049319	27.000708821411934
2	25.599044455214532	23.033107468551805	24.129426028429666	27.238422047804
3	26.20203790934697	22.59012449642661	23.281360047391463	27.926477546834956
4	26.913657071888114	22.748171339808014	22.363324235141032	27.97484735316284
5	26.459100796003494	23.021586296791295	22.579585143979024	27.93972776322619
6	26.396368623974155	22.67472604200136	22.470820416906545	28.458084917117944
7	26.878511415952012	22.653621271106726	21.97494084321423	28.49292646972704
8	27.086014148972055	22.415021800733083	22.48598213992472	28.01298191037015
9	26.505098596380684	22.3156060787996	22.62963186293872	28.549663461880996
10	27.237240389161897	23.065472751212372	21.62730729710704	28.069979562518693
11	26.83195754091971	23.25694489456564	22.1603656746932	27.750731889821452
12	26.733523638299157	22.737406082031786	22.14403098169941	28.385039297969648
13	27.135626434607445	22.953892896198415	21.574167412878307	28.336313256315837
14	26.956083830339537	22.854199136937382	22.09178603011874	28.097931002604344
15	26.520347206063715	22.53277060895214	22.505696724181583	28.441185460802558
16	27.090454057546427	22.65125795382252	21.825365449656736	28.432922538974314
17	26.82335576109851	22.786140812352087	22.160270099361853	28.23023332718755
18	26.522076250694443	22.52391685780285	22.310992396895504	28.643014494607204
19	27.08802123093033	22.685221951116517	21.717356636568546	28.509400181384603
20	26.570168019694773	23.033446326544762	22.417967258671855	27.97841839508861
21	26.433677757865286	22.57714362869644	22.552763230536563	28.436415382901714
22	27.029815854140228	22.9704795605203	21.69484430170317	28.3048602836363
23	26.903248049437817	23.029084615968763	22.160808796683988	27.906858537909436
24	26.74766009867197	22.592062069053004	22.099371235961073	28.560906596313956
25	27.165506758653002	22.719490051737534	21.469225699059695	28.645777490549772
26	26.791346713763875	22.875999001150902	22.014413455060392	28.318240830024834
27	26.602394283691567	22.608631356041915	22.118660075560122	28.6703142847064
28	26.888068949086673	22.95037398627156	21.48819305799876	28.67336400664301
29	26.76262198236096	22.90471504388732	22.145872978994454	28.186789994757262
30	26.682199685366008	22.63363733818879	21.850327988471182	28.833834987974015
31	27.083355417027317	22.993852073367798	21.462987236522704	28.459805273082182
32	26.73464447627586	22.747232963827518	22.10525346317213	28.412869096724496
33	26.5848605547227	22.475755579470626	22.06816154594315	28.871222319863527
34	27.417182672088163	22.55722051644391	21.43436676911763	28.591230042350297
35	27.510942072139215	22.503420293562236	21.370287853782948	28.615349780515597
36	26.51399796593623	22.2615647117849	21.5530688811862	29.67136844109267
37	26.96026327915969	22.090975800212323	21.070509719904575	29.878251200723412
38	28.751215333128314	20.646707788182162	20.66247935862782	29.9395975200617
39	27.45353876313664	22.31328463564824	20.35805241222488	29.87512418899024
>>END_MODULE
>>Per base GC content	pass
#Base	%GC
1	52.92574335451688
2	52.837466503018526
3	54.12851545618192
4	54.888504425050954
5	54.398828559229685
6	54.8544535410921
7	55.37143788567904
8	55.0989960593422
9	55.05476205826167
10	55.30721995168059
11	54.58268943074116
12	55.1185629362688
13	55.47193969092328
14	55.05401483294388
15	54.961532666866276
16	55.52337659652075
17	55.05358908828606
18	55.16509074530165
19	55.59742141231493
20	54.54858641478339
21	54.870093140767
22	55.334676137776526
23	54.81010658734725
24	55.30856669498593
25	55.81128424920278
26	55.109587543788706
27	55.27270856839797
28	55.561432955729686
29	54.949411977118224
30	55.51603467334003
31	55.543160690109495
32	55.14751357300035
33	55.45608287458622
34	56.008412714438464
35	56.12629185265481
36	56.1853664070289
37	56.83851447988311
38	58.690812853190025
39	57.328662952126884
>>END_MODULE
>>Per sequence GC content	pass
#GC Content	Count
0	1585.0
1	881.0
2	177.0
3	177.0
4	195.5
5	214.0
6	303.5
7	393.5
8	394.0
9	566.5
10	748.5
11	758.0
12	1217.0
13	1725.5
14	2704.5
15	3688.5
16	3766.5
17	4914.5
18	6174.5
19	9041.5
20	11804.0
21	11940.5
22	16149.0
23	20296.0
24	28422.5
25	36570.0
26	37231.0
27	48593.5
28	59581.0
29	80453.5
30	101946.0
31	103035.5
32	140793.5
33	180282.5
34	182496.0
35	215317.0
36	250189.0
37	306824.0
38	364383.5
39	370775.5
40	434088.5
41	498513.0
42	566199.0
43	632849.5
44	639636.0
45	713059.5
46	785242.0
47	853071.5
48	918614.0
49	921309.0
50	970292.5
51	1018311.5
52	1020042.0
53	1036913.5
54	1054553.5
55	1030449.5
56	1002180.5
57	996252.5
58	960294.0
59	925047.5
60	864649.0
61	804169.0
62	802080.5
63	741946.0
64	676560.5
65	619643.5
66	567085.0
67	563372.5
68	506141.5
69	449979.0
70	446178.5
71	394299.0
72	342673.0
73	303060.0
74	263442.5
75	260927.5
76	225677.0
77	189632.0
78	164118.5
79	138832.5
80	136479.0
81	116716.5
82	97064.0
83	82295.0
84	68353.5
85	67268.0
86	57182.0
87	47733.0
88	40008.5
89	32411.0
90	32197.0
91	25975.5
92	19968.0
93	19570.0
94	15379.5
95	11587.0
96	8431.0
97	5275.0
98	5275.0
99	3615.0
100	1955.0
>>END_MODULE
>>Per base N content	pass
#Base	N-Count
1	0.0
2	0.0
3	0.0
4	0.0
5	0.0
6	0.0
7	0.0
8	0.0
9	0.0
10	0.0
11	0.0
12	0.0
13	0.0
14	0.0
15	0.0
16	0.0
17	0.0
18	0.0
19	0.0
20	0.0
21	0.0
22	0.0
23	0.0
24	0.0
25	0.0
26	0.0
27	0.0
28	0.0
29	0.0
30	0.0
31	0.0
32	0.0
33	0.0
34	0.0
35	0.0
36	0.0
37	0.0
38	0.0
39	0.0
>>END_MODULE
>>Sequence Length Distribution	warn
#Length	Count
35	331622.0
36	342281.0
37	208627.0
38	114512.0
39	1.0512204E7
>>END_MODULE
>>Sequence Duplication Levels	fail
#Total Duplicate Percentage	76.4793792760769
#Duplication Level	Relative count
1	100.0
2	43.84029120691616
3	23.806815411866033
4	15.468742382631588
5	11.443521783642362
6	9.121341631863757
7	7.390675528543803
8	6.319775094658498
9	5.489380372783853
10++	102.1271755204186
>>END_MODULE
>>Overrepresented sequences	pass
>>END_MODULE
>>Kmer Content	warn
#Sequence	Count	Obs/Exp Overall	Obs/Exp Max	Max Obs/Exp Position
CAGCA	1490725	3.340242	3.8008626	27
CTTCT	1095050	3.1571035	3.5756087	2
CATCA	1120390	3.0540326	3.732065	1
>>END_MODULE
