##FastQC	0.10.1
>>Basic Statistics	pass
#Measure	Value	
Filename	Control_3_trimmed.fastq	
File type	Conventional base calls	
Encoding	Sanger / Illumina 1.9	
Total Sequences	30801006	
Filtered Sequences	0	
Sequence length	51	
%GC	53	
>>END_MODULE
>>Per base sequence quality	pass
#Base	Mean	Median	Lower Quartile	Upper Quartile	10th Percentile	90th Percentile
1	32.30616844138143	33.0	31.0	34.0	30.0	34.0
2	32.520082753141246	34.0	31.0	34.0	31.0	34.0
3	32.60392485232463	34.0	31.0	34.0	31.0	34.0
4	36.02289613527558	37.0	35.0	37.0	35.0	37.0
5	36.10185829644655	37.0	35.0	37.0	35.0	37.0
6	35.97029337288529	37.0	35.0	37.0	35.0	37.0
7	35.93800410285301	37.0	35.0	37.0	35.0	37.0
8	35.93290443175785	37.0	35.0	37.0	35.0	37.0
9	37.67293353989802	39.0	38.0	39.0	35.0	39.0
10	37.68427927321595	39.0	38.0	39.0	35.0	39.0
11	37.68799291815339	39.0	38.0	39.0	35.0	39.0
12	37.660716016872954	39.0	38.0	39.0	35.0	39.0
13	37.54970448043158	39.0	37.0	39.0	35.0	39.0
14	38.94394962294413	41.0	38.0	41.0	35.0	41.0
15	38.91124926244292	41.0	38.0	41.0	35.0	41.0
16	38.85786821378497	40.0	38.0	41.0	35.0	41.0
17	38.8580669410603	40.0	38.0	41.0	35.0	41.0
18	38.85596356820294	40.0	38.0	41.0	35.0	41.0
19	38.88932228382411	40.0	38.0	41.0	35.0	41.0
20	38.84005662022857	40.0	38.0	41.0	35.0	41.0
21	38.82070309651574	40.0	38.0	41.0	34.0	41.0
22	38.77273180622737	40.0	38.0	41.0	34.0	41.0
23	38.75928627136399	40.0	38.0	41.0	34.0	41.0
24	38.7574551948076	40.0	38.0	41.0	34.0	41.0
25	38.72725777203511	40.0	38.0	41.0	34.0	41.0
26	38.660073375525464	40.0	38.0	41.0	34.0	41.0
27	38.605783168251065	40.0	38.0	41.0	34.0	41.0
28	38.5620769334612	40.0	38.0	41.0	34.0	41.0
29	38.5109672716534	40.0	38.0	41.0	34.0	41.0
30	38.47156774684567	40.0	38.0	41.0	34.0	41.0
31	38.40662123178704	40.0	38.0	41.0	34.0	41.0
32	38.35309346714195	40.0	38.0	41.0	34.0	41.0
33	38.29507224536757	40.0	38.0	41.0	33.0	41.0
34	38.23283187568614	40.0	38.0	41.0	33.0	41.0
35	38.158008215705685	40.0	38.0	41.0	33.0	41.0
36	38.01754975145942	40.0	37.0	41.0	33.0	41.0
37	37.98739976220257	40.0	37.0	41.0	33.0	41.0
38	37.92787969328015	40.0	37.0	41.0	33.0	41.0
39	37.85145417003587	40.0	37.0	41.0	33.0	41.0
40	37.7562996156684	40.0	37.0	41.0	33.0	41.0
41	37.67856108336202	40.0	36.0	41.0	33.0	41.0
42	37.55605745474677	40.0	36.0	41.0	32.0	41.0
43	37.5003510924286	40.0	36.0	41.0	32.0	41.0
44	37.40329533392513	40.0	35.0	41.0	32.0	41.0
45	37.325040130182764	39.0	35.0	41.0	32.0	41.0
46	37.229968852316055	39.0	35.0	41.0	32.0	41.0
47	37.12271563467765	39.0	35.0	41.0	31.0	41.0
48	37.00652842313008	39.0	35.0	41.0	31.0	41.0
49	36.87188509362324	39.0	35.0	41.0	31.0	41.0
50	36.74996410831516	39.0	35.0	41.0	31.0	41.0
51	36.61360901653667	38.0	35.0	41.0	31.0	41.0
>>END_MODULE
>>Per sequence quality scores	pass
#Quality	Count
8	3.0
9	34.0
10	170.0
11	403.0
12	848.0
13	1255.0
14	1774.0
15	2465.0
16	3618.0
17	5363.0
18	8458.0
19	12571.0
20	18825.0
21	28570.0
22	42595.0
23	61222.0
24	87164.0
25	117042.0
26	153936.0
27	198091.0
28	251015.0
29	314143.0
30	389287.0
31	482724.0
32	603822.0
33	769788.0
34	1042281.0
35	1454483.0
36	2162070.0
37	3358320.0
38	5324756.0
39	1.3643537E7
40	260373.0
>>END_MODULE
>>Per base sequence content	fail
#Base	G	A	T	C
1	37.45150851373049	9.326678783629045	12.264777364056107	40.95703533858436
2	24.695558568316688	10.528260371131509	29.974642894409936	34.80153816614187
3	24.99481096305117	15.609113393663282	20.871415355971507	38.52466028731404
4	27.738516973715633	21.588746860694968	17.98340021697344	32.68933594861596
5	28.360423171060965	25.431379243486212	20.911453703474034	25.296743881978788
6	26.43830413672401	28.966590743079944	20.532426570601693	24.062678549594345
7	20.656773353441768	24.64473725306245	33.15537486015879	21.543114533336997
8	23.379642210387544	22.24945509896657	27.627480738778466	26.74342195186742
9	22.817030716464263	20.16977951953907	29.201234531105904	27.811955232890767
10	23.26192202942982	31.663530730132646	23.24302654270448	21.831520697733055
11	26.97820649104773	25.54317868708574	20.240163584267346	27.238451237599186
12	25.483667643842544	21.93848798315224	23.94357833636992	28.634266036635296
13	25.04414953773257	24.21473820884139	24.398167306375292	26.34294494705075
14	24.543163445478484	23.945611514948943	24.899603113599703	26.611621925972873
15	25.153574589183712	23.59549500253141	24.14366562325878	27.107264785026093
16	25.892493806894883	23.60489556260199	23.23824048820143	27.264370142301697
17	25.323024362354413	24.173087858659155	23.453361343241884	27.050526435744548
18	25.117660933466297	23.93077109009917	23.628550432039475	27.32301754439506
19	25.671044640554925	23.893696848732798	22.97097698692049	27.46428152379179
20	25.78172451781117	23.742667609146768	23.621882585385855	26.853725287656204
21	25.32842315975306	23.720322697986017	23.539548243078787	27.411705899182138
22	25.955433839066345	24.345938818741775	22.583581396948006	27.115045945243878
23	25.57106356309119	24.647388115306644	23.08548377639561	26.69606454520656
24	25.40566222612516	24.064954526429034	23.214566087810596	27.31481715963521
25	25.955319590483256	24.21823763492835	22.530436879675044	27.29600589491335
26	25.669179658995446	24.106827584406687	23.046546936339332	27.17744582025854
27	25.26575314373562	23.838836650363106	23.39675433342525	27.498655872476025
28	25.92440641378283	23.972382022625858	22.73786607052439	27.36534549306692
29	25.683116651715025	24.11047215503247	23.10069673416392	27.10571445908859
30	25.365826892041664	23.80803351760679	23.24147258374247	27.58466700660907
31	25.919890234176073	23.984420188041504	22.56227939408668	27.533410183695743
32	25.486247970466337	24.26859757717991	23.306135869525164	26.939018582828595
33	25.286892689773154	23.82083222858243	23.44888914171261	27.443385939931815
34	25.950785554572768	24.190098862281463	22.485134747530488	27.37398083561528
35	25.78546963808851	24.269478200105986	23.013863922110577	26.931188239694926
36	25.653595344267643	23.82485126771188	22.926638652886297	27.594914735134175
37	26.027255325626385	23.97611832439408	22.26880464079167	27.72782170918786
38	25.716289358836946	24.121597687443316	22.83814678158923	27.32396617213051
39	25.367757846461902	23.85043078970926	23.04353462138149	27.738276742447347
40	25.81602293916549	24.13074082673821	22.254145310452916	27.799090923643384
41	25.597590907266643	24.200337383642843	22.90326248787706	27.29880922121345
42	25.49346500929942	23.94755965552418	22.82689095692844	27.732084378247958
43	25.86541470194789	24.190476116254462	22.337211010504173	27.606898171293476
44	25.56909029422809	24.075037409443333	23.019851641542772	27.336020654785802
45	25.392783413500236	23.71617519343931	22.870108963217778	28.020932429842677
46	26.130018753660238	23.824519303515633	22.30161078342607	27.74385115939806
47	26.00839570331233	23.981598278789576	22.69468117885081	27.315324839047285
48	25.45798678691316	23.865305223864606	22.72613594815555	27.950572041066685
49	26.062886960244715	23.947917254587633	22.227929768901515	27.76126601626614
50	25.906256539133615	24.00721745000319	22.745007982370332	27.34151802849286
51	25.575361528384505	23.688555904941158	22.772931937902012	27.963150628772333
>>END_MODULE
>>Per base GC content	fail
#Base	%GC
1	78.40854385231485
2	59.49709673445855
3	63.519471250365214
4	60.427852922331596
5	53.65716705303976
6	50.500982686318366
7	42.19988788677876
8	50.12306416225496
9	50.628985949355034
10	45.09344272716287
11	54.21665772864691
12	54.11793368047783
13	51.387094484783326
14	51.154785371451354
15	52.26083937420981
16	53.156863949196584
17	52.373550798098954
18	52.440678477861354
19	53.13532616434671
20	52.63544980546738
21	52.7401290589352
22	53.07047978431022
23	52.26712810829775
24	52.72047938576038
25	53.251325485396606
26	52.84662547925399
27	52.764409016211644
28	53.289751906849745
29	52.78883111080361
30	52.95049389865073
31	53.453300417871816
32	52.425266553294925
33	52.73027862970496
34	53.32476639018805
35	52.71665787778343
36	53.248510079401825
37	53.75507703481425
38	53.04025553096745
39	53.106034588909246
40	53.61511386280887
41	52.896400128480096
42	53.225549387547375
43	53.472312873241364
44	52.9051109490139
45	53.413715843342914
46	53.87386991305829
47	53.323720542359624
48	53.408558827979846
49	53.82415297651085
50	53.24777456762648
51	53.53851215715684
>>END_MODULE
>>Per sequence GC content	pass
#GC Content	Count
0	9354.0
1	6470.0
2	3586.0
3	3786.5
4	3987.0
5	4061.5
6	4136.0
7	4374.5
8	4613.0
9	4452.0
10	4291.0
11	4609.0
12	4927.0
13	6044.5
14	7162.0
15	9159.0
16	11156.0
17	14436.0
18	17716.0
19	22724.5
20	27733.0
21	37072.0
22	46411.0
23	58405.5
24	70400.0
25	86221.5
26	124689.0
27	147335.0
28	185146.5
29	222958.0
30	270489.5
31	318021.0
32	379282.5
33	440544.0
34	525233.0
35	609922.0
36	719017.0
37	828112.0
38	934701.5
39	1041291.0
40	1159326.5
41	1277362.0
42	1391316.5
43	1505271.0
44	1622317.0
45	1739363.0
46	1806176.0
47	1872989.0
48	1935472.5
49	1997956.0
50	2023213.0
51	2048470.0
52	2053246.5
53	2058023.0
54	2026766.5
55	1995510.0
56	1932938.0
57	1870366.0
58	1780896.5
59	1691427.0
60	1601171.0
61	1510915.0
62	1412579.5
63	1314244.0
64	1227419.0
65	1140594.0
66	1076461.5
67	1012329.0
68	918923.5
69	825518.0
70	759083.0
71	692648.0
72	622717.0
73	552786.0
74	500742.5
75	399317.0
76	349935.0
77	312156.5
78	274378.0
79	239414.5
80	204451.0
81	178431.0
82	152411.0
83	133208.0
84	114005.0
85	98510.0
86	83015.0
87	71006.5
88	58998.0
89	48883.0
90	38768.0
91	31118.0
92	23468.0
93	17889.5
94	12311.0
95	9115.5
96	5920.0
97	4178.5
98	2437.0
99	1589.0
100	741.0
>>END_MODULE
>>Per base N content	pass
#Base	N-Count
1	0.07358525887109012
2	5.584233190305538E-4
3	0.001600597071407343
4	3.24664720366601E-6
5	1.1038600492464433E-4
6	0.0024025189307128477
7	0.0
8	0.0
9	0.0
10	0.0
11	0.0
12	0.0
13	1.298658881466404E-5
14	3.24664720366601E-6
15	3.895976644399212E-5
16	0.02430764761384742
17	3.24664720366601E-6
18	3.24664720366601E-6
19	0.0
20	6.49329440733202E-6
21	6.29849557511206E-4
22	3.3440466197759904E-4
23	4.6751719732790546E-4
24	8.376349785458306E-4
25	6.947825015845261E-4
26	3.24664720366601E-5
27	0.007197816850527544
28	0.005347227944437919
29	0.001925261791773944
30	0.005425147477325903
31	0.002892762658466415
32	0.0046849119148900525
33	0.007168597025694551
34	0.006493294407332021
35	0.01469432524379236
36	0.015369627862154891
37	0.011369758507238368
38	0.013859936912450199
39	0.017759160204053076
40	0.010950941017965453
41	0.013045028464330028
42	0.021505791077083652
43	0.017044897819246552
44	0.010717182419301498
45	0.013012561992293368
46	0.012395699023596827
47	0.014736531657440021
48	0.0138501969708392
49	0.024245961316977763
50	0.018317583523083627
51	0.0019122752029592798
>>END_MODULE
>>Sequence Length Distribution	pass
#Length	Count
51	3.0801006E7
>>END_MODULE
>>Sequence Duplication Levels	fail
#Total Duplicate Percentage	81.57684339027347
#Duplication Level	Relative count
1	100.0
2	70.20065328978067
3	42.109192720485304
4	26.290247316845544
5	18.345776948203454
6	14.181054596360243
7	11.208586094260383
8	9.472701819878674
9	7.860475968268782
10++	166.9668688754083
>>END_MODULE
>>Overrepresented sequences	pass
>>END_MODULE
>>Kmer Content	warn
#Sequence	Count	Obs/Exp Overall	Obs/Exp Max	Max Obs/Exp Position
AAAAA	5614650	5.5233264	8.700248	10
TTTTT	3599410	3.7784579	5.2851515	11
TTCTT	4295690	3.749121	6.831647	6
CTTCT	4701310	3.4113686	5.6242976	5
CAGCA	5040995	3.2033193	4.479917	9
TCTTC	4232440	3.0711467	5.589045	7
TCTTG	3146330	2.4680681	5.068667	7
CTCCT	3954275	2.3855574	7.087232	1
TTGAA	2255460	2.0734456	6.0079865	7
GCCAG	3582915	2.0730886	6.1424613	1
CTCCA	3464315	2.0630007	6.964546	1
TCCAG	3140935	2.0220132	5.305609	2
GTCCA	2420615	1.5582987	5.1528773	1
>>END_MODULE
