##FastQC	0.10.1
>>Basic Statistics	pass
#Measure	Value	
Filename	Sample_1_L002_poly.fastq	
File type	Conventional base calls	
Encoding	Sanger / Illumina 1.9	
Total Sequences	87280	
Filtered Sequences	0	
Sequence length	20-39	
%GC	51	
>>END_MODULE
>>Per base sequence quality	pass
#Base	Mean	Median	Lower Quartile	Upper Quartile	10th Percentile	90th Percentile
1	37.649404216315304	39.0	37.0	39.0	35.0	39.0
2	39.0259738771769	41.0	38.0	41.0	35.0	41.0
3	38.99967919340055	41.0	38.0	41.0	35.0	41.0
4	38.98217231897342	41.0	38.0	41.0	35.0	41.0
5	38.974885426214485	41.0	38.0	41.0	35.0	41.0
6	38.96993583868011	41.0	38.0	41.0	35.0	41.0
7	39.00986480293309	41.0	39.0	41.0	35.0	41.0
8	38.91680797433547	41.0	39.0	41.0	35.0	41.0
9	38.93394821264894	40.0	39.0	41.0	35.0	41.0
10	38.934956461961505	40.0	38.0	41.0	35.0	41.0
11	38.90811182401467	40.0	38.0	41.0	35.0	41.0
12	38.87441567369386	40.0	38.0	41.0	35.0	41.0
13	38.853059120073326	40.0	38.0	41.0	35.0	41.0
14	38.83118698441797	40.0	38.0	41.0	35.0	41.0
15	38.780018331805685	40.0	38.0	41.0	35.0	41.0
16	38.75308203483043	40.0	38.0	41.0	35.0	41.0
17	38.688302016498625	40.0	38.0	41.0	34.0	41.0
18	38.668457836846926	40.0	38.0	41.0	34.0	41.0
19	38.61840054995417	40.0	38.0	41.0	34.0	41.0
20	38.56348533455545	40.0	38.0	41.0	34.0	41.0
21	38.508184310441735	40.0	38.0	41.0	34.0	41.0
22	38.462999322563235	40.0	38.0	41.0	34.0	41.0
23	38.39559391376299	40.0	38.0	41.0	34.0	41.0
24	38.20678192254161	40.0	38.0	41.0	33.0	41.0
25	38.20592266669738	40.0	38.0	41.0	33.0	41.0
26	38.16991563080688	40.0	37.0	41.0	33.0	41.0
27	38.12646667822669	40.0	37.0	41.0	33.0	41.0
28	38.04894975264445	40.0	37.0	41.0	33.0	41.0
29	37.991710073481535	40.0	37.0	41.0	33.0	41.0
30	37.86937167894099	40.0	37.0	41.0	33.0	41.0
31	37.85970428379405	40.0	37.0	41.0	33.0	41.0
32	37.795615300700284	40.0	36.0	41.0	33.0	41.0
33	37.743411911546524	40.0	36.0	41.0	33.0	41.0
34	37.676734548898885	40.0	36.0	41.0	33.0	41.0
35	37.58110629949518	40.0	36.0	41.0	33.0	41.0
36	37.499072675239816	39.0	35.0	41.0	33.0	41.0
37	37.37507746333402	39.0	35.0	41.0	32.0	41.0
38	37.36052686110967	39.0	35.0	41.0	32.0	41.0
39	37.45499359292869	39.0	35.0	41.0	33.0	41.0
>>END_MODULE
>>Per sequence quality scores	pass
#Quality	Count
13	3.0
14	1.0
15	1.0
16	4.0
17	5.0
18	14.0
19	24.0
20	37.0
21	58.0
22	103.0
23	120.0
24	215.0
25	300.0
26	406.0
27	471.0
28	635.0
29	787.0
30	989.0
31	1150.0
32	1462.0
33	1853.0
34	2447.0
35	3224.0
36	4608.0
37	6415.0
38	9245.0
39	15154.0
40	37521.0
41	28.0
>>END_MODULE
>>Per base sequence content	pass
#Base	G	A	T	C
1	24.01810265811182	24.452337305224564	26.215627864344636	25.313932172318975
2	24.333180568285975	25.288725939505042	25.022914757103575	25.35517873510541
3	25.478918423464712	24.65284142988084	24.342346471127406	25.52589367552704
4	24.948727643533957	25.173294836100325	24.248673793237778	25.629303727127944
5	25.13519706691109	25.05614115490376	23.9493583868011	25.859303391384053
6	25.310494958753438	24.539413382218147	23.9115490375802	26.238542621448214
7	25.103116406966087	23.933318056828597	23.519706691109075	27.44385884509624
8	25.022914757103575	24.92667277726856	24.390467461044913	25.65994500458295
9	25.773373052245645	24.136113657195235	24.112053162236478	25.978460128322638
10	26.095325389550872	24.440879926672775	23.172548120989916	26.291246562786437
11	25.334845724630206	24.85248456100551	24.04014711442615	25.77252259993813
12	25.35548553423088	24.78029217989115	23.744485820681753	26.11973646519622
13	25.505270394133824	24.91979835013749	23.520852428964254	26.05407882676444
14	25.192483959670025	24.50160403299725	23.998625114573784	26.307286892758935
15	24.42534662541538	24.412742064856193	24.521599633321873	26.640311676406554
16	25.490128676681216	24.26409084138279	23.759925750232032	26.485854731703963
17	25.60494958753437	24.228918423464712	24.32172318973419	25.844408799266727
18	24.77627674080185	24.297319904208635	24.188466077710174	26.737937277279343
19	25.241750687442714	24.070806599450044	24.230064161319888	26.457378551787354
20	25.06759853345554	24.640238313473876	24.42713107241063	25.865032080659944
21	24.89360481789504	24.71694866647548	24.246630341267565	26.142816174361915
22	24.91732880172691	25.06085518761769	23.52110411978138	26.50071189087402
23	25.430137805004193	24.709506131690553	23.767053225602538	26.093302837702716
24	25.031922603504007	24.72707611959185	23.880408149179218	26.360593127724925
25	25.315332957045605	24.989344913780194	23.248822181009757	26.446499948164448
26	25.252490275517385	24.752703810150397	23.863938040329188	26.130867874003023
27	24.934965835385523	24.659799058883376	23.775334420126484	26.629900685604614
28	25.793145002433317	24.672661120252137	22.957753006882804	26.57644087043174
29	25.39475826143578	24.64593846654729	23.970372782028324	25.988930489988604
30	25.152687770991655	24.75756445521936	23.446314513497132	26.643433260291854
31	25.521344742133074	24.6119137793987	23.611305933511012	26.255435544957216
32	25.100882132132128	24.643393393393392	24.161270645645647	26.09445382882883
33	25.16780104095523	24.22458255811215	23.751206989943714	26.856409410988906
34	25.45794702378838	24.633819994553182	23.243697677998412	26.664535303660024
35	25.627467400406744	24.524464648881445	23.226462495513818	26.62160545519799
36	25.036234554253568	24.245215810548554	23.39278256810868	27.325767067089195
37	25.919373999276896	23.367852900160116	22.392954909353854	28.319818191209134
38	27.035952960679687	22.332020929389216	22.48484691498731	28.14717919494379
39	26.43636078349329	23.428959962342113	22.24430555192343	27.890373702241167
>>END_MODULE
>>Per base GC content	pass
#Base	%GC
1	49.3320348304308
2	49.68835930339138
3	51.00481209899175
4	50.578031370661904
5	50.99450045829514
6	51.54903758020165
7	52.54697525206233
8	50.68285976168653
9	51.75183318056828
10	52.3865719523373
11	51.107368324568334
12	51.4752219994271
13	51.559349220898255
14	51.49977085242896
15	51.065658301821934
16	51.97598340838518
17	51.4493583868011
18	51.5142140180812
19	51.69912923923007
20	50.932630614115496
21	51.03642099225696
22	51.41804069260093
23	51.52344064270691
24	51.39251573122894
25	51.76183290521005
26	51.38335814952041
27	51.56486652099014
28	52.36958587286505
29	51.38368875142439
30	51.79612103128351
31	51.77678028709028
32	51.19533596096096
33	52.02421045194414
34	52.1224823274484
35	52.24907285560474
36	52.36200162134277
37	54.23919219048603
38	55.18313215562348
39	54.32673448573446
>>END_MODULE
>>Per sequence GC content	pass
#GC Content	Count
0	15.0
1	11.0
2	5.5
3	4.0
4	5.0
5	6.0
6	5.0
7	4.5
8	7.0
9	14.5
10	22.0
11	22.5
12	24.5
13	29.0
14	55.0
15	81.5
16	91.0
17	123.0
18	154.5
19	196.5
20	233.5
21	234.5
22	300.5
23	367.5
24	533.5
25	703.0
26	742.5
27	942.0
28	1114.5
29	1425.0
30	1729.0
31	1740.5
32	2106.0
33	2495.0
34	2541.5
35	2972.0
36	3415.0
37	3957.5
38	4465.5
39	4483.5
40	4948.5
41	5405.5
42	5877.0
43	6397.0
44	6503.0
45	6748.5
46	6916.5
47	7146.5
48	7454.0
49	7477.5
50	7494.0
51	7536.0
52	7575.0
53	7466.5
54	7310.5
55	6983.5
56	6620.5
57	6549.0
58	6169.0
59	5811.5
60	5374.0
61	4878.0
62	4794.5
63	4274.5
64	3779.0
65	3480.0
66	3194.0
67	3192.0
68	2845.0
69	2489.0
70	2457.0
71	2167.5
72	1859.0
73	1624.5
74	1410.0
75	1390.0
76	1194.0
77	1005.5
78	884.0
79	757.0
80	738.5
81	626.0
82	519.5
83	430.5
84	349.5
85	346.0
86	282.0
87	220.5
88	178.5
89	138.0
90	135.0
91	115.5
92	96.5
93	94.0
94	75.5
95	58.0
96	39.5
97	21.0
98	21.5
99	18.0
100	14.0
>>END_MODULE
>>Per base N content	pass
#Base	N-Count
1	0.0
2	0.0
3	0.0
4	0.001145737855178735
5	0.0
6	0.0
7	0.0
8	0.0
9	0.0
10	0.0
11	0.001145737855178735
12	0.0057286892758936754
13	0.0
14	0.0
15	0.011457378551787351
16	0.008020164986251146
17	0.0
18	0.008020164986251146
19	0.0
20	0.0
21	0.004588260934399339
22	0.0011481979033906285
23	0.010342925438999725
24	0.00920206586378642
25	0.006910929635218097
26	0.00692496797202313
27	0.01387203051846714
28	0.01274431429796207
29	0.0069760952469537715
30	0.023305677262981262
31	0.008181871310852669
32	0.0035190203047471584
33	0.004709982808562749
34	0.008287946957139474
35	0.004785032418594636
36	0.0036847341464313348
37	0.01549266680437926
38	0.0
39	0.0
>>END_MODULE
>>Sequence Length Distribution	warn
#Length	Count
20	101.0
21	86.0
22	77.0
23	79.0
24	118.0
25	176.0
26	138.0
27	192.0
28	305.0
29	192.0
30	261.0
31	304.0
32	325.0
33	466.0
34	866.0
35	2177.0
36	3961.0
37	244.0
38	734.0
39	76478.0
>>END_MODULE
>>Sequence Duplication Levels	warn
#Total Duplicate Percentage	28.63804580712427
#Duplication Level	Relative count
1	100.0
2	12.430158628219125
3	2.236529445764562
4	0.642219510628733
5	0.248860060368634
6	0.13647164600860573
7	0.0850940851583071
8	0.052983109626870466
9	0.02729432920172115
10++	0.13807719478517758
>>END_MODULE
>>Overrepresented sequences	pass
>>END_MODULE
>>Kmer Content	warn
#Sequence	Count	Obs/Exp Overall	Obs/Exp Max	Max Obs/Exp Position
AAAAA	9770	3.78455	5.1248446	11
TTCTT	7965	3.1379747	4.0052752	20
TTTTT	6875	3.0048857	8.562098	15
AGCAG	7890	2.5953627	7.5695868	5
CAAAA	6195	2.2159324	7.9241242	1
AGAAA	5675	2.1080868	6.63441	2
AAAAG	5635	2.0932279	8.675766	2
AACAA	5530	1.978064	5.8970227	5
GCAGG	5685	1.7933064	6.879772	6
AAACA	4690	1.6775986	5.221322	4
AAGCA	4850	1.663642	7.716774	4
AAAGC	4330	1.485272	7.59896	3
CAAGG	4045	1.3305757	5.0840507	7
GAAAC	3655	1.2537344	5.007067	3
TAGAA	3225	1.2272681	5.4241805	1
>>END_MODULE
