##FastQC	0.10.1
>>Basic Statistics	pass
#Measure	Value	
Filename	Sample_1_L002_poly.fastq	
File type	Conventional base calls	
Encoding	Sanger / Illumina 1.9	
Total Sequences	68678	
Filtered Sequences	0	
Sequence length	35-39	
%GC	53	
>>END_MODULE
>>Per base sequence quality	pass
#Base	Mean	Median	Lower Quartile	Upper Quartile	10th Percentile	90th Percentile
1	37.68780395468709	39.0	38.0	39.0	35.0	39.0
2	39.07364803867323	41.0	39.0	41.0	36.0	41.0
3	39.041658172922915	41.0	38.0	41.0	36.0	41.0
4	39.02998048865721	41.0	38.0	41.0	35.0	41.0
5	39.010221613908385	41.0	38.0	41.0	35.0	41.0
6	38.99922828271062	41.0	38.0	41.0	35.0	41.0
7	39.03584845219721	41.0	39.0	41.0	35.0	41.0
8	38.942004717667956	41.0	39.0	41.0	35.0	41.0
9	38.96141413553103	40.0	39.0	41.0	35.0	41.0
10	38.95962316899153	40.0	39.0	41.0	35.0	41.0
11	38.93594746498151	40.0	38.0	41.0	35.0	41.0
12	38.90831124959958	40.0	38.0	41.0	35.0	41.0
13	38.89211974722619	40.0	38.0	41.0	35.0	41.0
14	38.85450944989662	40.0	38.0	41.0	35.0	41.0
15	38.802585980954596	40.0	38.0	41.0	35.0	41.0
16	38.77291126707242	40.0	38.0	41.0	35.0	41.0
17	38.70907714260753	40.0	38.0	41.0	34.0	41.0
18	38.68866303619791	40.0	38.0	41.0	34.0	41.0
19	38.6330411485483	40.0	38.0	41.0	34.0	41.0
20	38.565872622965145	40.0	38.0	41.0	34.0	41.0
21	38.519511342788086	40.0	38.0	41.0	34.0	41.0
22	38.45899705873788	40.0	38.0	41.0	34.0	41.0
23	38.387693293339936	40.0	38.0	41.0	34.0	41.0
24	38.1877457118728	40.0	38.0	41.0	33.0	41.0
25	38.18275139054719	40.0	37.0	41.0	33.0	41.0
26	38.129881475872914	40.0	37.0	41.0	33.0	41.0
27	38.07830746381665	40.0	37.0	41.0	33.0	41.0
28	37.988598969102185	40.0	37.0	41.0	33.0	41.0
29	37.93106962928449	40.0	37.0	41.0	33.0	41.0
30	37.79185474242115	40.0	36.0	41.0	33.0	41.0
31	37.77925973383034	40.0	36.0	41.0	33.0	41.0
32	37.6890998573051	40.0	36.0	41.0	33.0	41.0
33	37.63197821718745	40.0	36.0	41.0	33.0	41.0
34	37.558839803139286	39.0	35.0	41.0	33.0	41.0
35	37.443300620285974	39.0	35.0	41.0	32.0	41.0
36	37.35652565932828	39.0	35.0	41.0	32.0	41.0
37	37.248709496859256	39.0	35.0	41.0	32.0	41.0
38	37.23220801472221	39.0	35.0	41.0	32.0	41.0
39	37.31574731243091	39.0	35.0	41.0	32.0	41.0
>>END_MODULE
>>Per sequence quality scores	pass
#Quality	Count
14	1.0
15	1.0
16	3.0
17	4.0
18	8.0
19	22.0
20	29.0
21	40.0
22	76.0
23	92.0
24	151.0
25	227.0
26	295.0
27	355.0
28	493.0
29	614.0
30	761.0
31	918.0
32	1161.0
33	1453.0
34	1991.0
35	2611.0
36	3770.0
37	5221.0
38	7517.0
39	12091.0
40	28764.0
41	9.0
>>END_MODULE
>>Per base sequence content	pass
#Base	G	A	T	C
1	25.019656949823815	23.534465185357757	24.840560295873495	26.60531756894493
2	25.34727278022074	23.888290282186436	24.310550685809137	26.453886251783686
3	25.829232068493553	23.719386120737354	23.61454905501034	26.83683275575876
4	25.704010017764055	23.883922071114476	23.412155275342904	26.99991263577856
5	26.076764029237893	23.60144442179446	23.313142491045166	27.00864905792248
6	26.283526019977288	22.988438801362882	23.244707184251144	27.48332799440869
7	26.27770173854801	22.752555403477096	22.321558577710476	28.64818428026442
8	26.433501266781214	23.311686420687845	23.03940126386907	27.21541104866187
9	26.713066775386586	22.494830950231513	23.189376510672997	27.602725763708904
10	26.78150208218061	23.282565013541454	22.25749148198841	27.678441422289524
11	26.025801566731705	23.701913276449517	23.166079384955882	27.106205771862896
12	26.244212120329653	23.43108418998806	22.77439645883689	27.550307230845394
13	26.663560383237716	23.505343778211362	22.52540842773523	27.305687410815693
14	26.493200151431317	23.38448993855383	22.973878097789687	27.148431812225166
15	25.71857072133725	23.343719968548882	23.375753516409915	27.56195579370395
16	26.6621043128804	23.39322636069775	22.39144995486182	27.553219371560033
17	26.4102041410641	23.47622237106497	23.03503305279711	27.078540435073823
18	26.110253647456243	23.64367046215673	22.903986720638343	27.342089169748686
19	26.383994874632343	23.247619324965783	22.885057805993185	27.48332799440869
20	26.197617868895424	23.69026471359096	23.320422842831764	26.791694574681852
21	25.926788782433967	23.506799848568683	23.230146480677945	27.336264888319405
22	26.167040391391712	23.926148111476746	22.478814176301	27.427997320830542
23	26.791694574681852	23.592707999650543	22.65499868953668	26.96059873613093
24	26.335944552840797	23.356824601764757	23.12676548530825	27.1804653600862
25	26.627158624304727	23.55776231107487	22.049273420891698	27.765805643728704
26	26.386907015346985	23.48350272285157	22.835551413844318	27.29403884795713
27	26.1291825621014	23.29275750604269	22.855936398846794	27.722123533009114
28	26.959142665773612	23.279652872826816	22.04053699874778	27.720667462651793
29	26.465534814642243	23.454381315705174	22.893794228137104	27.186289641515476
30	26.183057165322225	23.4339963307027	22.537056990593783	27.845889513381287
31	26.61987827251813	23.203937214246192	22.480270246658318	27.69591426657736
32	26.282069949619967	23.227234339963307	23.269460380325576	27.221235330091147
33	26.343224904627395	23.03357698243979	22.938932409214015	27.6842657037188
34	26.753836745391535	23.311686420687845	22.226914004484698	27.707562829435915
35	26.954774454701653	23.47622237106497	21.836687148723026	27.73231602551035
36	26.23938688105793	23.139229093094897	22.22255616500113	28.398827860846044
37	26.598358106847442	22.753280676658996	21.59649231917408	29.051868897319483
38	28.52904781546467	21.074340831931973	20.950598089919726	29.44601326268363
39	27.079161125975293	22.979316532354968	21.534197414166012	28.407324927503723
>>END_MODULE
>>Per base GC content	pass
#Base	%GC
1	51.62497451876875
2	51.80115903200443
3	52.66606482425231
4	52.70392265354262
5	53.08541308716037
6	53.76685401438598
7	54.925886018812434
8	53.648912315443084
9	54.31579253909548
10	54.45994350447013
11	53.1320073385946
12	53.794519351175055
13	53.96924779405341
14	53.64163196365649
15	53.2805265150412
16	54.21532368444043
17	53.48874457613791
18	53.45234281720492
19	53.86732286904103
20	52.989312443577276
21	53.263053670753365
22	53.59503771222226
23	53.75229331081278
24	53.51640991292699
25	54.39296426803343
26	53.68094586330412
27	53.851306095110516
28	54.67981012842541
29	53.651824456157726
30	54.02894667870351
31	54.31579253909548
32	53.503305279711114
33	54.0274906083462
34	54.46139957482745
35	54.68709048021201
36	54.63821474190398
37	55.65022700416693
38	57.97506107814831
39	55.48648605347902
>>END_MODULE
>>Per sequence GC content	pass
#GC Content	Count
0	10.0
1	5.5
2	1.0
3	1.0
4	2.0
5	3.0
6	3.0
7	3.0
8	3.0
9	4.5
10	5.5
11	5.0
12	8.0
13	11.0
14	20.0
15	29.0
16	29.0
17	41.0
18	54.5
19	78.0
20	101.0
21	102.0
22	124.5
23	147.5
24	212.5
25	278.5
26	288.5
27	375.0
28	455.0
29	612.5
30	774.5
31	780.5
32	993.5
33	1223.5
34	1247.0
35	1584.5
36	1931.0
37	2332.0
38	2727.0
39	2759.5
40	3155.0
41	3545.0
42	3968.5
43	4398.5
44	4465.0
45	4784.0
46	5055.0
47	5407.0
48	5764.0
49	5777.0
50	5947.0
51	6119.0
52	6134.0
53	6128.5
54	6124.5
55	5930.0
56	5709.5
57	5670.0
58	5412.5
59	5178.0
60	4819.0
61	4410.5
62	4359.5
63	3977.5
64	3596.5
65	3323.5
66	3048.0
67	3012.5
68	2650.5
69	2307.0
70	2286.5
71	2014.0
72	1752.5
73	1564.5
74	1368.0
75	1354.5
76	1173.0
77	989.5
78	866.5
79	741.5
80	717.5
81	602.0
82	499.0
83	417.5
84	341.5
85	338.0
86	274.5
87	212.0
88	171.5
89	133.0
90	130.5
91	109.0
92	90.0
93	88.5
94	70.5
95	54.0
96	36.5
97	19.0
98	19.0
99	15.5
100	12.0
>>END_MODULE
>>Per base N content	pass
#Base	N-Count
1	0.0
2	0.0
3	0.0
4	0.0
5	0.0
6	0.0
7	0.0
8	0.0
9	0.0
10	0.0
11	0.0
12	0.0
13	0.0
14	0.0
15	0.0
16	0.0
17	0.0
18	0.0
19	0.0
20	0.0
21	0.0
22	0.0
23	0.0
24	0.0
25	0.0
26	0.0
27	0.0
28	0.0
29	0.0
30	0.0
31	0.0
32	0.0
33	0.0
34	0.0
35	0.0
36	0.0
37	0.0
38	0.0
39	0.0
>>END_MODULE
>>Sequence Length Distribution	warn
#Length	Count
35	2133.0
36	2229.0
37	1282.0
38	617.0
39	62417.0
>>END_MODULE
>>Sequence Duplication Levels	warn
#Total Duplicate Percentage	27.810943824805616
#Duplication Level	Relative count
1	100.0
2	12.592278833353504
3	2.2348622372826656
4	0.5950219855581105
5	0.22187260478438017
6	0.1270724918310541
7	0.07059582879503006
8	0.048408568316592036
9	0.022187260478438015
10++	0.07664689983460406
>>END_MODULE
>>Overrepresented sequences	pass
>>END_MODULE
>>Kmer Content	warn
#Sequence	Count	Obs/Exp Overall	Obs/Exp Max	Max Obs/Exp Position
CAGCA	8060	3.1076157	4.0850844	5
AGCAG	6815	2.7345347	7.9451375	5
CAAAA	3835	1.9556851	9.034679	1
AAAAG	3330	1.767271	8.941484	2
AAGCA	3845	1.7392899	8.642657	4
GCAGG	4800	1.7084441	6.120314	6
AAAGC	3315	1.4995438	8.0141	3
>>END_MODULE
