##FastQC	0.10.1
>>Basic Statistics	pass
#Measure	Value	
Filename	Control_1.fastq	
File type	Conventional base calls	
Encoding	Sanger / Illumina 1.9	
Total Sequences	145922	
Filtered Sequences	0	
Sequence length	39	
%GC	51	
>>END_MODULE
>>Per base sequence quality	pass
#Base	Mean	Median	Lower Quartile	Upper Quartile	10th Percentile	90th Percentile
1	37.6021230520415	39.0	37.0	39.0	35.0	39.0
2	39.00167897918066	41.0	38.0	41.0	35.0	41.0
3	38.975452639081155	41.0	38.0	41.0	35.0	41.0
4	38.93963213223503	41.0	38.0	41.0	35.0	41.0
5	38.93900165842025	41.0	38.0	41.0	35.0	41.0
6	38.940104987596115	40.0	38.0	41.0	35.0	41.0
7	38.9825454694974	41.0	39.0	41.0	35.0	41.0
8	38.92961993393731	41.0	39.0	41.0	35.0	41.0
9	38.923877139841835	40.0	39.0	41.0	35.0	41.0
10	38.86960156796096	40.0	38.0	41.0	35.0	41.0
11	38.84479379394471	40.0	38.0	41.0	35.0	41.0
12	38.84284754869039	40.0	38.0	41.0	35.0	41.0
13	38.828696152739134	40.0	38.0	41.0	35.0	41.0
14	38.78778388454106	40.0	38.0	41.0	35.0	41.0
15	38.73193212812324	40.0	38.0	41.0	34.0	41.0
16	38.714929894052986	40.0	38.0	41.0	34.0	41.0
17	38.64487877085018	40.0	38.0	41.0	34.0	41.0
18	38.618515371225726	40.0	38.0	41.0	34.0	41.0
19	38.55582434451282	40.0	38.0	41.0	34.0	41.0
20	38.52112087279505	40.0	38.0	41.0	34.0	41.0
21	38.45845725798714	40.0	38.0	41.0	34.0	41.0
22	38.42352763805321	40.0	38.0	41.0	34.0	41.0
23	38.34497197132715	40.0	38.0	41.0	34.0	41.0
24	38.21903482682529	40.0	38.0	41.0	33.0	41.0
25	38.19535094091364	40.0	38.0	41.0	33.0	41.0
26	38.14460465180028	40.0	37.0	41.0	33.0	41.0
27	38.084243637011554	40.0	37.0	41.0	33.0	41.0
28	37.99412014637957	40.0	37.0	41.0	33.0	41.0
29	37.91635942489823	40.0	37.0	41.0	33.0	41.0
30	37.81858801277395	40.0	37.0	41.0	33.0	41.0
31	37.78239744521046	40.0	37.0	41.0	33.0	41.0
32	37.6882306985924	40.0	36.0	41.0	33.0	41.0
33	37.625443730212034	40.0	36.0	41.0	33.0	41.0
34	37.55646852428009	40.0	36.0	41.0	33.0	41.0
35	37.45487315140966	40.0	35.0	41.0	32.0	41.0
36	37.34214854511314	39.0	35.0	41.0	32.0	41.0
37	37.2226943161415	39.0	35.0	41.0	32.0	41.0
38	37.11938569920917	39.0	35.0	41.0	32.0	41.0
39	36.9753155795562	39.0	35.0	41.0	31.0	41.0
>>END_MODULE
>>Per sequence quality scores	pass
#Quality	Count
10	2.0
11	9.0
12	4.0
13	14.0
14	20.0
15	30.0
16	30.0
17	41.0
18	51.0
19	91.0
20	124.0
21	194.0
22	235.0
23	278.0
24	398.0
25	529.0
26	665.0
27	827.0
28	1000.0
29	1337.0
30	1609.0
31	2009.0
32	2468.0
33	2982.0
34	4075.0
35	5503.0
36	7657.0
37	10694.0
38	15547.0
39	24560.0
40	62939.0
>>END_MODULE
>>Per base sequence content	pass
#Base	G	A	T	C
1	23.862063294088625	24.5103548471101	25.610257534847385	26.017324323953893
2	23.905922342073165	25.01678979180658	25.429338961911157	25.647948904209102
3	24.382889488905032	24.539822644974713	25.077781280410083	25.999506585710176
4	24.75157961102507	24.60287002645249	24.311618535930155	26.333931826592288
5	24.659749729307435	24.667973300804537	24.468551691999835	26.203725277888186
6	24.574087526212633	24.280780142816024	24.617261276572417	26.527871054398926
7	24.719370622661422	24.038870081276297	23.779142281492852	27.462617014569428
8	24.664546812680747	24.761173777771685	24.35684817916421	26.217431230383355
9	24.980469017694386	23.812036567481258	24.7015528844177	26.505941530406655
10	25.41015062841792	24.584366990584012	23.440605254862188	26.564877126135883
11	24.552158002220363	25.15727580488206	24.50076068036348	25.78980551253409
12	24.54393443072326	24.621373062320966	24.116308712874	26.718383794081767
13	25.0791518756596	24.842724195117942	23.511190910212303	26.566933019010158
14	24.744041337152726	25.099025506777593	24.062170200518086	26.094762955551598
15	24.245829963953344	24.289003714313125	24.562437466591742	26.90272885514179
16	25.198393662367568	24.539137347349953	23.568755910692012	26.693713079590463
17	24.90303038609668	24.814626992502845	23.995011033291757	26.287331588108714
18	24.395224846150683	24.493907704115898	24.307506750181602	26.803360699551813
19	24.928386398212744	24.342456929044285	23.71609490001508	27.013061772727898
20	24.735817765655625	24.821479968750428	24.403448417647784	26.039253847946163
21	24.268444785570374	24.47814585874645	24.639876098189443	26.61353325749373
22	24.866709611984486	24.887268540727238	23.313139896657116	26.93288195063116
23	25.167555269253437	24.808459313880018	23.873713353709515	26.150272063157033
24	24.612464193199106	24.59807294307918	24.21293567796494	26.576527185756778
25	25.122325626019382	24.676196872301638	23.372075492386344	26.829402009292636
26	25.120269733145108	24.626855443319034	24.075190855388495	26.177683968147363
27	24.267759487945614	24.441139787009497	24.367812941160345	26.923287783884543
28	25.347103246940144	24.644673181562755	23.073971025616423	26.93425254588068
29	24.96128068420115	24.84683598086649	23.946354901933912	26.245528432998448
30	24.50966954948534	24.61040830032483	23.996381628541275	26.883540521648552
31	25.164128781129648	24.511040144734856	23.616041446800345	26.70878962733515
32	24.823535861624705	24.541878537848987	24.424007346390535	26.21057825413577
33	24.72348240840997	24.26570359507134	23.77640109099382	27.23441290552487
34	25.088746042406218	24.51446663285865	23.206918764819562	27.18986855991557
35	25.086690149531943	24.749523718150794	23.51804388645989	26.645742245857374
36	24.282150738065543	24.5713463357136	23.921684187442608	27.22481873877825
37	25.48484806951659	24.369868834034623	23.1980098956977	26.947273200751088
38	25.210729019613222	24.52200490673099	23.644138649415442	26.623127424240344
39	24.901659790847162	24.27735365469223	24.22047395183728	26.600512602623322
>>END_MODULE
>>Per base GC content	pass
#Base	%GC
1	49.879387618042514
2	49.55387124628226
3	50.38239607461521
4	51.085511437617356
5	50.863475007195625
6	51.10195858061156
7	52.181987637230854
8	50.8819780430641
9	51.486410548101034
10	51.97502775455381
11	50.34196351475446
12	51.262318224805036
13	51.646084894669755
14	50.83880429270432
15	51.148558819095136
16	51.89210674195803
17	51.1903619742054
18	51.1985855457025
19	51.94144817094064
20	50.77507161360179
21	50.8819780430641
22	51.799591562615646
23	51.317827332410474
24	51.18899137895588
25	51.95172763531202
26	51.29795370129248
27	51.19104727183016
28	52.281355792820825
29	51.206809117199604
30	51.393210071133886
31	51.8729184084648
32	51.034114115760474
33	51.95789531393484
34	52.278614602321795
35	51.73243239538932
36	51.50696947684379
37	52.43212127026767
38	51.83385644385356
39	51.50217239347048
>>END_MODULE
>>Per sequence GC content	pass
#GC Content	Count
0	23.0
1	16.5
2	10.0
3	10.0
4	11.0
5	12.0
6	18.5
7	25.0
8	25.0
9	36.5
10	48.0
11	48.0
12	65.0
13	82.0
14	140.0
15	198.0
16	198.0
17	249.0
18	300.0
19	373.5
20	447.0
21	447.0
22	619.0
23	791.0
24	1044.5
25	1298.0
26	1298.0
27	1616.5
28	1935.0
29	2406.0
30	2877.0
31	2877.0
32	3557.0
33	4237.0
34	4237.0
35	4982.0
36	5727.0
37	6664.5
38	7602.0
39	7602.0
40	8387.5
41	9173.0
42	9953.5
43	10734.0
44	10734.0
45	11112.5
46	11491.0
47	11877.0
48	12263.0
49	12263.0
50	12227.5
51	12192.0
52	12192.0
53	11855.0
54	11518.0
55	10968.0
56	10418.0
57	10418.0
58	9792.0
59	9166.0
60	8303.0
61	7440.0
62	7440.0
63	6807.5
64	6175.0
65	5621.5
66	5068.0
67	5068.0
68	4536.5
69	4005.0
70	4005.0
71	3509.0
72	3013.0
73	2660.5
74	2308.0
75	2308.0
76	2034.0
77	1760.0
78	1458.5
79	1157.0
80	1157.0
81	1014.0
82	871.0
83	719.5
84	568.0
85	568.0
86	494.0
87	420.0
88	332.0
89	244.0
90	244.0
91	210.0
92	176.0
93	176.0
94	135.5
95	95.0
96	66.5
97	38.0
98	38.0
99	27.5
100	17.0
>>END_MODULE
>>Per base N content	pass
#Base	N-Count
1	0.0
2	0.0
3	0.0
4	0.0
5	0.0
6	0.0
7	0.0
8	0.0
9	0.0
10	0.0
11	0.0
12	0.0
13	0.0
14	0.0
15	0.0
16	0.0
17	0.0
18	0.0
19	0.0
20	0.0
21	0.0
22	0.0
23	0.0
24	0.0
25	0.0
26	0.0
27	0.0
28	0.0
29	0.0
30	0.0
31	0.0
32	0.0
33	0.0
34	0.0
35	0.0
36	0.0
37	0.0
38	0.0
39	0.0
>>END_MODULE
>>Sequence Length Distribution	pass
#Length	Count
39	145922.0
>>END_MODULE
>>Sequence Duplication Levels	warn
#Total Duplicate Percentage	42.20268362549855
#Duplication Level	Relative count
1	100.0
2	19.681286237683633
3	5.169613109000581
4	1.6682673496247287
5	0.6663583869858547
6	0.2940513878514092
7	0.19445333712754478
8	0.1209404901646925
9	0.07114146480276029
10++	0.20512455684795883
>>END_MODULE
>>Overrepresented sequences	pass
>>END_MODULE
>>Kmer Content	warn
#Sequence	Count	Obs/Exp Overall	Obs/Exp Max	Max Obs/Exp Position
AAAAA	22970	5.018822	5.773721	12
TTTTT	14235	3.4436991	5.1649437	1
TTCTT	14070	3.0859494	3.6463332	19
CAGCA	16410	3.0430534	3.5372484	14
AGCAG	13585	2.6990047	8.379133	5
CAAAA	11630	2.351218	8.172655	1
AAAAG	10605	2.2970312	8.604391	2
GCAGG	9700	1.91043	7.4447684	6
AAGCA	8270	1.6574259	7.680876	4
AAAGC	7570	1.517136	7.154789	3
>>END_MODULE
