##FastQC	0.10.1
>>Basic Statistics	pass
#Measure	Value	
Filename	Sample_2_L001_poly.fastq	
File type	Conventional base calls	
Encoding	Sanger / Illumina 1.9	
Total Sequences	12965007	
Filtered Sequences	0	
Sequence length	35-39	
%GC	53	
>>END_MODULE
>>Per base sequence quality	pass
#Base	Mean	Median	Lower Quartile	Upper Quartile	10th Percentile	90th Percentile
1	37.55565238028795	39.0	37.0	39.0	35.0	39.0
2	38.91057351530932	40.0	38.0	41.0	35.0	41.0
3	38.87581333353696	40.0	38.0	41.0	35.0	41.0
4	38.82109967237195	40.0	38.0	41.0	34.0	41.0
5	38.828610196662446	40.0	38.0	41.0	35.0	41.0
6	38.82923989165606	40.0	38.0	41.0	35.0	41.0
7	38.86997106904763	40.0	38.0	41.0	35.0	41.0
8	38.85678596239863	40.0	38.0	41.0	34.0	41.0
9	38.82168332034067	40.0	38.0	41.0	34.0	41.0
10	38.72612880193586	40.0	38.0	41.0	34.0	41.0
11	38.729112217216695	40.0	38.0	41.0	34.0	41.0
12	38.76193996655768	40.0	38.0	41.0	34.0	41.0
13	38.742019421971776	40.0	38.0	41.0	34.0	41.0
14	38.67619230749355	40.0	38.0	41.0	34.0	41.0
15	38.626375905543284	40.0	38.0	41.0	34.0	41.0
16	38.60005104509392	40.0	38.0	41.0	34.0	41.0
17	38.55179831372247	40.0	38.0	41.0	34.0	41.0
18	38.522789999264944	40.0	38.0	41.0	34.0	41.0
19	38.44825459793427	40.0	38.0	41.0	34.0	41.0
20	38.410395150577244	40.0	38.0	41.0	34.0	41.0
21	38.369881713137524	40.0	38.0	41.0	34.0	41.0
22	38.31659365860736	40.0	38.0	41.0	33.0	41.0
23	38.244056559321564	40.0	38.0	41.0	33.0	41.0
24	38.19215122675985	40.0	38.0	41.0	33.0	41.0
25	38.13453737433385	40.0	37.0	41.0	33.0	41.0
26	38.0689124965378	40.0	37.0	41.0	33.0	41.0
27	37.99178527246457	40.0	37.0	41.0	33.0	41.0
28	37.89792940335474	40.0	37.0	41.0	33.0	41.0
29	37.81015343840539	40.0	37.0	41.0	33.0	41.0
30	37.727853212882955	40.0	36.0	41.0	33.0	41.0
31	37.66842331824426	40.0	36.0	41.0	33.0	41.0
32	37.573411414278446	40.0	36.0	41.0	32.0	41.0
33	37.507420011419974	40.0	36.0	41.0	32.0	41.0
34	37.429612726009324	39.0	35.0	41.0	32.0	41.0
35	37.32982496654263	39.0	35.0	41.0	32.0	41.0
36	37.24112197778532	39.0	35.0	41.0	32.0	41.0
37	37.15323715668568	39.0	35.0	41.0	31.0	41.0
38	37.11911443494438	39.0	35.0	41.0	31.0	41.0
39	37.26211160961236	39.0	35.0	41.0	32.0	41.0
>>END_MODULE
>>Per sequence quality scores	pass
#Quality	Count
10	3.0
11	17.0
12	56.0
13	116.0
14	258.0
15	510.0
16	896.0
17	1635.0
18	2998.0
19	4868.0
20	7876.0
21	12038.0
22	18211.0
23	26035.0
24	35969.0
25	48630.0
26	64248.0
27	82318.0
28	104391.0
29	129464.0
30	157448.0
31	193518.0
32	236912.0
33	294356.0
34	381448.0
35	506268.0
36	695478.0
37	988469.0
38	1406682.0
39	2175358.0
40	5385089.0
41	3444.0
>>END_MODULE
>>Per base sequence content	pass
#Base	G	A	T	C
1	25.31958524974186	23.602324318066316	24.325401444056297	26.752688988135525
2	24.602076959927597	23.706103668127597	25.255767312736506	26.436052059208297
3	25.19620699009264	23.03016882289381	24.192119603174916	27.581504583838633
4	26.042315287604552	23.382956908546213	22.921337412313004	27.65339039153623
5	25.440047969121803	23.93397088023169	23.68940487266995	26.936576277976553
6	25.45596003149092	23.34537883396438	23.239501529000332	27.95915960554437
7	26.272434716001307	23.428471731638865	22.396131371159306	27.902962181200518
8	25.98567821829946	23.322949227871607	23.70163780088973	26.9897347529392
9	25.536646451482824	22.76578022672876	23.53056963255014	28.167003689238268
10	26.450089845690016	23.53711031548228	22.30061271852765	27.71218712030005
11	25.66354958389147	23.937534318338585	23.461360259967464	26.937555837802478
12	25.556939537325356	23.222633046013783	23.07726482523303	28.143162591427835
13	26.426372156991505	23.555768230591777	22.140975319180313	27.876884293236404
14	25.872774307025054	23.646265674981894	23.299339522146035	27.181620495847014
15	25.524305540290104	22.950346266685393	23.40426811956214	28.121080073462355
16	26.433144232008516	23.134742619113126	22.453007545618757	27.979105603259608
17	25.831517098293894	23.538598937894907	23.36685973250921	27.263024231301998
18	25.65625302014877	22.96903503407287	23.070107096741253	28.3046048490371
19	26.35730161965975	23.34849491404054	22.267662485643086	28.026540980656623
20	25.607660682327438	23.842393606112207	23.573947935392553	26.975997776167805
21	25.5078767022648	23.119532446068096	23.387438201923068	27.985152649744037
22	26.376707702510306	23.60750750076726	22.124137688471745	27.891647108250694
23	26.015682058636756	23.742262537922272	23.28027281435328	26.96178258908769
24	25.890236696362756	22.938660966399787	22.96868023287608	28.20242210436138
25	26.47952291888466	23.379200643701928	21.885541596699483	28.25573484071393
26	25.864845271583732	23.615120300359266	23.122386281781413	27.39764814627559
27	25.602994275282693	23.028633922064216	22.97076276163985	28.397609041013244
28	26.382399947797946	23.534703837799704	22.011858535826477	28.071037678575877
29	25.946858339528855	23.6025248578732	23.18933572500192	27.261281077596024
30	25.74564749560104	23.11751162186029	22.784600116297664	28.352240766241003
31	26.474848798770413	23.543465884746535	21.961121964685404	28.02056335179765
32	25.77728650667138	23.52392096664506	23.18006461546839	27.518727911215162
33	25.76432083684953	22.97951709551719	22.87877669483711	28.37738537279617
34	26.766680496200273	23.15485830435726	21.862232700684235	28.216228498758234
35	26.608184631138265	23.296987035949922	22.3902077337868	27.70462059912501
36	25.73455934031203	22.603902333384877	22.434928812562458	29.226609513740637
37	26.40701971988485	22.598495555701632	21.502622793801322	29.491861930612195
38	27.79346326528574	21.37336334272057	21.832097763755716	29.00107562823797
39	26.39820369658082	22.857524386315664	21.29482263941688	29.44944927768664
>>END_MODULE
>>Per base GC content	pass
#Base	%GC
1	52.072274237877394
2	51.038129019135894
3	52.77771157393127
4	53.69570567914078
5	52.376624247098356
6	53.41511963703529
7	54.175396897201836
8	52.975412971238654
9	53.703650140721095
10	54.16227696599007
11	52.60110542169395
12	53.700102128753194
13	54.30325645022791
14	53.054394802872075
15	53.64538561375246
16	54.41224983526812
17	53.09454132959589
18	53.96085786918587
19	54.38384260031638
20	52.58365845849524
21	53.49302935200883
22	54.268354810761
23	52.977464647724446
24	54.09265880072414
25	54.73525775959859
26	53.262493417859325
27	54.00060331629594
28	54.45343762637383
29	53.208139417124876
30	54.09788826184205
31	54.495412150568065
32	53.29601441788655
33	54.141706209645704
34	54.9829089949585
35	54.31280523026327
36	54.961168854052666
37	55.898881650497046
38	56.794538893523715
39	55.84765297426746
>>END_MODULE
>>Per sequence GC content	pass
#GC Content	Count
0	53.0
1	124.5
2	196.0
3	196.0
4	297.0
5	398.0
6	603.0
7	815.0
8	822.0
9	1150.0
10	1501.5
11	1525.0
12	2250.0
13	3055.0
14	4390.5
15	5713.5
16	5798.0
17	7681.0
18	9748.0
19	13869.5
20	17853.5
21	18035.5
22	24033.0
23	29975.0
24	40881.0
25	51842.5
26	52844.0
27	69345.0
28	85279.5
29	111387.5
30	138303.5
31	139766.5
32	186909.5
33	236478.0
34	239669.0
35	283376.5
36	330286.5
37	407993.5
38	486021.0
39	494763.5
40	572736.0
41	651542.0
42	732593.0
43	811772.5
44	820097.0
45	902390.5
46	983228.5
47	1054239.0
48	1122135.0
49	1124866.0
50	1166828.0
51	1207170.5
52	1208282.0
53	1208737.5
54	1209203.5
55	1161590.5
56	1109285.5
57	1101879.0
58	1046792.5
59	991805.5
60	906856.5
61	819443.0
62	813728.0
63	745254.0
64	671126.0
65	607311.5
66	548328.5
67	543495.5
68	484881.0
69	428020.0
70	423749.5
71	374510.5
72	325881.5
73	284872.0
74	243947.5
75	241435.0
76	208878.0
77	175543.0
78	150784.0
79	126262.0
80	123901.5
81	105337.0
82	86897.5
83	72781.5
84	59417.0
85	58321.5
86	48737.0
87	39696.0
88	32810.0
89	26102.0
90	25857.5
91	20695.5
92	15778.0
93	15328.5
94	11866.0
95	8853.0
96	6292.5
97	3732.0
98	3732.0
99	2580.0
100	1428.0
>>END_MODULE
>>Per base N content	pass
#Base	N-Count
1	0.0
2	0.0
3	0.0
4	0.0
5	0.0
6	0.0
7	0.0
8	0.0
9	0.0
10	0.0
11	0.0
12	0.0
13	0.0
14	0.0
15	0.0
16	0.0
17	0.0
18	0.0
19	0.0
20	0.0
21	0.0
22	0.0
23	0.0
24	0.0
25	0.0
26	0.0
27	0.0
28	0.0
29	0.0
30	0.0
31	0.0
32	0.0
33	0.0
34	0.0
35	0.0
36	0.0
37	0.0
38	0.0
39	0.0
>>END_MODULE
>>Sequence Length Distribution	warn
#Length	Count
35	451212.0
36	359008.0
37	238960.0
38	143651.0
39	1.1772176E7
>>END_MODULE
>>Sequence Duplication Levels	fail
#Total Duplicate Percentage	79.70021701062917
#Duplication Level	Relative count
1	100.0
2	58.35848505500925
3	33.239217213513776
4	21.28906630318372
5	15.39480089572583
6	12.213026969136404
7	9.88998150131438
8	8.304936228215364
9	7.035342225683965
10++	123.72115665465874
>>END_MODULE
>>Overrepresented sequences	pass
>>END_MODULE
>>Kmer Content	warn
#Sequence	Count	Obs/Exp Overall	Obs/Exp Max	Max Obs/Exp Position
CAGCA	1584010	3.2214277	3.6653216	27
>>END_MODULE
