##FastQC	0.10.1
>>Basic Statistics	pass
#Measure	Value	
Filename	Control_2_filtered.fastq	
File type	Conventional base calls	
Encoding	Sanger / Illumina 1.9	
Total Sequences	24207562	
Filtered Sequences	0	
Sequence length	39	
%GC	50	
>>END_MODULE
>>Per base sequence quality	pass
#Base	Mean	Median	Lower Quartile	Upper Quartile	10th Percentile	90th Percentile
1	38.23885833691141	39.0	39.0	39.0	37.0	39.0
2	39.76307523244183	41.0	39.0	41.0	37.0	41.0
3	39.74554884957023	41.0	39.0	41.0	37.0	41.0
4	39.71888412389484	41.0	39.0	41.0	37.0	41.0
5	39.717387897219886	41.0	39.0	41.0	37.0	41.0
6	39.72171456175554	41.0	39.0	41.0	37.0	41.0
7	39.761211434674834	41.0	39.0	41.0	37.0	41.0
8	39.7448957478659	41.0	39.0	41.0	37.0	41.0
9	39.726391901836294	41.0	39.0	41.0	37.0	41.0
10	39.71573085302849	41.0	39.0	41.0	37.0	41.0
11	39.701138388078896	41.0	39.0	41.0	37.0	41.0
12	39.7091142842059	41.0	39.0	41.0	37.0	41.0
13	39.69308759799934	41.0	39.0	41.0	37.0	41.0
14	39.66762745459456	41.0	39.0	41.0	37.0	41.0
15	39.64179379154332	41.0	39.0	41.0	37.0	41.0
16	39.62542287405894	41.0	39.0	41.0	37.0	41.0
17	39.591747859615104	41.0	39.0	41.0	37.0	41.0
18	39.57467096438708	41.0	39.0	41.0	37.0	41.0
19	39.53774250376804	41.0	39.0	41.0	37.0	41.0
20	39.503225521016944	41.0	39.0	41.0	36.0	41.0
21	39.46650687086952	41.0	39.0	41.0	36.0	41.0
22	39.43643837409154	41.0	39.0	41.0	36.0	41.0
23	39.38457334117331	40.0	39.0	41.0	36.0	41.0
24	39.33487316897092	40.0	39.0	41.0	36.0	41.0
25	39.298001508784736	40.0	39.0	41.0	35.0	41.0
26	39.25156436653968	40.0	38.0	41.0	35.0	41.0
27	39.18577199141326	40.0	38.0	41.0	35.0	41.0
28	39.12071223859718	40.0	38.0	41.0	35.0	41.0
29	39.0599035954137	40.0	38.0	41.0	35.0	41.0
30	38.985871191820145	40.0	38.0	41.0	35.0	41.0
31	38.93826689362605	40.0	38.0	41.0	35.0	41.0
32	38.86114776861875	40.0	38.0	41.0	35.0	41.0
33	38.79322564577135	40.0	38.0	41.0	35.0	41.0
34	38.722987015379736	40.0	38.0	41.0	35.0	41.0
35	38.63676131450164	40.0	37.0	41.0	35.0	41.0
36	38.551453260762074	40.0	37.0	41.0	35.0	41.0
37	38.44187122189339	40.0	37.0	41.0	35.0	41.0
38	38.336297393351714	40.0	37.0	41.0	34.0	41.0
39	38.21273798658452	40.0	36.0	41.0	34.0	41.0
>>END_MODULE
>>Per sequence quality scores	pass
#Quality	Count
26	4.0
27	39.0
28	268.0
29	1749.0
30	8242.0
31	31724.0
32	95081.0
33	229299.0
34	467962.0
35	809887.0
36	1272265.0
37	1927547.0
38	2841074.0
39	4528537.0
40	1.1993884E7
>>END_MODULE
>>Per base sequence content	pass
#Base	G	A	T	C
1	23.93287271142794	24.566344186167942	25.43288332794521	26.06789977445891
2	23.009913183326763	24.953504198398832	26.57491489642782	25.461667721846588
3	23.39329751587541	24.15121770626881	25.708268350195695	26.747216427660085
4	24.596343076597304	24.483109864595203	24.071052673540606	26.849494385266887
5	23.843033015881566	25.209837322734113	25.079489623944784	25.867640037439543
6	23.547026338298753	24.802394392297746	24.857170664274246	26.793408605129255
7	24.645819351820723	24.758907980902826	23.727684762306918	26.867587904969533
8	24.05792041346419	24.9539709946834	25.254653896993013	25.733454694859397
9	23.6136171003094	24.298791427240793	25.15889869454842	26.928692777901386
10	24.750679147284636	24.952471463255986	23.512070319183735	26.784779070275643
11	23.955939883578527	25.51016083321402	24.915115367668996	25.618783915538458
12	23.569271453275633	24.712905826699938	24.708874028702272	27.00894869132216
13	24.821396718926096	24.925979741371727	23.430347921860122	26.822275617842063
14	24.054582613482513	25.217876133086015	24.61344930150339	26.11409195192808
15	23.603835033036372	24.40060258856303	24.890598235377855	27.104964143022748
16	24.72039109101528	24.55853670848803	23.74535279513071	26.97571940536598
17	24.091868483079793	25.13100658381046	24.760089429906245	26.017035503203502
18	23.757163154224287	24.3860864633952	24.645658245138442	27.211092137242073
19	24.667333290316474	24.757317568782845	23.505729325406662	27.06961981549402
20	24.01901521516293	25.229806289456164	24.841266543074433	25.909911952306473
21	23.559675278328317	24.390589188618	24.989340107855554	27.060395425198124
22	24.742479230250446	24.89353120318353	23.358374544284963	27.005615022281056
23	24.25768856855556	25.3010897999559	24.554979968656077	25.886241662832465
24	23.865451630362447	24.361449533827486	24.464479322618278	27.308619513191783
25	24.76185747247079	24.684823692695694	23.135415288825865	27.41790354600765
26	24.11353526637668	25.083860159069303	24.45197083456814	26.35063373998588
27	23.628451307901223	24.497415311793894	24.52063945968619	27.35349392061869
28	24.713632872240503	24.972750250520892	23.162332497588977	27.15128437964963
29	24.14457515383003	25.210262809612967	24.460224453829756	26.184937582727247
30	23.832263653811978	24.500476338757284	24.354984611833277	27.312275395597457
31	24.724926863762654	24.966595149069533	23.15770171320846	27.150776273959355
32	24.01889541788636	25.14461803299316	24.591183531823653	26.245303017296827
33	23.816723055382447	24.38429776612779	24.355988430392124	27.44299074809764
34	24.831133345852837	24.63642972390198	23.11256705652556	27.419869873719627
35	24.285849190430657	24.999097389485154	24.29506944978598	26.419983970298205
36	23.578400831938385	24.380191611199837	24.225768790760508	27.81563876610127
37	25.04967249490056	24.528533687118102	23.082952343569335	27.338841474412007
38	24.652722153515498	25.10235438000737	24.18512859741927	26.059794869057857
39	24.2676565281543	24.425231256249596	24.052083394436828	27.25502882115927
>>END_MODULE
>>Per base GC content	pass
#Base	%GC
1	50.00077248588685
2	48.47158090517335
3	50.140513943535495
4	51.44583746186419
5	49.71067305332111
6	50.340434943428
7	51.51340725679026
8	49.791375108323585
9	50.54230987821079
10	51.53545821756028
11	49.57472379911699
12	50.57822014459779
13	51.643672336768155
14	50.1686745654106
15	50.70879917605912
16	51.69611049638125
17	50.108903986283295
18	50.968255291466356
19	51.73695310581049
20	49.9289271674694
21	50.620070703526444
22	51.74809425253151
23	50.143930231388026
24	51.17407114355424
25	52.179761018478445
26	50.46416900636256
27	50.98194522851991
28	51.864917251890134
29	50.32951273655728
30	51.14453904940943
31	51.875703137722006
32	50.26419843518318
33	51.25971380348009
34	52.25100321957247
35	50.705833160728865
36	51.394039598039654
37	52.38851396931257
38	50.71251702257336
39	51.522685349313576
>>END_MODULE
>>Per sequence GC content	pass
#GC Content	Count
0	169.0
1	413.5
2	658.0
3	658.0
4	1045.0
5	1432.0
6	2371.5
7	3311.0
8	3311.0
9	4816.0
10	6321.0
11	6321.0
12	9686.5
13	13052.0
14	20884.0
15	28716.0
16	28716.0
17	37090.5
18	45465.0
19	61596.5
20	77728.0
21	77728.0
22	104928.0
23	132128.0
24	176847.0
25	221566.0
26	221566.0
27	269652.5
28	317739.0
29	398953.0
30	480167.0
31	480167.0
32	605745.0
33	731323.0
34	731323.0
35	841663.5
36	952004.0
37	1112262.5
38	1272521.0
39	1272521.0
40	1410285.5
41	1548050.0
42	1655683.5
43	1763317.0
44	1763317.0
45	1880619.5
46	1997922.0
47	2057423.5
48	2116925.0
49	2116925.0
50	2122224.0
51	2127523.0
52	2127523.0
53	2070431.5
54	2013340.0
55	1887790.0
56	1762240.0
57	1762240.0
58	1641485.5
59	1520731.0
60	1371457.0
61	1222183.0
62	1222183.0
63	1100212.5
64	978242.0
65	880958.0
66	783674.0
67	783674.0
68	698406.0
69	613138.0
70	613138.0
71	534683.5
72	456229.0
73	396491.5
74	336754.0
75	336754.0
76	285870.5
77	234987.0
78	198511.5
79	162036.0
80	162036.0
81	134493.5
82	106951.0
83	89203.0
84	71455.0
85	71455.0
86	59117.5
87	46780.0
88	38214.0
89	29648.0
90	29648.0
91	23417.0
92	17186.0
93	17186.0
94	13186.5
95	9187.0
96	6361.0
97	3535.0
98	3535.0
99	2382.0
100	1229.0
>>END_MODULE
>>Per base N content	pass
#Base	N-Count
1	0.0
2	0.0
3	0.0
4	0.0
5	0.0
6	0.0
7	0.0
8	0.0
9	0.0
10	0.0
11	0.0
12	0.0
13	0.0
14	0.0
15	0.0
16	0.0
17	0.0
18	0.0
19	0.0
20	0.0
21	0.0
22	0.0
23	0.0
24	0.0
25	0.0
26	0.0
27	0.0
28	0.0
29	0.0
30	0.0
31	0.0
32	0.0
33	0.0
34	0.0
35	0.0
36	0.0
37	0.0
38	0.0
39	0.0
>>END_MODULE
>>Sequence Length Distribution	pass
#Length	Count
39	2.4207562E7
>>END_MODULE
>>Sequence Duplication Levels	fail
#Total Duplicate Percentage	87.76192977813238
#Duplication Level	Relative count
1	100.0
2	85.7050640673918
3	57.63805958106058
4	39.16986734660943
5	28.434948197398572
6	22.112126004583157
7	17.63224994351741
8	14.998547590614209
9	13.323435432333861
10++	266.5009844108059
>>END_MODULE
>>Overrepresented sequences	pass
>>END_MODULE
>>Kmer Content	warn
#Sequence	Count	Obs/Exp Overall	Obs/Exp Max	Max Obs/Exp Position
AAAAA	3425000	4.3236537	5.163484	11
TTCTT	2630575	3.3022492	3.8459969	11
CAGCA	2930785	3.267233	3.7242613	27
CTTCT	2710210	3.1008713	3.6358905	1
>>END_MODULE
