##FastQC	0.10.1
>>Basic Statistics	pass
#Measure	Value	
Filename	Sample_1_L001_trimmed.fastq	
File type	Conventional base calls	
Encoding	Sanger / Illumina 1.9	
Total Sequences	90028	
Filtered Sequences	0	
Sequence length	20-51	
%GC	51	
>>END_MODULE
>>Per base sequence quality	pass
#Base	Mean	Median	Lower Quartile	Upper Quartile	10th Percentile	90th Percentile
1	32.38917892211312	34.0	31.0	34.0	30.0	34.0
2	32.61693028835474	34.0	31.0	34.0	31.0	34.0
3	32.690485182387704	34.0	31.0	34.0	31.0	34.0
4	36.047329719642775	37.0	35.0	37.0	35.0	37.0
5	36.156429110943265	37.0	35.0	37.0	35.0	37.0
6	36.02828009063847	37.0	35.0	37.0	35.0	37.0
7	36.00954147598525	37.0	35.0	37.0	35.0	37.0
8	35.99852268183232	37.0	35.0	37.0	35.0	37.0
9	37.71870973474919	39.0	38.0	39.0	35.0	39.0
10	37.721519971564405	39.0	38.0	39.0	35.0	39.0
11	37.73705958146355	39.0	38.0	39.0	35.0	39.0
12	37.72304172035367	39.0	38.0	39.0	35.0	39.0
13	37.60753321188963	39.0	37.0	39.0	35.0	39.0
14	38.963544674990004	40.0	38.0	41.0	35.0	41.0
15	38.93146576620607	40.0	38.0	41.0	35.0	41.0
16	38.83747278624428	40.0	38.0	41.0	35.0	41.0
17	38.88471364464389	40.0	38.0	41.0	35.0	41.0
18	38.8986315368552	40.0	38.0	41.0	35.0	41.0
19	38.93482027813569	40.0	39.0	41.0	35.0	41.0
20	38.93091038343626	40.0	38.0	41.0	35.0	41.0
21	38.899293443242165	40.0	38.0	41.0	35.0	41.0
22	38.796253890618054	40.0	38.0	41.0	34.0	41.0
23	38.80261499157714	40.0	38.0	41.0	34.0	41.0
24	38.807104936179826	40.0	38.0	41.0	34.0	41.0
25	38.79700391533791	40.0	38.0	41.0	34.0	41.0
26	38.77993748223927	40.0	38.0	41.0	34.0	41.0
27	38.72092071145885	40.0	38.0	41.0	34.0	41.0
28	38.702933915793544	40.0	38.0	41.0	34.0	41.0
29	38.648358276902066	40.0	38.0	41.0	34.0	41.0
30	38.62950606881789	40.0	38.0	41.0	34.0	41.0
31	38.56044919761734	40.0	38.0	41.0	34.0	41.0
32	38.54309775052989	40.0	38.0	41.0	34.0	41.0
33	38.486747262773726	40.0	38.0	41.0	34.0	41.0
34	38.445238394192245	40.0	38.0	41.0	34.0	41.0
35	38.374428806433926	40.0	38.0	41.0	34.0	41.0
36	38.31524497587965	40.0	38.0	41.0	33.0	41.0
37	38.27444719131987	40.0	38.0	41.0	33.0	41.0
38	38.219754898027034	40.0	38.0	41.0	33.0	41.0
39	38.14649769267856	40.0	37.0	41.0	33.0	41.0
40	38.072251742460836	40.0	37.0	41.0	33.0	41.0
41	37.98132662829725	40.0	37.0	41.0	33.0	41.0
42	37.91960983727811	40.0	37.0	41.0	33.0	41.0
43	37.86965888689407	40.0	37.0	41.0	33.0	41.0
44	37.77126362010083	40.0	36.0	41.0	33.0	41.0
45	37.70589331252838	40.0	36.0	41.0	33.0	41.0
46	37.65476399265729	40.0	36.0	41.0	33.0	41.0
47	37.572770174055286	39.0	35.0	41.0	33.0	41.0
48	37.473545988727665	39.0	35.0	41.0	32.0	41.0
49	37.389987601124496	39.0	35.0	41.0	32.0	41.0
50	37.373534193929835	39.0	35.0	41.0	32.0	41.0
51	37.4785119543978	39.0	35.0	41.0	32.0	41.0
>>END_MODULE
>>Per sequence quality scores	pass
#Quality	Count
13	1.0
14	0.0
15	1.0
16	1.0
17	2.0
18	2.0
19	4.0
20	17.0
21	38.0
22	63.0
23	99.0
24	193.0
25	244.0
26	340.0
27	500.0
28	612.0
29	894.0
30	1044.0
31	1393.0
32	1782.0
33	2177.0
34	3037.0
35	4263.0
36	6324.0
37	9600.0
38	15921.0
39	40042.0
40	1434.0
>>END_MODULE
>>Per base sequence content	fail
#Base	G	A	T	C
1	33.30368855192654	13.355715143295463	14.103875314049402	39.2367209907286
2	25.140235707065656	13.78142112921679	29.824386017528077	31.253957146189475
3	23.771493313191453	18.964100057759808	21.02123783711734	36.2431687919314
4	26.31070333673968	23.458257431021458	19.257342160216822	30.973697072022038
5	27.255156786297448	26.871938418474457	22.57989269885701	23.293012096371086
6	25.253254543031055	28.30119518372062	23.733727284844715	22.711822988403608
7	22.321944284000534	23.885902163771274	32.760918825254365	21.03123472697383
8	22.4863375838628	23.963655751543964	28.543342071355575	25.00666459323766
9	22.535211267605636	21.186741902519216	29.9595681343582	26.31847869551695
10	24.13027058248545	30.717110232372153	23.428266761451994	21.72435242369041
11	26.137423912560536	26.645043764162263	21.0612253965433	26.156306926733908
12	25.581214524531532	22.858697946171706	24.27049662878914	27.289590900507626
13	23.686227465093808	24.881424461550424	25.467915181001256	25.964432892354516
14	24.591238281423557	25.30101746123428	25.258808370729106	24.848935886613056
15	25.96081219176256	25.188830141733682	24.046963167014706	24.80339449948905
16	24.96248958043901	25.265907196443454	24.706863017504862	25.06474020561267
17	24.846714355533834	25.94081841204958	23.60043542009153	25.612031812325053
18	25.65313013729062	24.356866752565868	23.99253565557382	25.99746745456969
19	25.14217798907007	23.662638290309683	23.958101923845916	27.237081796774337
20	24.94112942640068	24.76562847114231	25.141067223530456	25.15217487892656
21	25.666007509942894	23.9696047281534	23.86850934299109	26.495878418912618
22	25.960426856380614	24.732103156958647	23.766118274788795	25.541351711871947
23	24.77883017057688	25.751642736816272	23.904191349554313	25.565335743052536
24	24.98701005308935	24.919236417033773	24.02801310290297	26.065740426973903
25	25.222720308687514	25.251092322533054	23.625943369460366	25.900243999319073
26	25.168513782324524	24.53537936913896	24.073884626314292	26.222222222222225
27	24.564436155210846	24.09020606832552	24.448437428922347	26.896920347541283
28	25.32935902978452	24.572800291246672	23.674031263509978	26.423809415458827
29	25.553127560775746	24.38996631157243	24.14754620777565	25.909359919876174
30	24.8787375037005	24.10789515633184	24.030469337098353	26.98289800286931
31	25.392649286454592	24.138677236022367	24.113620573797565	26.35505290372547
32	24.813966474080658	24.84701377730676	24.516540745045752	25.82247900356683
33	25.17992175827184	24.866270515642643	23.902505788291116	26.051301937794403
34	25.22402200837871	25.17493693138363	23.298288871385683	26.30275218885198
35	25.35875874045976	24.636671084502538	23.95571500388465	26.048855171153058
36	24.94826975180913	25.021435185714445	23.802773427228974	26.22752163524745
37	25.13220245862235	25.04979053636426	23.63047409747499	26.1875329075384
38	25.40072003485519	24.622211011488453	23.909055470201103	26.06801348345525
39	24.852193279529775	24.593890272882778	23.893602121528694	26.660314326058753
40	25.488549706122544	25.071025177994272	23.096122657894433	26.34430245798875
41	25.174462195051618	24.948382259645886	23.83182421131553	26.045331333986965
42	24.835581446420935	24.818243813354602	23.838089624004528	26.50808511621993
43	25.508844687974236	24.831157397217428	23.77234340789824	25.887654506910096
44	25.392657992565056	24.838522304832715	24.00557620817844	25.763243494423794
45	25.20060092934422	24.640432296458474	23.49796778739213	26.660998986805172
46	25.504846762783412	24.709720419546077	22.99902947813987	26.78640333953064
47	25.393705421247148	24.84640192085874	23.522280548951297	26.23761210894282
48	24.570051090163343	24.874673190856537	23.50507303734619	27.050202681633927
49	24.88091145705446	25.02087118793891	23.364681039139615	26.733536315867013
50	25.380616870319272	23.982558139534884	23.74113125739062	26.89569373275522
51	25.16833235839546	25.07249803975257	23.040063723598887	26.71910587825308
>>END_MODULE
>>Per base GC content	fail
#Base	%GC
1	72.54040954265514
2	56.394192853255134
3	60.01466210512285
4	57.28440040876171
5	50.548168882668534
6	47.965077531434666
7	43.353179010974365
8	47.49300217710046
9	48.853689963122584
10	45.854623006175856
11	52.29373083929444
12	52.87080542503916
13	49.650660357448324
14	49.44017416803661
15	50.764206691251616
16	50.027229786051684
17	50.45874616785889
18	51.65059759186031
19	52.379259785844404
20	50.09330430532724
21	52.16188592885551
22	51.501778568252554
23	50.34416591362941
24	51.05275048006326
25	51.12296430800658
26	51.390736004546746
27	51.46135650275213
28	51.75316844524335
29	51.462487480651916
30	51.861635506569804
31	51.747702190180064
32	50.636445477647484
33	51.231223696066245
34	51.52677419723069
35	51.40761391161281
36	51.17579138705658
37	51.31973536616074
38	51.46873351831044
39	51.51250760558853
40	51.8328521641113
41	51.21979352903858
42	51.34366656264086
43	51.39649919488433
44	51.15590148698885
45	51.861599916149395
46	52.291250102314045
47	51.63131753018997
48	51.62025377179727
49	51.61444777292148
50	52.27631060307449
51	51.88743823664854
>>END_MODULE
>>Per sequence GC content	pass
#GC Content	Count
0	44.0
1	35.5
2	16.5
3	7.5
4	9.5
5	10.5
6	10.5
7	7.5
8	5.0
9	5.0
10	7.0
11	12.5
12	16.5
13	20.5
14	24.5
15	28.5
16	31.5
17	43.0
18	60.0
19	92.5
20	118.0
21	132.0
22	154.5
23	195.5
24	247.0
25	326.0
26	466.0
27	547.0
28	704.0
29	858.0
30	995.0
31	1152.5
32	1391.5
33	1627.5
34	1972.0
35	2348.5
36	2708.5
37	3202.5
38	3769.0
39	4200.5
40	4499.5
41	4778.0
42	5177.5
43	5629.5
44	6050.0
45	6406.5
46	6414.5
47	6381.0
48	6378.0
49	6435.5
50	6327.5
51	6176.0
52	5997.5
53	5858.0
54	5841.5
55	5807.0
56	5658.5
57	5445.0
58	5069.5
59	4672.0
60	4256.0
61	3874.5
62	3563.5
63	3281.5
64	3035.0
65	2782.0
66	2603.0
67	2432.5
68	2176.5
69	1917.0
70	1763.5
71	1631.5
72	1436.5
73	1219.0
74	1041.5
75	823.5
76	762.0
77	656.5
78	559.0
79	498.0
80	435.0
81	399.5
82	358.5
83	288.5
84	223.5
85	207.0
86	190.5
87	152.0
88	116.0
89	103.0
90	88.0
91	63.5
92	40.5
93	35.5
94	29.5
95	22.0
96	16.0
97	11.0
98	6.0
99	5.0
100	4.0
>>END_MODULE
>>Per base N content	pass
#Base	N-Count
1	0.08219664993113254
2	0.0011107655396098992
3	0.0
4	0.0
5	0.0011107655396098992
6	0.0
7	0.0
8	0.0
9	0.0
10	0.0
11	0.0
12	0.0011107655396098992
13	0.0011107655396098992
14	0.0
15	0.0
16	0.058870573599324655
17	0.0
18	0.0
19	0.0
20	0.0
21	0.0
22	0.0
23	0.0
24	0.0
25	0.0
26	0.0
27	0.0
28	0.00568808800609763
29	0.0011381095999544756
30	0.0
31	0.0
32	0.0011395491943387195
33	0.0034215328467153286
34	0.0045658451950186625
35	0.013708645585816122
36	0.005715722810306591
37	0.006867188572998215
38	0.012610485045111145
39	0.008035447804026907
40	0.005750695834195938
41	0.006920335405589324
42	0.012712647928994084
43	0.013899345572479295
44	0.006969774411634877
45	0.011644561407594583
46	0.0070153284927566735
47	0.012945288503406965
48	0.009593476436023504
49	0.008593280054996991
50	0.0
51	0.0
>>END_MODULE
>>Sequence Length Distribution	warn
#Length	Count
20	14.0
21	54.0
22	323.0
23	1107.0
24	415.0
25	140.0
26	43.0
27	29.0
28	38.0
29	39.0
30	25.0
31	47.0
32	74.0
33	73.0
34	71.0
35	58.0
36	106.0
37	143.0
38	115.0
39	168.0
40	245.0
41	173.0
42	193.0
43	249.0
44	209.0
45	350.0
46	554.0
47	1583.0
48	1931.0
49	275.0
50	837.0
51	80347.0
>>END_MODULE
>>Sequence Duplication Levels	warn
#Total Duplicate Percentage	28.260410765659195
#Duplication Level	Relative count
1	100.0
2	11.875822559417822
3	2.1026554153441204
4	0.5388248045211737
5	0.23689711233258495
6	0.09135248122629093
7	0.055740497019431755
8	0.027870248509715877
9	0.035611984206859175
10++	0.17496322675543857
>>END_MODULE
>>Overrepresented sequences	warn
#Sequence	Count	Percentage	Possible Source
TGAGATGAAGCACTGTAGCTCTA	255	0.28324521260052427	No Hit
TCAGTGCACTACAGAACTTTGTA	254	0.2821344470609144	No Hit
TGAGATGAAGCACTGTAGCTCA	179	0.19882703159017195	No Hit
TGAGATGAAGCACTGTAGCTCGA	92	0.10219042964411072	No Hit
>>END_MODULE
>>Kmer Content	warn
#Sequence	Count	Obs/Exp Overall	Obs/Exp Max	Max Obs/Exp Position
AAAAA	15765	4.4572067	6.441681	26
TTTTT	11335	3.4120247	9.973357	27
CAGCA	13530	3.1413932	7.5106277	10
TTCTT	11430	3.1304078	5.843463	7
CTTCT	11695	2.9141977	5.373772	5
TCTTC	10705	2.667506	5.087933	5
AGCAG	10600	2.5844066	6.824133	17
CAAAA	8925	2.3247988	7.7150245	13
AGAAA	8450	2.311343	8.164349	14
CTCCT	10155	2.3023045	6.45289	1
AAAAG	7880	2.1554298	7.7875314	14
TGAAG	7695	2.0620518	9.775087	6
CTCCA	9195	2.0586863	8.222582	1
CAGAA	7875	1.9845711	6.1332746	12
GCCAG	8740	1.9632465	5.207563	1
TCCAG	8345	1.9619831	5.1781282	2
AACAA	7415	1.9314717	6.991908	17
GATGA	7195	1.9280652	10.143959	4
TCAGC	8165	1.9196632	7.012048	9
TTGAA	6475	1.8160849	5.4051566	7
ATCAG	7020	1.7914208	12.118908	8
GCAGG	7475	1.7632141	6.011227	18
GAAGC	7165	1.7469126	9.397166	7
AAGCA	6875	1.7325621	9.366207	8
ATGAA	6220	1.72283	10.485004	5
AGCTC	7095	1.6680968	9.65505	17
AGCAC	7070	1.6415114	8.469431	9
AAACA	6220	1.6201961	6.8777356	16
AGCAA	6380	1.6078175	6.880115	11
GATCA	6280	1.6025814	11.533452	7
TTTGT	5545	1.5947284	5.5463943	18
TGATC	5945	1.5362316	11.619663	6
AGATG	5475	1.4671519	10.14396	3
AAAGC	5695	1.4351914	7.059052	15
TGTAG	5210	1.4137512	10.093011	14
GCAAA	5600	1.4112506	6.2489967	12
GTTTT	4750	1.3660883	5.134019	26
CAAGG	5510	1.3434037	6.120766	19
AGTAG	4920	1.3184268	6.7626395	11
TGAGA	4775	1.2795707	9.964504	1
TCAGT	4925	1.2726562	6.3433876	9
GTAGA	4700	1.2594727	6.2756915	12
CACTG	5285	1.2425499	8.899907	11
ACAGA	4865	1.2260237	5.145632	11
GAACT	4790	1.2223512	5.0974174	14
TAGAA	4355	1.206258	6.2958984	13
GTGAT	4440	1.2048092	12.264057	5
GCACT	5090	1.1967039	8.899907	10
AACTT	4480	1.1965861	5.8258605	15
GAAAC	4710	1.1869626	5.8439693	15
ACAAG	4580	1.1542013	5.843644	18
CTGTA	4435	1.1460365	9.37416	13
CAGTA	4380	1.117724	5.854544	10
GAGAT	3955	1.0598329	9.467695	2
ACTTT	3895	1.0534593	5.3404665	16
ACTGT	3815	0.9858239	9.611481	12
GTAGC	3980	0.98261285	8.899579	15
TAGCT	3160	0.81656724	9.31483	16
GCGTG	3210	0.7667314	9.534987	3
CGCGT	3085	0.70171857	9.184448	2
CGTGA	2790	0.6888164	10.082122	4
ACGCG	2215	0.49755043	8.919885	1
>>END_MODULE
