##FastQC	0.10.1
>>Basic Statistics	pass
#Measure	Value	
Filename	Sample_3_L002_poly.fastq	
File type	Conventional base calls	
Encoding	Sanger / Illumina 1.9	
Total Sequences	12448456	
Filtered Sequences	0	
Sequence length	35-39	
%GC	55	
>>END_MODULE
>>Per base sequence quality	pass
#Base	Mean	Median	Lower Quartile	Upper Quartile	10th Percentile	90th Percentile
1	37.64507196715802	39.0	38.0	39.0	35.0	39.0
2	39.019814585841004	41.0	38.0	41.0	35.0	41.0
3	38.98924830517134	41.0	38.0	41.0	35.0	41.0
4	38.95842359887845	41.0	38.0	41.0	35.0	41.0
5	38.94514926188437	40.0	38.0	41.0	35.0	41.0
6	38.93834568720812	40.0	38.0	41.0	35.0	41.0
7	38.96138742025517	41.0	39.0	41.0	35.0	41.0
8	38.87695783316421	40.0	38.0	41.0	35.0	41.0
9	38.87854646391488	40.0	38.0	41.0	35.0	41.0
10	38.88288579724264	40.0	38.0	41.0	35.0	41.0
11	38.85666856998169	40.0	38.0	41.0	35.0	41.0
12	38.831950163136696	40.0	38.0	41.0	35.0	41.0
13	38.7967569632732	40.0	38.0	41.0	35.0	41.0
14	38.74032161096926	40.0	38.0	41.0	34.0	41.0
15	38.68907557692295	40.0	38.0	41.0	34.0	41.0
16	38.637327151254745	40.0	38.0	41.0	34.0	41.0
17	38.58649474280184	40.0	38.0	41.0	34.0	41.0
18	38.54505892136342	40.0	38.0	41.0	34.0	41.0
19	38.49614289515101	40.0	38.0	41.0	34.0	41.0
20	38.434073269809524	40.0	38.0	41.0	34.0	41.0
21	38.36574431399364	40.0	38.0	41.0	34.0	41.0
22	38.302096581294904	40.0	38.0	41.0	33.0	41.0
23	38.22863148650724	40.0	38.0	41.0	33.0	41.0
24	38.014676840244285	40.0	37.0	41.0	33.0	41.0
25	38.01089339914926	40.0	37.0	41.0	33.0	41.0
26	37.96124700123453	40.0	37.0	41.0	33.0	41.0
27	37.88685311656321	40.0	37.0	41.0	33.0	41.0
28	37.7961691795352	40.0	36.0	41.0	33.0	41.0
29	37.72159390690701	40.0	36.0	41.0	33.0	41.0
30	37.572064278493656	40.0	36.0	41.0	33.0	41.0
31	37.52392939333199	40.0	35.0	41.0	32.0	41.0
32	37.43169562554585	39.0	35.0	41.0	32.0	41.0
33	37.349884515798585	39.0	35.0	41.0	32.0	41.0
34	37.252977959676286	39.0	35.0	41.0	32.0	41.0
35	37.15537260203193	39.0	35.0	41.0	32.0	41.0
36	37.05870476473944	39.0	35.0	41.0	32.0	41.0
37	36.938839562029074	39.0	35.0	41.0	31.0	41.0
38	36.90598085701505	38.0	35.0	41.0	31.0	41.0
39	37.04054272023454	38.0	35.0	41.0	32.0	41.0
>>END_MODULE
>>Per sequence quality scores	pass
#Quality	Count
9	2.0
10	6.0
11	16.0
12	51.0
13	117.0
14	233.0
15	470.0
16	893.0
17	1459.0
18	2685.0
19	4444.0
20	7267.0
21	11167.0
22	16671.0
23	23999.0
24	33060.0
25	44302.0
26	58315.0
27	75402.0
28	95296.0
29	118098.0
30	146336.0
31	180219.0
32	221322.0
33	278566.0
34	374732.0
35	506035.0
36	708929.0
37	1017914.0
38	1436625.0
39	2144820.0
40	4936116.0
41	2889.0
>>END_MODULE
>>Per base sequence content	pass
#Base	G	A	T	C
1	25.961749794512667	23.200258730881966	23.68949209444127	27.148499380164093
2	25.52882060233012	22.757649623374977	23.979391500439895	27.73413827385501
3	26.33052645243715	22.46093812758787	23.11289046609475	28.09564495388022
4	26.8309017600255	22.581169905729677	22.433280079071654	28.15464825517317
5	26.408238901274185	22.81667702404218	22.52909919109647	28.245984883587173
6	26.390919484311947	22.626018841212115	22.413341863440735	28.5697198110352
7	26.704339879580246	22.603100336298734	22.039721231291658	28.652838552829362
8	27.021776837223825	22.241095602538984	22.491455968515293	28.245671591721898
9	26.585120275157013	22.306107681145356	22.403854743110312	28.70491730058732
10	27.03702370800041	22.97218225296374	21.73258273957831	28.258211299457543
11	26.760619951582747	23.13425857793127	22.0986602675866	28.00646120289938
12	26.75795295416556	22.6644252106446	22.028780115381377	28.548841719808465
13	27.008265121393364	22.930900024870553	21.67358747141011	28.38724738232597
14	26.84546581519829	22.66332467255377	22.07817579947264	28.413033712775302
15	26.560081025309483	22.48576048306714	22.345461959298408	28.608696532324974
16	27.029143212620106	22.622757392563383	21.90062767623551	28.447471718581003
17	26.787386323251656	22.659589269544753	22.097640060743277	28.455384346460317
18	26.616891283545524	22.52759699676811	22.150594419099043	28.70491730058732
19	26.95643540050268	22.746917368708218	21.754810395763137	28.54183683502597
20	26.5596552696977	22.903217876980083	22.367368290493214	28.169758562828996
21	26.54695489946705	22.537469707086565	22.373144107188875	28.542431286257507
22	26.95274016311742	22.93024130864101	21.700964360560057	28.41605416768152
23	26.89390555744423	22.8514042223389	22.127973139801433	28.126717080415435
24	26.983715892155622	22.556612643367178	21.893397863959997	28.566273600517206
25	27.16380248281393	22.677880694601804	21.472936081390333	28.685380741193928
26	26.808272447603144	22.756902542773176	21.928382122248735	28.50644288737495
27	26.6987729241281	22.480362223234753	21.973327455228183	28.847537397408963
28	26.80820014948039	22.865976310636434	21.533995862619427	28.791827677263747
29	26.757382602308272	22.760621879532692	22.052068144033285	28.429927374125757
30	26.777328851063942	22.628950931746072	21.713656697665957	28.88006351952403
31	27.008345452640874	22.910150463639827	21.47696871001512	28.604535373704177
32	26.70592240515611	22.607044600551266	22.030756264070018	28.656276730222608
33	26.72629440952356	22.41975229699169	21.865121264837985	28.988832028646765
34	27.344210398462266	22.506068222436582	21.4345377450826	28.715183634018548
35	27.518906762412943	22.326897407999834	21.293243113844802	28.860952715742417
36	26.77696753230647	22.165430628932377	21.39310133855859	29.66450050020256
37	26.972683655330844	21.945528900859546	21.08102988299828	30.000757560811337
38	28.718387284893517	20.454633919170753	20.56974401044812	30.257234785487615
39	27.441842436885032	22.321897899918998	20.21158055111545	30.02467911208052
>>END_MODULE
>>Per base GC content	pass
#Base	%GC
1	53.11024917467676
2	53.26295887618513
3	54.42617140631738
4	54.98555001519867
5	54.65422378486136
6	54.96063929534715
7	55.35717843240961
8	55.267448428945734
9	55.290037575744336
10	55.295235007457954
11	54.767081154482135
12	55.306794673974025
13	55.39551250371934
14	55.25849952797359
15	55.16877755763445
16	55.476614931201105
17	55.24277066971197
18	55.321808584132846
19	55.498272235528646
20	54.729413832526696
21	55.08938618572456
22	55.368794330798934
23	55.02062263785966
24	55.54998949267282
25	55.84918322400786
26	55.31471533497809
27	55.546310321537064
28	55.60002782674414
29	55.18730997643403
30	55.657392370587964
31	55.61288082634505
32	55.36219913537872
33	55.71512643817032
34	56.05939403248081
35	56.37985947815536
36	56.441468032509036
37	56.97344121614217
38	58.97562207038113
39	57.46652154896555
>>END_MODULE
>>Per sequence GC content	pass
#GC Content	Count
0	4586.0
1	3056.5
2	1527.0
3	1527.0
4	1340.0
5	1153.0
6	1228.0
7	1279.0
8	1255.0
9	1350.5
10	1446.0
11	1446.0
12	1878.5
13	2357.5
14	3356.0
15	4365.0
16	4450.0
17	5958.0
18	7639.5
19	10751.5
20	13706.0
21	13886.5
22	18701.5
23	23439.0
24	32218.0
25	41020.5
26	41717.5
27	54124.0
28	66141.0
29	88332.0
30	111203.5
31	112332.5
32	150614.0
33	190804.5
34	193295.0
35	231617.5
36	271932.5
37	332730.5
38	394734.5
39	401866.5
40	468397.5
41	535717.0
42	609801.5
43	683073.5
44	690200.0
45	764635.0
46	838373.5
47	910643.5
48	980035.0
49	983059.5
50	1036015.0
51	1087783.0
52	1089620.0
53	1102009.0
54	1114775.5
55	1090411.0
56	1062413.0
57	1056352.0
58	1016683.5
59	978469.0
60	916272.0
61	852299.5
62	848904.5
63	790193.0
64	727338.0
65	672720.0
66	621148.5
67	617349.0
68	559588.5
69	502964.0
70	499256.0
71	444873.5
72	390993.5
73	347952.5
74	304550.0
75	301737.5
76	263727.5
77	224931.5
78	195411.0
79	166004.0
80	163559.5
81	140260.5
82	116763.5
83	98593.5
84	81497.0
85	80216.5
86	67619.5
87	55727.0
88	45562.0
89	35620.0
90	35377.0
91	28221.5
92	21309.0
93	20812.0
94	15905.5
95	11496.0
96	8066.0
97	4636.0
98	4636.0
99	3150.0
100	1664.0
>>END_MODULE
>>Per base N content	pass
#Base	N-Count
1	0.0
2	0.0
3	0.0
4	0.0
5	0.0
6	0.0
7	0.0
8	0.0
9	0.0
10	0.0
11	0.0
12	0.0
13	0.0
14	0.0
15	0.0
16	0.0
17	0.0
18	0.0
19	0.0
20	0.0
21	0.0
22	0.0
23	0.0
24	0.0
25	0.0
26	0.0
27	0.0
28	0.0
29	0.0
30	0.0
31	0.0
32	0.0
33	0.0
34	0.0
35	0.0
36	0.0
37	0.0
38	0.0
39	0.0
>>END_MODULE
>>Sequence Length Distribution	warn
#Length	Count
35	353356.0
36	386469.0
37	224842.0
38	132084.0
39	1.1351705E7
>>END_MODULE
>>Sequence Duplication Levels	fail
#Total Duplicate Percentage	76.8899527334921
#Duplication Level	Relative count
1	100.0
2	52.65588914549654
3	29.08531037861292
4	18.48274896773742
5	13.162222688781581
6	10.385611309398838
7	8.667506473511093
8	7.003639162992512
9	6.284554552452936
10++	104.1920358317587
>>END_MODULE
>>Overrepresented sequences	pass
>>END_MODULE
>>Kmer Content	warn
#Sequence	Count	Obs/Exp Overall	Obs/Exp Max	Max Obs/Exp Position
CAGCA	1599885	3.3067048	3.698158	27
CTTCT	1161970	3.082754	3.4601433	1
CATCA	1199520	3.0214949	3.5337892	1
>>END_MODULE
